   0.0003313455
   0.0121481240
   0.0136931594
  -0.0090728305
  -0.0070263931
  -0.0094461235
  -0.0101484845
   0.0155726139
  -0.0129640475
  -0.0004615466
  -0.0113041596
  -0.0087884296
   0.0176135360
   0.0152060900
  -0.0098870096
  -0.0044566127
   0.0009390200
   0.0122940746
   0.0100454934
   0.0004436410
   0.0103628599
  -0.0021655438
   0.0125717993
   0.0115313564
  -0.0152388825
  -0.0204993117
  -0.0330826363
  -0.0272705209
  -0.0190577761
  -0.0381074890
  -0.0411198491
  -0.0353458043
  -0.0159443423
  -0.0389560521
  -0.0434451002
  -0.0418415226
  -0.0286241412
  -0.0189067568
  -0.0385711662
  -0.0415655823
  -0.0363327190
  -0.0214346596
  -0.0341006997
  -0.0289605695
  -0.0074292357
  -0.0174460075
  -0.0014357489
   0.0054314467
  -0.0027333962
   0.0071414264
   0.0004319403
  -0.0031812145
   0.0039737611
  -0.0007587055
   0.0004831273
  -0.0111403195
   0.0052580200
  -0.0119842679
   0.0019552528
  -0.0018867591
  -0.0152874513
  -0.0024481464
  -0.0285782534
  -0.0215723593
  -0.0355953148
  -0.0421190160
  -0.0237892614
  -0.0325826046
  -0.0481113268
  -0.0387547168
  -0.0356863563
  -0.0408644939
  -0.0210041534
  -0.0117214715
  -0.0278001492
  -0.0188205296
  -0.0141727048
  -0.0019567124
  -0.0030212088
   0.0082041917
  -0.0040666193
   0.0061585014
  -0.0058675776
  -0.0029810213
  -0.0038219683
   0.0018188008
   0.0061733654
   0.0061214137
   0.0051057654
   0.0038410165
  -0.0044637318
  -0.0016172948
   0.0023528111
   0.0045081674
   0.0054868301
   0.0042705215
   0.0056831108
  -0.0030852583
  -0.0009343813
   0.0330153941
   0.0185585632
   0.0422306917
   0.0309571554
   0.0352645358
   0.0428352319
   0.0315166083
   0.0361295864
   0.0348951609
   0.0196748754
   0.0172655785
   0.0187403122
   0.0008797506
   0.0047691725
  -0.0094259937
   0.0066354825
   0.0052622963
  -0.0080737163
   0.0069094753
   0.0048846986
  -0.0015087071
   0.0052377339
   0.0169130025
   0.0113294379
   0.0275548941
   0.0217087659
   0.0172642916
   0.0067004771
   0.0276492786
   0.0214154152
   0.0168993670
   0.0061678759
   0.0161892026
   0.0103333423
   0.0154943050
   0.0186195694
   0.0227905120
   0.0236467022
   0.0241131492
   0.0260184544
   0.0230547844
   0.0234709571
   0.0237365573
   0.0251947312
   0.0157666375
   0.0177860226
  -0.0035686783
   0.0082308866
   0.0155437072
  -0.0142901955
   0.0113845311
   0.0203758429
  -0.0167571820
   0.0108726737
   0.0199529774
  -0.0079149629
   0.0069001162
   0.0145225357
   0.0017825748
   0.0082334018
  -0.0043298021
  -0.0028461513
  -0.0054803360
  -0.0056540738
   0.0101384501
  -0.0071076595
   0.0036534147
  -0.0069939527
   0.0045393049
  -0.0067217276
  -0.0044689318
   0.0134482705
   0.0116226853
   0.0092608541
  -0.0046678640
  -0.0010287900
   0.0022929636
   0.0061844544
   0.0054346755
  -0.0012129485
   0.0056093862
  -0.0028838083
   0.0065851722
   0.0057199069
  -0.0106396578
  -0.0137452524
  -0.0234206669
  -0.0188592503
  -0.0119829325
  -0.0273972251
  -0.0304972108
  -0.0249829570
  -0.0074976544
  -0.0276705790
  -0.0332846021
  -0.0326526744
  -0.0243320228
  -0.0071276086
  -0.0277656877
  -0.0334394628
  -0.0328706969
  -0.0250039348
  -0.0116977650
  -0.0277987562
  -0.0310453462
  -0.0261597855
  -0.0144083057
  -0.0243375367
  -0.0203882519
  -0.0122666324
  -0.0014550228
   0.0015998333
  -0.0037792111
   0.0032716945
  -0.0001068431
  -0.0041209924
   0.0010873202
  -0.0036157018
  -0.0022572859
  -0.0112289499
   0.0020508960
  -0.0101064074
  -0.0010009506
  -0.0029424494
  -0.0117700429
  -0.0048346905
  -0.0199890740
  -0.0161263902
  -0.0246571366
  -0.0290268783
  -0.0182969536
  -0.0293891519
  -0.0347991446
  -0.0249834981
  -0.0294489194
  -0.0344272823
  -0.0241704964
  -0.0247481639
  -0.0279870330
  -0.0161115876
  -0.0099815091
  -0.0194357482
  -0.0142821906
  -0.0110064726
  -0.0027485989
  -0.0050265317
   0.0021012815
   0.0044111051
  -0.0047878818
  -0.0029170959
   0.0028456385
  -0.0061425176
  -0.0035994860
  -0.0024296354
   0.0007748543
   0.0043557289
   0.0041316857
   0.0129531850
   0.0035315456
   0.0024902225
  -0.0041362321
  -0.0029854620
  -0.0018617919
  -0.0000821294
   0.0015620378
   0.0029641522
   0.0011068640
   0.0030293888
  -0.0041553729
  -0.0014361124
   0.0227244903
   0.0148700774
   0.0304916738
   0.0226150388
   0.0264016746
   0.0333768177
   0.0265167522
   0.0198348051
   0.0307914563
   0.0313229627
   0.0233669993
   0.0275328591
   0.0243972890
   0.0160074403
   0.0160876173
  -0.0000325450
   0.0017469275
  -0.0055254565
   0.0032892904
   0.0011595918
  -0.0141848510
   0.0010950853
   0.0047577498
  -0.0021940186
  -0.0042593096
   0.0035736227
   0.0004870810
  -0.0016770418
   0.0019998696
   0.0107976280
   0.0037140995
   0.0180203531
   0.0148357646
   0.0095126984
  -0.0016547704
   0.0194121160
   0.0160934445
   0.0115002641
   0.0025634879
   0.0176882162
   0.0143909963
   0.0089515895
  -0.0026713250
   0.0099941739
   0.0026109133
   0.0136226258
   0.0135210016
   0.0175129593
   0.0179320180
   0.0186680071
   0.0191055341
   0.0194606564
   0.0197220353
   0.0201499333
   0.0208888865
   0.0181056232
   0.0177982712
   0.0182628215
   0.0183642781
   0.0130816092
   0.0123515647
   0.0026102485
   0.0098192785
   0.0040539477
   0.0131636729
   0.0189079892
  -0.0036181502
   0.0101583389
   0.0169570245
   0.0029950111
   0.0125742395
   0.0175834385
   0.0008961072
   0.0089814191
   0.0020600792
   0.0072591337
  -0.0022483581
  -0.0007244914
  -0.0040511751
  -0.0013381803
   0.0105717957
  -0.0031481262
   0.0062515224
  -0.0029358154
   0.0070045386
  -0.0044275858
  -0.0001702661
   0.0131916436
   0.0097616932
  -0.0024041253
   0.0006783588
   0.0025141574
   0.0030110954
   0.0029821077
  -0.0054360633
  -0.0017711005
   0.0032295614
   0.0031325256
  -0.0029047965
   0.0035759791
   0.0027310121
  -0.0077110353
  -0.0095771106
  -0.0178749374
  -0.0138980984
  -0.0069912744
  -0.0202334810
  -0.0239626327
  -0.0209044155
  -0.0021567962
  -0.0199917079
  -0.0259851269
  -0.0262550975
  -0.0208475818
  -0.0017367394
  -0.0200216042
  -0.0261056754
  -0.0264405130
  -0.0212979900
  -0.0065296744
  -0.0204801212
  -0.0244133632
  -0.0217668506
  -0.0116581208
  -0.0099385844
  -0.0186208020
  -0.0152266922
  -0.0089059495
  -0.0013194433
   0.0000675104
  -0.0032802960
   0.0015220151
  -0.0003564271
  -0.0040665100
  -0.0001698040
  -0.0038956065
  -0.0031768434
  -0.0097819226
   0.0006480394
  -0.0081976965
  -0.0020943211
  -0.0030335697
  -0.0091257954
  -0.0048895719
  -0.0144983270
  -0.0122568281
  -0.0176851543
  -0.0207444676
  -0.0141952284
  -0.0213535479
  -0.0253852085
  -0.0189197455
  -0.0194987532
  -0.0267231743
  -0.0243775939
  -0.0126785497
  -0.0214469848
  -0.0249353844
  -0.0179330365
  -0.0177604489
  -0.0199287548
  -0.0125563943
  -0.0080303680
  -0.0140967536
  -0.0109647916
  -0.0085914534
  -0.0026332364
  -0.0048756958
   0.0015632731
   0.0025300333
  -0.0044357504
   0.0103384296
  -0.0025368452
   0.0087951261
  -0.0039837468
   0.0012978684
  -0.0054624061
  -0.0033316156
  -0.0013030097
   0.0007389838
   0.0035905471
   0.0032793664
   0.0091839753
   0.0111079780
   0.0169450376
   0.0089728852
   0.0095221055
   0.0029143022
   0.0020468631
  -0.0039893639
  -0.0017840726
  -0.0015355733
  -0.0008123346
   0.0003437991
   0.0019346328
   0.0073538455
   0.0069649714
  -0.0001877562
   0.0018365094
  -0.0035578116
  -0.0013086236
   0.0173101544
   0.0095128394
   0.0237442779
   0.0172933993
   0.0213815105
   0.0261760533
   0.0203763136
   0.0172388750
   0.0247546788
   0.0244336779
   0.0179252810
   0.0222812904
   0.0186545278
   0.0104312411
   0.0000421984
  -0.0039003186
   0.0015949422
  -0.0010527368
  -0.0095319634
   0.0004163592
   0.0023810925
  -0.0030354369
   0.0017671040
  -0.0017607434
   0.0003197103
   0.0085462209
   0.0016946637
   0.0168642820
   0.0136214605
   0.0101387617
   0.0039519687
  -0.0085636680
   0.0185369719
   0.0146833809
   0.0113834661
   0.0061140466
  -0.0040582298
   0.0166593615
   0.0132846170
   0.0097260398
   0.0033672081
   0.0078404319
   0.0114588103
   0.0115000077
   0.0151591018
   0.0148429783
   0.0154943494
   0.0159533808
   0.0173157859
   0.0167149796
   0.0163688461
   0.0167855152
   0.0172754709
   0.0194469207
   0.0148391634
   0.0152276004
   0.0154701315
   0.0163654132
   0.0110013249
   0.0104819508
   0.0005075846
  -0.0011325928
   0.0085485231
   0.0142214511
  -0.0096231947
   0.0049859384
   0.0121801231
  -0.0024337497
   0.0079296391
   0.0133676640
  -0.0012093785
   0.0067959588
   0.0018314230
   0.0051943159
  -0.0010612074
   0.0003646738
  -0.0025939459
   0.0008031146
   0.0082281455
  -0.0008339996
   0.0063944776
  -0.0017570752
   0.0018454600
   0.0108904958
  -0.0017011698
  -0.0003958517
   0.0074394389
  -0.0023977626
   0.0019668702
   0.0103335192
   0.0068981961
  -0.0009808941
   0.0014342985
   0.0022465134
   0.0012806287
   0.0015636198
  -0.0040614299
  -0.0019240513
   0.0021940609
   0.0052589199
   0.0017113732
  -0.0027315646
   0.0018778081
   0.0024416233
   0.0011180581
  -0.0058285664
  -0.0069345059
  -0.0130937542
  -0.0101869710
  -0.0050239497
  -0.0144125897
  -0.0180011114
  -0.0167860560
  -0.0106304758
  -0.0008520253
  -0.0142916869
  -0.0198517158
  -0.0207903525
  -0.0176035590
   0.0018031994
  -0.0134027743
  -0.0198959344
  -0.0218682213
  -0.0205488676
  -0.0147680147
  -0.0002590755
  -0.0142834263
  -0.0200099482
  -0.0210560699
  -0.0181298746
  -0.0046250677
  -0.0145933985
  -0.0184194503
  -0.0175044290
  -0.0120834983
  -0.0072038710
  -0.0137362183
  -0.0112903755
  -0.0067063364
  -0.0012739158
  -0.0006299069
  -0.0026676007
   0.0005442906
  -0.0005853278
  -0.0037496182
  -0.0008075819
  -0.0035331187
  -0.0033844847
  -0.0027640541
  -0.0009910328
  -0.0082265190
  -0.0018844514
  -0.0012837431
  -0.0000854273
  -0.0066736205
  -0.0024533851
  -0.0028683637
  -0.0072015770
  -0.0043572269
  -0.0108750659
  -0.0095358082
  -0.0131144049
  -0.0153509042
  -0.0111939990
  -0.0106189489
  -0.0177333983
  -0.0184564867
  -0.0130634686
  -0.0177103525
  -0.0208919309
  -0.0175948442
  -0.0083333899
  -0.0177507014
  -0.0207532718
  -0.0172909318
  -0.0111711596
  -0.0176388047
  -0.0179098472
  -0.0120231587
  -0.0131746542
  -0.0147193269
  -0.0099676470
  -0.0064363082
  -0.0105808337
  -0.0086019540
  -0.0068212854
  -0.0023177668
  -0.0042310340
   0.0012822540
   0.0014801412
  -0.0038625488
   0.0073507655
   0.0044802378
  -0.0028823205
   0.0061424389
   0.0032246630
  -0.0039813175
   0.0005001298
  -0.0046531336
  -0.0028906235
  -0.0006217579
   0.0007781728
   0.0030735555
   0.0027267572
   0.0068125262
   0.0083379145
   0.0083522084
   0.0116326577
   0.0065598620
   0.0075080666
   0.0071208589
   0.0024987858
   0.0017687144
  -0.0033574027
  -0.0010424286
  -0.0012181848
  -0.0010660837
  -0.0002065999
   0.0013933652
  -0.0001094174
   0.0047637750
  -0.0014400260
   0.0042470190
  -0.0007532907
   0.0011731987
  -0.0028192644
  -0.0011340684
   0.0124703549
   0.0066394668
   0.0176258153
   0.0122608007
   0.0159807274
   0.0204745090
   0.0157386331
   0.0145624075
   0.0197641404
   0.0207243468
   0.0159746371
   0.0149636421
   0.0200669865
   0.0183641696
   0.0129265937
   0.0169316165
   0.0136223489
   0.0073988001
  -0.0011462845
  -0.0048620733
  -0.0000896372
  -0.0012348496
  -0.0067359033
  -0.0002308182
   0.0008515986
  -0.0062630589
  -0.0000679774
   0.0008245144
  -0.0038835623
   0.0001501311
  -0.0018070184
  -0.0007897209
   0.0063223388
   0.0107729176
   0.0076306091
   0.0022643770
   0.0136638671
   0.0108536324
   0.0074067054
   0.0017363909
   0.0135575672
   0.0107163336
   0.0072371500
   0.0014880569
   0.0104006372
   0.0071782294
   0.0016171588
   0.0091875375
   0.0118995316
   0.0125565599
   0.0129791369
   0.0142716478
   0.0136911697
   0.0140464052
   0.0144728256
   0.0154164631
   0.0144923926
   0.0136816474
   0.0139540986
   0.0143150333
   0.0151462653
   0.0118653912
   0.0122595042
   0.0124511585
  -0.0018961428
   0.0060972881
   0.0011307096
   0.0082645235
   0.0136837531
   0.0007174020
   0.0079958189
   0.0132621471
  -0.0033535880
   0.0053484865
   0.0099752875
  -0.0018169002
