   2.3969670624   -0.6736589596    1.8572964263
   3.3769670624   -0.6736589596    1.5947062177
   2.8869670624    0.1750459361    1.5947062177
   1.9069670624   -1.5223638553    1.5947062177
   2.8869670624   -1.5223638553    1.5947062177
   1.8724385904   -2.2879916026    0.8772964263
   2.9214955343   -2.2879916026    0.8772964263
   3.7702004301   -1.6713714021    0.8772964263
   2.3969670624   -2.6336589596   -0.1027035737
   3.3769670624   -2.3710687511   -0.1027035737
   1.8724385904   -2.2879916026   -1.0827035737
   2.9214955343   -2.2879916026   -1.0827035737
   3.3769670624   -0.6736589596   -1.8001133652
   2.8869670624    0.1750459361   -1.8001133652
   1.9069670624   -1.5223638553   -1.8001133652
   2.8869670624   -1.5223638553   -1.8001133652
   2.3969670624   -0.6736589596   -2.0627035737
   1.6157679958    0.3993051388    2.0228370412
   2.6657679958    0.3993051388    1.7414903892
   1.0907679958    1.3086318127    1.7414903892
   2.6657679958    0.3993051388   -1.8958163067
   1.0907679958    1.3086318127   -1.8958163067
   1.0907679958   -0.5100215352   -1.8958163067
   1.6157679958    0.3993051388   -2.1771629588
   2.0533066033    1.5057098021    1.8526658081
   3.0333066033    1.5057098021    1.5900755995
   2.5433066033    2.3544146978    1.5900755995
   1.5633066033    2.3544146978    1.5900755995
   3.7507163947    1.5057098021    0.8726658081
   3.4265399709    2.5034222446    0.8726658081
   2.5778350752    3.1200424451    0.8726658081
   1.5287781313    3.1200424451    0.8726658081
   4.0133066033    1.5057098021   -0.1073341919
   3.7507163947    2.4857098021   -0.1073341919
   3.0333066033    3.2031195935   -0.1073341919
   2.0533066033    3.4657098021   -0.1073341919
   1.0733066033    3.2031195935   -0.1073341919
   3.7507163947    1.5057098021   -1.0873341919
   3.4265399709    2.5034222446   -1.0873341919
   2.5778350752    3.1200424451   -1.0873341919
   1.5287781313    3.1200424451   -1.0873341919
   3.0333066033    1.5057098021   -1.8047439833
   2.5433066033    2.3544146978   -1.8047439833
   1.5633066033    2.3544146978   -1.8047439833
   1.0733066033    1.5057098021   -1.8047439833
   2.0533066033    1.5057098021   -2.0673341919
   0.1697162792    0.0760259297    2.0915787739
   0.6947162792    0.9853526037    1.8102321219
  -0.8802837208    0.0760259297   -1.8270745740
   0.6947162792   -0.8333007443   -1.8270745740
   0.1697162792    0.0760259297   -2.1084212261
  -0.3058602381   -1.2289445832    2.1253248883
   0.7441397619   -1.2289445832    1.8439782362
  -0.8308602381   -0.3196179092    1.8439782362
   0.2191397619   -2.1382712572    1.8439782362
  -0.5646815952   -3.0290866624   -1.0246751117
   0.7441397619   -1.2289445832   -1.7933284597
  -0.8308602381   -2.1382712572   -1.7933284597
   0.2191397619   -2.1382712572   -1.7933284597
  -0.3058602381   -1.2289445832   -2.0746751117
  -1.5892627508   -1.5289179197    2.1864525374
  -1.0642627508   -0.6195912457    1.9051058854
  -2.1142627508   -2.4382445937    1.9051058854
  -1.0642627508   -2.4382445937    1.9051058854
  -2.7802274170   -2.9033644133    1.1364525374
  -1.8480841079   -3.3290599988    1.1364525374
  -0.8337668466   -3.1832231934    1.1364525374
  -3.1611353219   -2.9214755020    0.0864525374
  -2.3339330136   -3.4924520293    0.0864525374
  -1.3361357223   -3.6136065553    0.0864525374
  -2.7802274170   -2.9033644133   -0.9635474626
  -1.8480841079   -3.3290599988   -0.9635474626
  -0.8337668466   -3.1832231934   -0.9635474626
  -2.6392627508   -1.5289179197   -1.7322008105
  -2.1142627508   -2.4382445937   -1.7322008105
  -1.0642627508   -2.4382445937   -1.7322008105
  -1.5892627508   -1.5289179197   -2.0135474626
  -2.4551138381   -0.5314377261    2.2165438890
  -1.4051138381   -0.5314377261    1.9351972370
  -3.5051138381   -0.5314377261    1.9351972370
  -2.9801138381   -1.4407644000    1.9351972370
  -3.5051138381   -0.5314377261   -1.7021094589
  -2.9801138381   -1.4407644000   -1.7021094589
  -2.4551138381   -0.5314377261   -1.9834561110
  -2.0936862730    0.8065204611    2.1876834494
  -1.5686862730    1.7158471351    1.9063367973
  -2.6186862730    1.7158471351    1.9063367973
  -3.1436862730    0.8065204611    1.9063367973
  -2.6186862730    1.7158471351   -1.7309698986
  -3.1436862730    0.8065204611   -1.7309698986
  -2.0936862730    0.8065204611   -2.0123165506
  -0.7507579104    1.1152091466    2.1237671139
   0.2992420896    1.1152091466    1.8424204618
  -0.2257579104    2.0245358206    1.8424204618
  -1.2757579104    2.0245358206    1.8424204618
  -0.2257579104    2.0245358206   -1.7948862341
  -1.2757579104    2.0245358206   -1.7948862341
  -1.2757579104    0.2058824727   -1.7948862341
  -0.7507579104    1.1152091466   -2.0762328861
   4.2856857261   -0.3831888552    1.2127931791
   3.6033543640    0.5559596953    1.2127931791
   4.8959814496   -0.3831888552    0.3727931791
   4.5221731220    0.6438410840    0.3727931791
   4.5221731220   -1.4102187945    0.3727931791
   4.8959814496   -0.3831888552   -0.6655039220
   4.5221731220    0.6438410840   -0.6655039220
   4.5221731220   -1.4102187945   -0.6655039220
   4.2856857261   -0.3831888552   -1.5055039220
   3.6033543640    0.5559596953   -1.5055039220
   3.6033543640   -1.3223374058   -1.5055039220
   3.2982065022   -0.3831888552   -1.8263553715
   1.3673447023   -2.0552771943    1.3609760316
   0.6850133402   -2.9944257448    1.3609760316
  -0.4190219952   -3.4389908882    0.5209760316
   0.6573161864   -3.6287783500    0.5209760316
   1.6038320982   -3.0823071335    0.5209760316
  -0.4190219952   -3.4389908882   -0.5173210695
   0.6573161864   -3.6287783500   -0.5173210695
   1.6038320982   -3.0823071335   -0.5173210695
   1.3673447023   -2.0552771943   -1.3573210695
   0.6850133402   -2.9944257448   -1.3573210695
  -4.2928176391   -0.2290328544    1.5255008330
  -4.2928176391   -1.3898843038    1.5255008330
  -4.2928176391    0.5742551149    0.6855008330
  -4.9953474932   -0.2629873626    0.6855008330
  -4.9953474932   -1.3559297956    0.6855008330
  -4.2928176391   -2.1931722731    0.6855008330
  -4.2928176391    0.5742551149   -0.3527962681
  -4.9953474932   -0.2629873626   -0.3527962681
  -4.9953474932   -1.3559297956   -0.3527962681
  -4.2928176391   -2.1931722731   -0.3527962681
  -4.2928176391   -0.2290328544   -1.1927962681
  -4.2928176391   -1.3898843038   -1.1927962681
  -2.5393251839    2.5130357048    1.4738325812
  -3.6433605194    2.1543128790    1.4738325812
  -2.5670223378    3.1473883100    0.6338325812
  -3.6433605194    2.9576008482    0.6338325812
  -4.3458903734    2.1203583708    0.6338325812
  -4.3458903734    1.0274159378    0.6338325812
  -2.5670223378    3.1473883100   -0.4044645199
  -3.6433605194    2.9576008482   -0.4044645199
  -4.3458903734    2.1203583708   -0.4044645199
  -4.3458903734    1.0274159378   -0.4044645199
  -2.5393251839    2.5130357048   -1.2444645199
  -3.6433605194    2.1543128790   -1.2444645199
   0.5838107616    2.1312876653    1.3576962903
  -0.0985206005    3.0704362158    1.3576962903
  -1.2025559360    2.7117133900    1.3576962903
   0.8202981575    3.1583176045    0.5176962903
  -0.1262177543    3.7047888210    0.5176962903
  -1.2025559360    3.5150013592    0.5176962903
   0.8202981575    3.1583176045   -0.5206008108
  -0.1262177543    3.7047888210   -0.5206008108
  -1.2025559360    3.5150013592   -0.5206008108
   0.5838107616    2.1312876653   -1.3606008108
  -0.0985206005    3.0704362158   -1.3606008108
  -1.2025559360    2.7117133900   -1.3606008108
   2.3969670624   -0.6736589596    2.1372964263
   3.3688666380   -0.6736589596    1.9154666904
   1.9110172746   -1.5153486821    1.9154666904
   2.8829168502   -1.5153486821    1.9154666904
   1.8557848212   -2.3392466340    1.2939135824
   2.9381493036   -2.3392466340    1.2939135824
   3.8138005639   -1.7030487536    1.2939135824
   2.6601997082   -2.8415748413    0.3957433183
   3.6375287400   -2.4709228300    0.3957433183
   2.6601997082   -2.8415748413   -0.6011504658
   3.6375287400   -2.4709228300   -0.6011504658
   1.8557848212   -2.3392466340   -1.4993207299
   2.9381493036   -2.3392466340   -1.4993207299
   3.8138005639   -1.7030487536   -1.4993207299
   3.3688666380   -0.6736589596   -2.1208738378
   2.8829168502    0.1680307628   -2.1208738378
   1.9110172746   -1.5153486821   -2.1208738378
   2.8829168502   -1.5153486821   -2.1208738378
   2.3969670624   -0.6736589596   -2.3427035737
   1.6157679958    0.3993051388    2.3228370412
   2.6570889696    0.3993051388    2.0851623242
   1.0951075088    1.3011155556    2.0851623242
   2.6570889696    0.3993051388   -2.2394882417
   1.0951075088    1.3011155556   -2.2394882417
   1.0951075088   -0.5025052781   -2.2394882417
   1.6157679958    0.3993051388   -2.4771629588
   2.0533066033    1.5057098021    2.1326658081
   3.0252061789    1.5057098021    1.9108360722
   2.5392563911    2.3473995245    1.9108360722
   1.5673568155    2.3473995245    1.9108360722
   3.8046091240    1.5057098021    1.2892829642
   3.4701401048    2.5350995961    1.2892829642
   2.5944888445    3.1712974765    1.2892829642
   1.5121243621    3.1712974765    1.2892829642
   4.2371451266    1.5057098021    0.3911127001
   3.9869995828    2.5205901679    0.3911127001
   3.2938682809    3.3029736725    0.3911127001
   2.3165392491    3.6736256838    0.3911127001
   1.2789067904    3.5476342928    0.3911127001
   4.2371451266    1.5057098021   -0.6057810840
   3.9869995828    2.5205901679   -0.6057810840
   3.2938682809    3.3029736725   -0.6057810840
   2.3165392491    3.6736256838   -0.6057810840
   1.2789067904    3.5476342928   -0.6057810840
   3.8046091240    1.5057098021   -1.5039513481
   3.4701401048    2.5350995961   -1.5039513481
   2.5944888445    3.1712974765   -1.5039513481
   1.5121243621    3.1712974765   -1.5039513481
   3.0252061789    1.5057098021   -2.1255044560
   2.5392563911    2.3473995245   -2.1255044560
   1.5673568155    2.3473995245   -2.1255044560
   2.0533066033    1.5057098021   -2.3473341919
   0.1697162792    0.0760259297    2.3915787739
   0.6903767661    0.9778363466    2.1539040569
  -0.8716046947    0.0760259297   -2.1707465091
   0.6903767661   -0.8257844872   -2.1707465091
   0.1697162792    0.0760259297   -2.4084212261
  -0.3058602381   -1.2289445832    2.4253248883
   0.7354607358   -1.2289445832    2.1876501712
  -0.8265207250   -0.3271341663    2.1876501712
   0.2148002489   -2.1307550001    2.1876501712
  -0.5728991684   -3.0862411399   -1.4710506362
   0.7354607358   -1.2289445832   -2.1370003947
  -0.8265207250   -2.1307550001   -2.1370003947
   0.2148002489   -2.1307550001   -2.1370003947
  -0.3058602381   -1.2289445832   -2.3746751117
  -1.5892627508   -1.5289179197    2.4864525374
  -1.0686022638   -0.6271075028    2.2487778204
  -2.1099232377   -2.4307283366    2.2487778204
  -1.0686022638   -2.4307283366    2.2487778204
  -2.8180405230   -2.9470030639    1.5828280619
  -1.8563016812   -3.3862144764    1.5828280619
  -0.8097798657   -3.2357473551    1.5828280619
  -3.0481210167   -3.3582683234    0.6205027789
  -2.1099232377   -3.8100805612    0.6205027789
  -1.0686022638   -3.8100805612    0.6205027789
  -3.0481210167   -3.3582683234   -0.4475977041
  -2.1099232377   -3.8100805612   -0.4475977041
  -1.0686022638   -3.8100805612   -0.4475977041
  -2.8180405230   -2.9470030639   -1.4099229870
  -1.8563016812   -3.3862144764   -1.4099229870
  -0.8097798657   -3.2357473551   -1.4099229870
  -2.6305837247   -1.5289179197   -2.0758727455
  -2.1099232377   -2.4307283366   -2.0758727455
  -1.0686022638   -2.4307283366   -2.0758727455
  -1.5892627508   -1.5289179197   -2.3135474626
  -2.4551138381   -0.5314377261    2.5165438890
  -1.4137928642   -0.5314377261    2.2788691720
  -2.9757743250    0.3703726908    2.2788691720
  -3.4964348120   -0.5314377261    2.2788691720
  -2.9757743250   -1.4332481429    2.2788691720
  -3.6838916103   -1.9495228703   -1.3798316354
  -3.4964348120   -0.5314377261   -2.0457813939
  -2.9757743250   -1.4332481429   -2.0457813939
  -2.4551138381   -0.5314377261   -2.2834561110
  -2.0936862730    0.8065204611    2.4876834494
  -1.5730257860    1.7083308780    2.2500087323
  -2.6143467599    1.7083308780    2.2500087323
  -3.1350072468    0.8065204611    2.2500087323
  -2.3607252033    2.6638170178   -1.4086920751
  -2.6143467599    1.7083308780   -2.0746418336
  -3.1350072468    0.8065204611   -2.0746418336
  -1.5730257860   -0.0952899558   -2.0746418336
  -2.0936862730    0.8065204611   -2.3123165506
  -0.7507579104    1.1152091466    2.4237671139
   0.2905630635    1.1152091466    2.1860923968
  -0.2300974235    2.0170195635    2.1860923968
  -1.2714183974    2.0170195635    2.1860923968
  -0.2300974235    2.0170195635   -2.1385581691
  -1.2714183974    2.0170195635   -2.1385581691
  -1.2714183974    0.2133987298   -2.1385581691
  -0.7507579104    1.1152091466   -2.3762328861
   4.2582065022   -0.3831888552    1.5164134038
   3.7782065022    0.4481955324    1.5164134038
   4.9609752775   -0.3831888552    0.8136446285
   4.6434146992    0.5941621089    0.8136446285
   4.6434146992   -1.3605398193    0.8136446285
   5.2182065022   -0.3831888552   -0.1463553715
   4.9609752775    0.5768111448   -0.1463553715
   4.2582065022   -2.0459576305   -0.1463553715
   4.9609752775   -1.3431888552   -0.1463553715
   4.9609752775   -0.3831888552   -1.1063553715
   4.6434146992    0.5941621089   -1.1063553715
   4.6434146992   -1.3605398193   -1.1063553715
   4.2582065022   -0.3831888552   -1.8091241467
   3.7782065022    0.4481955324   -1.8091241467
   3.7782065022   -1.2145732428   -1.8091241467
   1.3398654785   -2.0552771943    1.6645962563
   0.8598654785   -2.8866615819    1.6645962563
  -0.1339583308   -3.6366642731    0.9618274811
   0.8936892877   -3.6366642731    0.9618274811
   1.7250736754   -3.0326281584    0.9618274811
  -0.5801345215   -3.7180459695    0.0018274811
   0.3798654785   -3.9752771943    0.0018274811
   1.3398654785   -3.7180459695    0.0018274811
   2.0426342537   -3.0152771943    0.0018274811
  -0.1339583308   -3.6366642731   -0.9581725189
   0.8936892877   -3.6366642731   -0.9581725189
   1.7250736754   -3.0326281584   -0.9581725189
   1.3398654785   -2.0552771943   -1.6609412942
   0.8598654785   -2.8866615819   -1.6609412942
  -4.4539301654   -0.8094585791    1.8291210577
  -3.9739301654   -1.6408429667    1.8291210577
  -4.8391383624    0.1678923850    1.1263522824
  -5.1566989407   -0.8094585791    1.1263522824
  -4.8391383624   -1.7868095432    1.1263522824
  -4.0077539747   -2.3908456579    1.1263522824
  -5.1566989407    0.1505414209    0.1663522824
  -5.4139301654   -0.8094585791    0.1663522824
  -5.1566989407   -1.7694585791    0.1663522824
  -4.4539301654   -2.4722273544    0.1663522824
  -4.8391383624    0.1678923850   -0.7936477176
  -5.1566989407   -0.8094585791   -0.7936477176
  -4.8391383624   -1.7868095432   -0.7936477176
  -4.0077539747   -2.3908456579   -0.7936477176
  -4.4539301654   -0.8094585791   -1.4964164928
  -3.9739301654   -1.6408429667   -1.4964164928
  -3.3244730457    2.4052715419    1.7774528059
  -3.8044730457    1.5738871543    1.7774528059
  -2.3306492364    3.1552742331    1.0746840307
  -3.3582968550    3.1552742331    1.0746840307
  -4.1896812426    2.5512381184    1.0746840307
  -4.5072418210    1.5738871543    1.0746840307
  -2.8444730457    3.4938871543    0.1146840307
  -3.8044730457    3.2366559295    0.1146840307
  -4.5072418210    2.5338871543    0.1146840307
  -4.7644730457    1.5738871543    0.1146840307
  -2.3306492364    3.1552742331   -0.8453159693
  -3.3582968550    3.1552742331   -0.8453159693
  -4.1896812426    2.5512381184   -0.8453159693
  -4.5072418210    1.5738871543   -0.8453159693
  -3.3244730457    2.4052715419   -1.5480847446
  -3.8044730457    1.5738871543   -1.5480847446
   0.0763315377    2.9626720529    1.6613165150
  -0.8836684623    2.9626720529    1.6613165150
   0.1101553470    3.7126747441    0.9585477397
  -0.9174922716    3.7126747441    0.9585477397
  -1.7488766592    3.1086386293    0.9585477397
   0.5563315377    3.7940564405   -0.0014522603
  -0.4036684623    4.0512876653   -0.0014522603
  -1.3636684623    3.7940564405   -0.0014522603
   0.1101553470    3.7126747441   -0.9614522603
  -0.9174922716    3.7126747441   -0.9614522603
  -1.7488766592    3.1086386293   -0.9614522603
   0.0763315377    2.9626720529   -1.6642210356
  -0.8836684623    2.9626720529   -1.6642210356
   2.3969670624   -0.6736589596    2.4172964263
   3.4903540850   -0.6736589596    2.1677379734
   1.8502735511   -1.6205598974    2.1677379734
   2.9436605737   -1.6205598974    2.1677379734
   2.1165761855   -2.6238203442    1.4684907269
   3.2154240917   -2.4658298668    1.4684907269
   4.0544176741   -1.7388377894    1.4684907269
   2.9436605737   -3.0688797332    0.4580491798
   3.9287682416   -2.5944768835    0.4580491798
   2.9436605737   -3.0688797332   -0.6634563273
   3.9287682416   -2.5944768835   -0.6634563273
   2.1165761855   -2.6238203442   -1.6738978744
   3.2154240917   -2.4658298668   -1.6738978744
   4.0544176741   -1.7388377894   -1.6738978744
   3.4903540850   -0.6736589596   -2.3731451209
   1.8502735511   -1.6205598974   -2.3731451209
   2.9436605737   -1.6205598974   -2.3731451209
   2.3969670624   -0.6736589596   -2.6227035737
   1.6157679958    0.3993051388    2.6228370412
   2.6490132632    0.3993051388    2.4173117790
   2.1323906295    1.2941217887    2.4173117790
   1.0991453621    1.2941217887    2.4173117790
   2.1323906295   -0.4955115111    2.4173117790
   2.6490132632    0.3993051388   -2.5716376965
   1.0991453621    1.2941217887   -2.5716376965
   1.0991453621   -0.4955115111   -2.5716376965
   1.6157679958    0.3993051388   -2.7771629588
   2.0533066033    1.5057098021    2.4126658081
   3.1466936258    1.5057098021    2.1631073552
   2.6000001146    2.4526107398    2.1631073552
   1.5066130920    2.4526107398    2.1631073552
   4.0235219391    1.5057098021    1.4638601088
   3.7107572150    2.5708886318    1.4638601088
   2.8717636326    3.2978807093    1.4638601088
   1.7729157264    3.4558711866    1.4638601088
   4.5101249420    1.5057098021    0.4534185616
   4.2668234405    2.5716833292    0.4534185616
   3.5851077825    3.4265277260    0.4534185616
   2.6000001146    3.9009305757    0.4534185616
   1.5066130920    3.9009305757    0.4534185616
   4.5101249420    1.5057098021   -0.6680869455
   4.2668234405    2.5716833292   -0.6680869455
   3.5851077825    3.4265277260   -0.6680869455
   2.6000001146    3.9009305757   -0.6680869455
   1.5066130920    3.9009305757   -0.6680869455
   4.0235219391    1.5057098021   -1.6785284926
   3.7107572150    2.5708886318   -1.6785284926
   2.8717636326    3.2978807093   -1.6785284926
   1.7729157264    3.4558711866   -1.6785284926
   0.7630899424    2.9946992035   -1.6785284926
   3.1466936258    1.5057098021   -2.3777757390
   2.6000001146    2.4526107398   -2.3777757390
   1.5066130920    2.4526107398   -2.3777757390
   2.0533066033    1.5057098021   -2.6273341919
   0.1697162792    0.0760259297    2.6915787739
   0.6863389129    0.9708425796    2.4860535117
  -0.8635289882    0.0760259297   -2.5028959639
   0.6863389129   -0.8187907202   -2.5028959639
   0.1697162792    0.0760259297   -2.7084212261
  -0.3058602381   -1.2289445832    2.7253248883
   0.7273850293   -1.2289445832    2.5197996260
  -0.8224828718   -0.3341279333    2.5197996260
   0.2107623956   -2.1237612331    2.5197996260
  -0.5775660635   -3.1187001082   -1.8838634209
   0.7273850293   -1.2289445832   -2.4691498495
  -0.8224828718   -2.1237612331   -2.4691498495
   0.2107623956   -2.1237612331   -2.4691498495
  -0.3058602381   -1.2289445832   -2.6746751117
  -1.5892627508   -1.5289179197    2.7864525374
  -1.0726401171   -0.6341012698    2.5809272752
  -2.1058853845   -2.4237345696    2.5809272752
  -1.0726401171   -2.4237345696    2.5809272752
  -2.8395152082   -2.9717861717    1.9956408466
  -1.8609685762   -3.4186734447    1.9956408466
  -0.7961572645   -3.2655766909    1.9956408466
  -3.1445423108   -3.4791768019    1.1196978048
  -2.1443355992   -3.9608509678    1.1196978048
  -1.0341899024   -3.9608509678    1.1196978048
  -3.4984510600   -3.4381062289    0.0864525374
  -2.6225080182   -4.0233926575    0.0864525374
  -1.5892627508   -4.2289179197    0.0864525374
  -0.5560174834   -4.0233926575    0.0864525374
  -3.1445423108   -3.4791768019   -0.9467927300
  -2.1443355992   -3.9608509678   -0.9467927300
  -1.0341899024   -3.9608509678   -0.9467927300
  -2.8395152082   -2.9717861717   -1.8227357718
  -1.8609685762   -3.4186734447   -1.8227357718
  -0.7961572645   -3.2655766909   -1.8227357718
  -2.6225080182   -1.5289179197   -2.4080222004
  -2.1058853845   -2.4237345696   -2.4080222004
  -1.0726401171   -2.4237345696   -2.4080222004
  -1.5892627508   -1.5289179197   -2.6135474626
  -2.4551138381   -0.5314377261    2.8165438890
  -1.4218685707   -0.5314377261    2.6110186268
  -2.9717364718    0.3633789238    2.6110186268
  -3.4883591055   -0.5314377261    2.6110186268
  -2.9717364718   -1.4262543759    2.6110186268
  -4.2869666061    0.0064427778    2.0257321983
  -3.7053662955   -1.9743059781    2.0257321983
  -4.2869666061    0.0064427778   -1.7926444202
  -3.7053662955   -1.9743059781   -1.7926444202
  -3.4883591055   -0.5314377261   -2.3779308487
  -2.9717364718   -1.4262543759   -2.3779308487
  -2.4551138381   -0.5314377261   -2.5834561110
  -2.0936862730    0.8065204611    2.7876834494
  -1.5770636393    1.7013371110    2.5821581871
  -2.6103089067    1.7013371110    2.5821581871
  -3.1269315403    0.8065204611    2.5821581871
  -2.3653920984    2.6962759861    1.9968717586
  -3.9255390409    1.3444009649    1.9968717586
  -4.5881610107    0.8065204611   -0.9455618180
  -2.3653920984    2.6962759861   -1.8215048598
  -3.9255390409    1.3444009649   -1.8215048598
  -2.6103089067    1.7013371110   -2.4067912884
  -3.1269315403    0.8065204611   -2.4067912884
  -1.5770636393   -0.0882961888   -2.4067912884
  -2.0936862730    0.8065204611   -2.6123165506
  -0.7507579104    1.1152091466    2.7237671139
   0.2824873570    1.1152091466    2.5182418516
  -0.2341352767    2.0100257965    2.5182418516
  -1.2673805441    2.0100257965    2.5182418516
  -1.0224637359    3.0049646717    1.9329554231
  -1.0224637359    3.0049646717   -1.8854211954
  -0.2341352767    2.0100257965   -2.4707076239
  -1.2673805441    2.0100257965   -2.4707076239
  -1.2673805441    0.2203924967   -2.4707076239
  -0.7507579104    1.1152091466   -2.6762328861
   4.3782065022   -0.3831888552    1.7242595007
   3.8382065022    0.5521185809    1.7242595007
   5.1688213744   -0.3831888552    0.9336446285
   4.8718678720    0.6281418984    0.9336446285
   4.8718678720   -1.3945196088    0.9336446285
   5.4582065022   -0.3831888552   -0.1463553715
   5.2107915177    0.6206131964   -0.1463553715
   4.5252263552   -2.1608340055   -0.1463553715
   5.2107915177   -1.3869909068   -0.1463553715
   5.1688213744   -0.3831888552   -1.2263553715
   4.8718678720    0.6281418984   -1.2263553715
   4.8718678720   -1.3945196088   -1.2263553715
   4.3782065022   -0.3831888552   -2.0169702437
   3.8382065022    0.5521185809   -2.0169702437
   0.9198654785   -2.9905846304    1.8724423532
   0.1136492254   -3.9068519043    1.0818274811
   1.1569469799   -3.7568483330    1.0818274811
   1.9535268482   -3.0666079479    1.0818274811
  -0.3860810776   -4.0749122785    0.0018274811
   0.6402247078   -4.1995283623    0.0018274811
   1.6068853314   -3.8329223446    0.0018274811
   0.1136492254   -3.9068519043   -1.0781725189
   1.1569469799   -3.7568483330   -1.0781725189
   1.9535268482   -3.0666079479   -1.0781725189
   0.9198654785   -2.9905846304   -1.8687873911
  -4.5739301654   -0.8094585791    2.0369671546
  -4.0339301654   -1.7447660152    2.0369671546
  -4.7189223936    0.6042578143    1.2463522824
  -5.2887719916   -0.2824454683    1.2463522824
  -5.2887719916   -1.3364716899    1.2463522824
  -4.7189223936   -2.2231749725    1.2463522824
  -3.7601464185   -2.6610332891    1.2463522824
  -5.1107133815    0.6228863627    0.1663522824
  -5.5911644911   -0.2925367442    0.1663522824
  -5.5911644911   -1.3263804140    0.1663522824
  -5.1107133815   -2.2418035209    0.1663522824
  -4.2598767215   -2.8290936633    0.1663522824
  -4.7189223936    0.6042578143   -0.9136477176
  -5.2887719916   -0.2824454683   -0.9136477176
  -5.2887719916   -1.3364716899   -0.9136477176
  -4.7189223936   -2.2231749725   -0.9136477176
  -4.5739301654   -0.8094585791   -1.7042625897
  -3.3844730457    2.5091945904    1.9852989028
  -3.9244730457    1.5738871543    1.9852989028
  -2.0673915442    3.2754582930    1.1946840307
  -3.1106892987    3.4254618643    1.1946840307
  -4.0694652738    2.9876035477    1.1946840307
  -4.6393148719    2.1009002651    1.1946840307
  -4.6393148719    1.0468740435    1.1946840307
  -2.5841138163    3.7181383223    0.1146840307
  -3.6104196017    3.5935222385    0.1146840307
  -4.4612562617    3.0062320961    0.1146840307
  -4.9417073713    2.0908089891    0.1146840307
  -4.9417073713    1.0569653194    0.1146840307
  -3.1106892987    3.4254618643   -0.9653159693
  -4.0694652738    2.9876035477   -0.9653159693
  -4.6393148719    2.1009002651   -0.9653159693
  -4.6393148719    1.0468740435   -0.9653159693
  -3.3844730457    2.5091945904   -1.7559308415
  -3.9244730457    1.5738871543   -1.7559308415
   0.1363315377    3.0665951014    1.8691626119
   0.3734130392    3.8328588040    1.0785477397
  -0.6698847153    3.9828623752    1.0785477397
  -1.6286606904    3.5450040587    1.0785477397
   0.8233513907    3.9089328156   -0.0014522603
  -0.1433092329    4.2755388333   -0.0014522603
  -1.1696150183    4.1509227495   -0.0014522603
   0.3734130392    3.8328588040   -1.0814522603
  -0.6698847153    3.9828623752   -1.0814522603
  -1.6286606904    3.5450040587   -1.0814522603
   0.1363315377    3.0665951014   -1.8720671325
  -0.9436684623    3.0665951014   -1.8720671325
   2.3969670624   -0.6736589596    2.6972964263
   3.4684806730   -0.6736589596    2.4841591173
   1.8612102571   -1.6016169669    2.4841591173
   2.9327238677   -1.6016169669    2.4841591173
   2.3969670624   -2.6535579470    1.8771954136
   3.3869165560   -2.3883017796    1.8771954136
   4.1116098823   -1.6636084533    1.8771954136
   3.1963515960   -3.1339115787    0.9688100369
   4.1279160634   -2.5960725827    0.9688100369
   2.6553184689   -3.4617146533   -0.1027035737
   3.6450344585   -3.1801161754   -0.1027035737
   4.4661920306   -2.5600067619   -0.1027035737
   2.1265662806   -3.2463505462   -1.1742171844
   3.1963515960   -3.1339115787   -1.1742171844
   4.1279160634   -2.5960725827   -1.1742171844
   2.3969670624   -2.6535579470   -2.0826025611
   3.3869165560   -2.3883017796   -2.0826025611
   4.1116098823   -1.6636084533   -2.0826025611
   3.4684806730   -0.6736589596   -2.6895662648
   1.8612102571   -1.6016169669   -2.6895662648
   2.9327238677   -1.6016169669   -2.6895662648
   2.3969670624   -0.6736589596   -2.9027035737
   1.6157679958    0.3993051388    2.9228370412
   2.6418284257    0.3993051388    2.7419149036
   2.1287982108    1.2878995369    2.7419149036
   1.1027377808    1.2878995369    2.7419149036
   2.1287982108   -0.4892892594    2.7419149036
   3.5441308248    0.3993051388    2.2209703706
   2.6418284257    0.3993051388   -2.8962408211
   1.1027377808    1.2878995369   -2.8962408211
   1.1027377808   -0.4892892594   -2.8962408211
   2.1287982108   -0.4892892594   -2.8962408211
   1.6157679958    0.3993051388   -3.0771629588
   2.0533066033    1.5057098021    2.6926658081
   3.1248202139    1.5057098021    2.4795284991
   2.5890634086    2.4336678094    2.4795284991
   1.5175497980    2.4336678094    2.4795284991
   4.0332055906    1.5057098021    1.8725647954
   3.7679494232    2.4956592958    1.8725647954
   3.0432560969    3.2203526221    1.8725647954
   2.0533066033    3.4856087894    1.8725647954
   1.0633571096    3.2203526221    1.8725647954
   4.6401692943    1.5057098021    0.9641794187
   4.4165232642    2.5578816492    0.9641794187
   3.7842556043    3.4281234252    0.9641794187
   2.8526911369    3.9659624212    0.9641794187
   1.7829058215    4.0784013887    0.9641794187
   4.8533066033    1.5057098021   -0.1073341919
   4.6642288456    2.5171864674   -0.1073341919
   4.1225315715    3.3920576043   -0.1073341919
   3.3013739994    4.0121670179   -0.1073341919
   2.3116580098    4.2937654957   -0.1073341919
   1.2870502311    4.1988216030   -0.1073341919
   4.6401692943    1.5057098021   -1.1788478025
   4.4165232642    2.5578816492   -1.1788478025
   3.7842556043    3.4281234252   -1.1788478025
   2.8526911369    3.9659624212   -1.1788478025
   1.7829058215    4.0784013887   -1.1788478025
   4.0332055906    1.5057098021   -2.0872331792
   3.7679494232    2.4956592958   -2.0872331792
   3.0432560969    3.2203526221   -2.0872331792
   2.0533066033    3.4856087894   -2.0872331792
   1.0633571096    3.2203526221   -2.0872331792
   3.1248202139    1.5057098021   -2.6941968830
   2.5890634086    2.4336678094   -2.6941968830
   1.5175497980    2.4336678094   -2.6941968830
   2.0533066033    1.5057098021   -2.9073341919
   0.1697162792    0.0760259297    2.9915787739
   0.6827464942    0.9646203279    2.8106566363
  -0.8563441508    0.0760259297   -2.8274990885
   0.6827464942   -0.8125684685   -2.8274990885
   0.1697162792    0.0760259297   -3.0084212261
  -0.3058602381   -1.2289445832    3.0253248883
   0.7202001919   -1.2289445832    2.8444027506
  -0.8188904531   -0.3403501850    2.8444027506
   0.2071699769   -2.1175389814    2.8444027506
   0.4952106316   -2.9830451112    2.3234582176
   1.3163818045   -2.2714962395    2.3234582176
  -0.5802948822   -3.1376794591   -2.2728084411
   0.4952106316   -2.9830451112   -2.2728084411
   1.3163818045   -2.2714962395   -2.2728084411
   0.7202001919   -1.2289445832   -2.7937529741
  -0.8188904531   -2.1175389814   -2.7937529741
   0.2071699769   -2.1175389814   -2.7937529741
  -0.3058602381   -1.2289445832   -2.9746751117
  -1.5892627508   -1.5289179197    3.0864525374
  -1.0762325358   -0.6403235215    2.9055303998
  -2.1022929658   -2.4175123179    2.9055303998
  -1.0762325358   -2.4175123179    2.9055303998
  -2.8520718483   -2.9862773069    2.3845858668
  -1.8636973949   -3.4376527956    2.3845858668
  -0.7881918811   -3.2830184476    2.3845858668
  -3.6911505585   -3.0560288010    1.5864525374
  -2.8883008565   -3.7789179197    1.5864525374
  -1.8608356646   -4.1127615977    1.5864525374
  -0.7864130488   -3.9998352303    1.5864525374
  -3.3697005372   -3.8865985771    0.6073970704
  -2.3977790538   -4.3705579710    0.6073970704
  -1.3166629635   -4.4707381299    0.6073970704
  -4.1011640318   -3.0842213460   -0.4344919956
  -3.3697005372   -3.8865985771   -0.4344919956
  -2.3977790538   -4.3705579710   -0.4344919956
  -1.3166629635   -4.4707381299   -0.4344919956
  -3.6911505585   -3.0560288010   -1.4135474626
  -2.8883008565   -3.7789179197   -1.4135474626
  -1.8608356646   -4.1127615977   -1.4135474626
  -0.7864130488   -3.9998352303   -1.4135474626
  -2.8520718483   -2.9862773069   -2.2116807919
  -1.8636973949   -3.4376527956   -2.2116807919
  -0.7881918811   -3.2830184476   -2.2116807919
  -2.6153231808   -1.5289179197   -2.7326253249
  -2.1022929658   -2.4175123179   -2.7326253249
  -1.0762325358   -2.4175123179   -2.7326253249
  -1.5892627508   -1.5289179197   -2.9135474626
  -2.4551138381   -0.5314377261    3.1165438890
  -1.4290534081   -0.5314377261    2.9356217514
  -2.9681440531    0.3571566721    2.9356217514
  -3.4811742681   -0.5314377261    2.9356217514
  -2.9681440531   -1.4200321242    2.9356217514
  -4.3053644231    0.0118448643    2.4146772184
  -4.3053644231   -1.0747203164    2.4146772184
  -3.7179229356   -1.9887971133    2.4146772184
  -4.3053644231    0.0118448643   -2.1815894403
  -4.3053644231   -1.0747203164   -2.1815894403
  -3.7179229356   -1.9887971133   -2.1815894403
  -3.4811742681   -0.5314377261   -2.7025339733
  -2.9681440531   -1.4200321242   -2.7025339733
  -2.4551138381   -0.5314377261   -2.8834561110
  -2.0936862730    0.8065204611    3.0876834494
  -1.5806560580    1.6951148593    2.9067613117
  -2.6067164879    1.6951148593    2.9067613117
  -3.1197467029    0.8065204611    2.9067613117
  -2.3681209171    2.7152553370    2.3858167787
  -3.3564953705    2.2638798483    2.3858167787
  -3.9439368580    1.3498030514    2.3858167787
  -2.3652591868    3.3903641391   -1.4123165506
  -2.3681209171    2.7152553370   -2.2104498800
  -3.3564953705    2.2638798483   -2.2104498800
  -3.9439368580    1.3498030514   -2.2104498800
  -2.6067164879    1.6951148593   -2.7313944130
  -3.1197467029    0.8065204611   -2.7313944130
  -1.5806560580   -0.0820739371   -2.7313944130
  -2.0936862730    0.8065204611   -2.9123165506
  -0.7507579104    1.1152091466    3.0237671139
   0.2753025196    1.1152091466    2.8428449762
  -0.2377276954    2.0038035448    2.8428449762
  -1.2637881254    2.0038035448    2.8428449762
   0.0503129593    2.8693096746    2.3219004432
  -1.0251925546    3.0239440226    2.3219004432
   0.0503129593    2.8693096746   -2.2743662155
  -1.0251925546    3.0239440226   -2.2743662155
  -0.2377276954    2.0038035448   -2.7953107485
  -1.2637881254    2.0038035448   -2.7953107485
  -1.2637881254    0.2266147485   -2.7953107485
  -0.7507579104    1.1152091466   -2.9762328861
   4.3395274761   -0.3831888552    2.0159699115
   3.8188669892    0.5186215617    2.0159699115
   5.1746020602   -0.3831888552    1.3500201530
   4.8767308943    0.6312671731    1.3500201530
   4.8767308943   -1.3976448835    1.3500201530
   5.6380334915   -0.3831888552    0.3876948700
   5.4063177758    0.6320240278    0.3876948700
   4.7570647682   -2.2125392589    0.3876948700
   5.4063177758   -1.3984017382    0.3876948700
   5.6380334915   -0.3831888552   -0.6804056130
   5.4063177758    0.6320240278   -0.6804056130
   4.7570647682   -2.2125392589   -0.6804056130
   5.4063177758   -1.3984017382   -0.6804056130
   5.1746020602   -0.3831888552   -1.6427308959
   4.8767308943    0.6312671731   -1.6427308959
   4.8767308943   -1.3976448835   -1.6427308959
   4.3395274761   -0.3831888552   -2.3086806544
   3.8188669892    0.5186215617   -2.3086806544
   0.9005259654   -2.9570876112    2.1641527640
   0.1128265481   -3.9125737510    1.4982030055
   1.1593483635   -3.7621066297    1.4982030055
   1.9583898705   -3.0697332226    1.4982030055
  -0.1407950085   -4.3364398358    0.5358777225
   0.9005259654   -4.3364398358    0.5358777225
   1.8387237444   -3.8846275980    0.5358777225
  -0.1407950085   -4.3364398358   -0.5322227604
   0.9005259654   -4.3364398358   -0.5322227604
   1.8387237444   -3.8846275980   -0.5322227604
   0.1128265481   -3.9125737510   -1.4945480434
   1.1593483635   -3.7621066297   -1.4945480434
   1.9583898705   -3.0697332226   -1.4945480434
   0.9005259654   -2.9570876112   -2.1604978019
  -4.5352511393   -0.8094585791    2.3286775654
  -5.2943185190   -0.2808168609    1.6627278069
  -5.2943185190   -1.3381002973    1.6627278069
  -4.7227079377   -2.2275437233    1.6627278069
  -5.6020414390    0.2057543039    0.7004025239
  -5.8337571547   -0.8094585791    0.7004025239
  -5.6020414390   -1.8246714621    0.7004025239
  -4.9527884314   -2.6388089828    0.7004025239
  -5.6020414390    0.2057543039   -0.3676979591
  -5.8337571547   -0.8094585791   -0.3676979591
  -5.6020414390   -1.8246714621   -0.3676979591
  -4.9527884314   -2.6388089828   -0.3676979591
  -5.2943185190   -0.2808168609   -1.3300232420
  -5.2943185190   -1.3381002973   -1.3300232420
  -4.7227079377   -2.2275437233   -1.3300232420
  -3.3651335326    2.4756975712    2.2770093136
  -3.1115119761    3.4311837110    1.6110595551
  -4.0732508179    2.9919722985    1.6110595551
  -4.6448613992    2.1025288725    1.6110595551
  -2.3238125587    3.8550497958    0.6487342721
  -3.3651335326    3.8550497958    0.6487342721
  -4.3033313116    3.4032375580    0.6487342721
  -4.9525843193    2.5891000373    0.6487342721
  -5.1843000349    1.5738871543    0.6487342721
  -2.3238125587    3.8550497958   -0.4193662108
  -3.3651335326    3.8550497958   -0.4193662108
  -4.3033313116    3.4032375580   -0.4193662108
  -4.9525843193    2.5891000373   -0.4193662108
  -5.1843000349    1.5738871543   -0.4193662108
  -3.1115119761    3.4311837110   -1.3816914938
  -4.0732508179    2.9919722985   -1.3816914938
  -4.6448613992    2.1025288725   -1.3816914938
   0.3758144228    3.8381171007    1.4949232642
  -0.6707073926    3.9885842220    1.4949232642
   0.1169920247    4.4124503068    0.5325979812
  -0.9243289492    4.4124503068    0.5325979812
  -1.8625267282    3.9606380690    0.5325979812
   0.1169920247    4.4124503068   -0.5355025018
  -0.9243289492    4.4124503068   -0.5355025018
  -1.8625267282    3.9606380690   -0.5355025018
   0.3758144228    3.8381171007   -1.4978277848
  -0.6707073926    3.9885842220   -1.4978277848
  -1.6324462345    3.5493728095   -1.4978277848
   0.1169920247    3.0330980821   -2.1637775433
