#! FIELDS phi psi file.free der_phi der_psi
#! SET min_phi -pi
#! SET max_phi pi
#! SET nbins_phi  33
#! SET periodic_phi true
#! SET min_psi -pi
#! SET max_psi pi
#! SET nbins_psi  18
#! SET periodic_psi true
   -3.141592654   -3.141592654 -102.770338896  -52.774632728   16.965013998
   -2.951193099   -3.141592654 -111.099855746  -34.150133112   19.396357106
   -2.760793544   -3.141592654 -115.657650666  -14.045646680   20.891934367
   -2.570393989   -3.141592654 -116.679026599    2.265754783   21.599117718
   -2.379994435   -3.141592654 -115.240117666   11.506568886   21.973376379
   -2.189594880   -3.141592654 -112.758582046   13.469085299   22.634349465
   -1.999195325   -3.141592654 -110.398638782   10.898823122   24.108725331
   -1.808795770   -3.141592654 -108.617484458    8.132084409   26.566648640
   -1.618396215   -3.141592654 -107.053223890    9.132046608   29.677703520
   -1.427996661   -3.141592654 -104.772754135   15.709323697   32.683021281
   -1.237597106   -3.141592654 -100.768525294   26.821473523   34.665981686
   -1.047197551   -3.141592654  -94.467222791   39.144131221   34.888298318
   -0.856797996   -3.141592654  -86.027742804   48.580695089   33.029166917
   -0.666398442   -3.141592654  -76.348150191   51.661736460   29.221151576
   -0.475998887   -3.141592654  -66.844319562   46.608056292   23.924610156
   -0.285599332   -3.141592654  -59.093915576   33.421976954   17.698107995
   -0.095199777   -3.141592654  -54.507444231   13.810306940   11.042622240
    0.095199777   -3.141592654  -54.016049224   -8.910368016    4.339865039
    0.285599332   -3.141592654  -57.774693099  -29.919232625   -2.072512021
    0.475998887   -3.141592654  -64.922346623  -43.581009728   -7.793151907
    0.666398442   -3.141592654  -73.571424200  -45.060747255  -12.310143135
    0.856797996   -3.141592654  -81.170658704  -32.681857713  -15.111329081
    1.047197551   -3.141592654  -85.296628440   -9.451155863  -15.895457980
    1.237597106   -3.141592654  -84.532927644   17.211891725  -14.776782473
    1.427996661   -3.141592654  -79.087887957   38.299283542  -12.282184293
    1.618396215   -3.141592654  -70.751642891   46.758160332   -9.129956931
    1.808795770   -3.141592654  -62.249986103   40.038138821   -5.913035129
    1.999195325   -3.141592654  -56.323997252   20.454473491   -2.879944884
    2.189594880   -3.141592654  -54.918860965   -6.334932149    0.052429712
    2.379994435   -3.141592654  -58.753853701  -33.446953605    3.124187856
    2.570393989   -3.141592654  -67.274333321  -54.637760847    6.500953223
    2.760793544   -3.141592654  -78.901254313  -65.570644001   10.135992702
    2.951193099   -3.141592654  -91.469223285  -64.526275068   13.755957614

   -3.141592654   -2.792526803  -95.076295617  -48.281528647   25.264550716
   -2.951193099   -2.792526803 -102.756314991  -31.853552040   27.480619704
   -2.760793544   -2.792526803 -107.075053861  -13.750586799   28.421104790
   -2.570393989   -2.792526803 -108.169878355    1.379482372   28.416247949
   -2.379994435   -2.792526803 -106.916005220   10.673154931   28.076671278
   -2.189594880   -2.792526803 -104.486292434   13.939660376   28.081756802
   -1.999195325   -2.792526803 -101.844626063   13.454118871   28.911475481
   -1.808795770   -2.792526803  -99.377926040   12.681825030   30.626152917
   -1.618396215   -2.792526803  -96.835391682   14.612305905   32.786370840
   -1.427996661   -2.792526803  -93.559406460   20.370291585   34.574313304
   -1.237597106   -2.792526803  -88.896298291   28.810938956   35.079309578
   -1.047197551   -2.792526803  -82.583679577   37.140009093   33.627714380
   -0.856797996   -2.792526803  -74.946381988   42.188971910   30.004907424
   -0.666398442   -2.792526803  -66.863926575   41.455609361   24.487083533
   -0.475998887   -2.792526803  -59.573241075   33.810441190   17.712378244
   -0.285599332   -2.792526803  -54.390742433   19.499199602   10.431392652
   -0.095199777   -2.792526803  -52.453313195    0.120457882    3.323202304
    0.095199777   -2.792526803  -54.456060498  -21.246044292   -3.112695120
    0.285599332   -2.792526803  -60.361755122  -39.994307766   -8.518864848
    0.475998887   -2.792526803  -69.152315576  -50.644939643  -12.608098444
    0.666398442   -2.792526803  -78.815640443  -48.583932436  -15.119789603
    0.856797996   -2.792526803  -86.736401426  -32.542227298  -15.890946971
    1.047197551   -2.792526803  -90.522552560   -6.136921511  -14.964543910
    1.237597106   -2.792526803  -88.906280045   22.664586069  -12.679264716
    1.427996661   -2.792526803  -82.320477537   44.644285700   -9.577361687
    1.618396215   -2.792526803  -72.772115589   53.040340884   -6.191693366
    1.808795770   -2.792526803  -63.113124169   45.920469002   -2.820822129
    1.999195325   -2.792526803  -56.087815392   26.197274914    0.557763121
    2.189594880   -2.792526803  -53.561670947   -0.220782401    4.173463629
    2.379994435   -2.792526803  -56.167758701  -26.639781356    8.244776648
    2.570393989   -2.792526803  -63.332877469  -47.284900624   12.770681185
    2.760793544   -2.792526803  -73.553547456  -58.301891660   17.458976004
    2.951193099   -2.792526803  -84.814810077  -58.236801364   21.801712772

   -3.141592654   -2.443460953  -86.518002682  -43.458762454   23.011692665
   -2.951193099   -2.443460953  -93.490744058  -29.249659386   24.624850757
   -2.760793544   -2.443460953  -97.502796735  -13.037686278   25.162873024
   -2.570393989   -2.443460953  -98.577469143    1.050608543   24.975732428
   -2.379994435   -2.443460953  -97.399540519   10.389779349   24.554165232
   -2.189594880   -2.443460953  -94.941906628   14.635688990   24.355769500
   -1.999195325   -2.443460953  -92.038273054   15.509151988   24.633965693
   -1.808795770   -2.443460953  -89.078839624   15.663279507   25.320227385
   -1.618396215   -2.443460953  -85.971770052   17.315219905   26.002196311
   -1.427996661   -2.443460953  -82.335086699   21.188811929   26.036630318
   -1.237597106   -2.443460953  -77.815096095   26.307675331   24.776181506
   -1.047197551   -2.443460953  -72.362779712   30.579279317   21.827488581
   -0.856797996   -2.443460953  -66.350979645   31.809188534   17.208605227
   -0.666398442   -2.443460953  -60.524268435   28.406931920   11.348501238
   -0.475998887   -2.443460953  -55.843311197   19.747573385    4.945871270
   -0.285599332   -2.443460953  -53.300418369    6.105384781   -1.275724422
   -0.095199777   -2.443460953  -53.743082860  -11.308676533   -6.743511728
    0.095199777   -2.443460953  -57.671591687  -29.956176105  -11.129879006
    0.285599332   -2.443460953  -64.953203902  -45.714726146  -14.303037685
    0.475998887   -2.443460953  -74.550043494  -53.403705002  -16.237462441
    0.666398442   -2.443460953  -84.472187456  -48.583059049  -16.935207330
    0.856797996   -2.443460953  -92.158726414  -30.137658139  -16.437523025
    1.047197551   -2.443460953  -95.304282947   -1.914128474  -14.863601188
    1.237597106   -2.443460953  -92.770971720   27.956644905  -12.469878954
    1.427996661   -2.443460953  -85.136015550   50.277244412   -9.587440475
    1.618396215   -2.443460953  -74.519625624   58.596398140   -6.504520158
    1.808795770   -2.443460953  -63.810562433   51.438516900   -3.338981837
    1.999195325   -2.443460953  -55.706871035   32.082510912   -0.011397370
    2.189594880   -2.443460953  -51.987508736    6.477786450    3.650074804
    2.379994435   -2.443460953  -53.225485197  -18.995183994    7.739500847
    2.570393989   -2.443460953  -58.869669291  -39.068541847   12.128127698
    2.760793544   -2.443460953  -67.532029340  -50.321195139   16.451041807
    2.951193099   -2.443460953  -77.372250207  -51.454807807   20.219160622

   -3.141592654   -2.094395102  -80.126327495  -39.935341648   14.105839756
   -2.951193099   -2.094395102  -86.578742717  -27.289195006   15.079757371
   -2.760793544   -2.094395102  -90.346365232  -12.376470593   15.513349677
   -2.570393989   -2.094395102  -91.383818629    0.861399594   15.623585582
   -2.379994435   -2.094395102  -90.286483698    9.805284399   15.583351942
   -2.189594880   -2.094395102  -87.951216207   13.966928797   15.458552587
   -1.999195325   -2.094395102  -85.177689125   14.785546701   15.194510848
   -1.808795770   -2.094395102  -82.385474727   14.545855330   14.627872046
   -1.618396215   -2.094395102  -79.579808775   15.144094362   13.516404322
   -1.427996661   -2.094395102  -76.518042044   17.207452828   11.603943259
   -1.237597106   -2.094395102  -72.973820404   20.004627738    8.721664810
   -1.047197551   -2.094395102  -68.946383109   21.989823917    4.901724189
   -0.856797996   -2.094395102  -64.738688876   21.622203796    0.413245201
   -0.666398442   -2.094395102  -60.911463196   17.827135131   -4.286554566
   -0.475998887   -2.094395102  -58.176529505   10.101723586   -8.675144451
   -0.285599332   -2.094395102  -57.295118849   -1.556317922  -12.331189860
   -0.095199777   -2.094395102  -58.964062358  -16.488952090  -15.030010731
    0.095199777   -2.094395102  -63.643971369  -32.706879843  -16.771293017
    0.285599332   -2.094395102  -71.249153558  -46.436013321  -17.699087537
    0.475998887   -2.094395102  -80.828418440  -52.559617458  -17.993808982
    0.666398442   -2.094395102  -90.470017455  -46.523501276  -17.771939243
    0.856797996   -2.094395102  -97.667230487  -27.073726475  -17.066101353
    1.047197551   -2.094395102 -100.149475886    1.959923850  -15.841640618
    1.237597106   -2.094395102  -96.820509617   32.398908972  -14.093029924
    1.427996661   -2.094395102  -88.307259700   55.018390925  -11.867208787
    1.618396215   -2.094395102  -76.773418296   63.475582690   -9.263625449
    1.808795770   -2.094395102  -65.119860452   56.495502920   -6.374871970
    1.999195325   -2.094395102  -56.018876381   37.530361213   -3.253178045
    2.189594880   -2.094395102  -51.207786152   12.505940738    0.070315029
    2.379994435   -2.094395102  -51.243306590  -12.439397073    3.518898116
    2.570393989   -2.094395102  -55.617060892  -32.379877732    6.907335342
    2.760793544   -2.094395102  -63.041701758  -44.132774703    9.961143785
    2.951193099   -2.094395102  -71.802353043  -46.400311825   12.408863041

   -3.141592654   -1.745329252  -77.327242059  -38.388626791    5.000405854
   -2.951193099   -1.745329252  -83.563104960  -26.512445648    5.137117177
   -2.760793544   -1.745329252  -87.230950954  -12.071400434    5.180766655
   -2.570393989   -1.745329252  -88.238631389    0.878427040    5.225768578
   -2.379994435   -1.745329252  -87.168447380    9.475401594    5.175214765
   -2.189594880   -1.745329252  -84.950726952   12.997157023    4.775430924
   -1.999195325   -1.745329252  -82.456907210   12.736053518    3.743811514
   -1.808795770   -1.745329252  -80.194579048   10.962397577    1.901820817
   -1.618396215   -1.745329252  -78.243630869    9.725738269   -0.750066663
   -1.427996661   -1.745329252  -76.388525631    9.995001655   -4.033585561
   -1.237597106   -1.745329252  -74.352034753   11.515463361   -7.649351107
   -1.047197551   -1.745329252  -71.989602797   13.186932669  -11.234283337
   -0.856797996   -1.745329252  -69.394346857   13.692151387  -14.432561634
   -0.666398442   -1.745329252  -66.905798066   11.852211643  -16.943665431
   -0.475998887   -1.745329252  -65.067144071    6.721145191  -18.563859772
   -0.285599332   -1.745329252  -64.575009539   -2.301994690  -19.240194081
   -0.095199777   -1.745329252  -66.173540077  -15.125239113  -19.085823976
    0.095199777   -1.745329252  -70.460665606  -30.097933326  -18.373824383
    0.285599332   -1.745329252  -77.524749062  -43.496672490  -17.449539735
    0.475998887   -1.745329252  -86.570650314  -49.972109856  -16.616928471
    0.666398442   -1.745329252  -95.778105650  -44.561168065  -16.020510957
    0.856797996   -1.745329252 -102.651366190  -25.564882511  -15.599427364
    1.047197551   -1.745329252 -104.855335092    3.455627945  -15.110118195
    1.237597106   -1.745329252 -101.202410338   34.372299110  -14.266165692
    1.427996661   -1.745329252  -92.240298620   57.776884783  -12.859051766
    1.618396215   -1.745329252  -80.099348937   67.072274241  -10.852816967
    1.808795770   -1.745329252  -67.691007828   60.780879920   -8.368996155
    1.999195325   -1.745329252  -57.725019488   42.277386417   -5.621907831
    2.189594880   -1.745329252  -51.985117823   17.462522041   -2.843977922
    2.379994435   -1.745329252  -51.079528024   -7.573646987   -0.258055890
    2.570393989   -1.745329252  -54.563547530  -27.969664937    1.927488246
    2.760793544   -1.745329252  -61.220331234  -40.535353538    3.547884005
    2.951193099   -1.745329252  -69.392913033  -43.837671779    4.541311621

   -3.141592654   -1.396263402  -78.884714368  -39.549793851    2.870966650
   -2.951193099   -1.396263402  -85.314366976  -27.298766820    2.402798672
   -2.760793544   -1.396263402  -89.063263016  -12.131155990    1.909579364
   -2.570393989   -1.396263402  -90.022182034    1.365291750    1.429360998
   -2.379994435   -1.396263402  -88.860843891    9.793567768    0.774396817
   -2.189594880   -1.396263402  -86.675613284   12.175753216   -0.407101719
   -1.999195325   -1.396263402  -84.513971278    9.966290663   -2.452714134
   -1.808795770   -1.396263402  -82.992339713    5.959499879   -5.495618401
   -1.618396215   -1.396263402  -82.180339214    2.888815016   -9.352099094
   -1.427996661   -1.396263402  -81.726068537    2.318867968  -13.544830786
   -1.237597106   -1.396263402  -81.128033834    4.311468833  -17.451392030
   -1.047197551   -1.396263402  -79.991126877    7.707374119  -20.486361819
   -0.856797996   -1.396263402  -78.201778422   10.805901979  -22.266754879
   -0.666398442   -1.396263402  -75.985262925   11.880329047  -22.675294429
   -0.475998887   -1.396263402  -73.879543285    9.402964357  -21.840718078
   -0.285599332   -1.396263402  -72.679988371    2.292371570  -20.077411518
   -0.095199777   -1.396263402  -73.305120576   -9.689969484  -17.799119851
    0.095199777   -1.396263402  -76.571450558  -25.001977084  -15.456592251
    0.285599332   -1.396263402  -82.782530030  -39.775396301  -13.436149870
    0.475998887   -1.396263402  -91.303750026  -48.231888936  -11.977986934
    0.666398442   -1.396263402 -100.370434694  -44.759844424  -11.109281303
    0.856797996   -1.396263402 -107.413057451  -26.981450241  -10.651629424
    1.047197551   -1.396263402 -109.911684495    1.970288517  -10.283484831
    1.237597106   -1.396263402 -106.454284310   33.953704352   -9.684245588
    1.427996661   -1.396263402  -97.410947813   59.089252393   -8.639426424
    1.618396215   -1.396263402  -84.850021969   70.102335200   -7.110189936
    1.808795770   -1.396263402  -71.744369969   64.930505912   -5.208520718
    1.999195325   -1.396263402  -60.948417297   46.689328399   -3.131173501
    2.189594880   -1.396263402  -54.408625469   21.327702971   -1.092207097
    2.379994435   -1.396263402  -52.866439719   -4.827066654    0.703511663
    2.570393989   -1.396263402  -55.957446516  -26.607694418    2.071888169
    2.760793544   -1.396263402  -62.484362164  -40.490439050    2.880295370
    2.951193099   -1.396263402  -70.745439050  -44.715523513    3.105648636

   -3.141592654   -1.047197551  -81.474306935  -42.294201300    4.169128513
   -2.951193099   -1.047197551  -88.385478932  -29.529218915    2.700383143
   -2.760793544   -1.047197551  -92.481442951  -13.550678572    1.147829853
   -2.570393989   -1.047197551  -93.650650952    0.475667531   -0.374036680
   -2.379994435   -1.047197551  -92.670328620    8.615294322   -1.989525678
   -2.189594880   -1.047197551  -90.816742900    9.718628778   -4.023876990
   -1.999195325   -1.047197551  -89.300969134    5.584932593   -6.815495367
   -1.808795770   -1.047197551  -88.794036396   -0.224378648  -10.475388158
   -1.618396215   -1.047197551  -89.259191608   -4.116912003  -14.720249099
   -1.427996661   -1.047197551  -90.097745353   -3.983986409  -18.896526119
   -1.237597106   -1.047197551  -90.510080449    0.223800970  -22.199321762
   -1.047197551   -1.047197551  -89.859006983    6.784256870  -23.967595009
   -0.856797996   -1.047197551  -87.927974433   13.165058762  -23.922205752
   -0.666398442   -1.047197551  -84.995169814   16.881339832  -22.225258511
   -0.475998887   -1.047197551  -81.771071569   15.933642153  -19.373255138
   -0.285599332   -1.047197551  -79.281958176    9.103596863  -16.006042359
   -0.095199777   -1.047197551  -78.676171936   -3.747842879  -12.705005329
    0.095199777   -1.047197551  -80.963701915  -20.771720450   -9.873796257
    0.285599332   -1.047197551  -86.568362544  -37.658989826   -7.670168791
    0.475998887   -1.047197551  -94.881431166  -48.093119402   -6.039503931
    0.666398442   -1.047197551 -104.060558400  -45.944194938   -4.799191148
    0.856797996   -1.047197551 -111.376386323  -28.501969197   -3.753478787
    1.047197551   -1.047197551 -114.114480056    1.103907442   -2.761960382
    1.237597106   -1.047197551 -110.701653885   34.409250344   -1.761547225
    1.427996661   -1.047197551 -101.429099711   61.007451290   -0.723605868
    1.618396215   -1.047197551  -88.388408887   73.120642538    0.373419547
    1.808795770   -1.047197551  -74.655304038   68.370908616    1.548578602
    1.999195325   -1.047197551  -63.222375872   49.819221128    2.788556055
    2.189594880   -1.047197551  -56.165242568   23.544067046    4.016290965
    2.379994435   -1.047197551  -54.320499638   -3.908942538    5.073959212
    2.570393989   -1.047197551  -57.373287282  -27.121715796    5.751446631
    2.760793544   -1.047197551  -64.124964556  -42.279728841    5.854094042
    2.951193099   -1.047197551  -72.814298334  -47.321801599    5.298254597

   -3.141592654   -0.698131701  -81.577238446  -46.332666044    3.974106715
   -2.951193099   -0.698131701  -89.273169513  -33.643146506    1.327623820
   -2.760793544   -0.698131701  -94.125888388  -17.350921601   -1.424531976
   -2.570393989   -0.698131701  -95.988043599   -3.049412910   -4.060890526
   -2.379994435   -0.698131701  -95.688798751    4.879883020   -6.603161554
   -2.189594880   -0.698131701  -94.619999464    5.112590286   -9.301799697
   -1.999195325   -0.698131701  -94.098176817   -0.262298887  -12.438847141
   -1.808795770   -0.698131701  -94.803079871   -6.981258850  -16.053493521
   -1.618396215   -0.698131701  -96.558277776  -10.666795821  -19.756956619
   -1.427996661   -0.698131701  -98.502270377   -8.775296652  -22.793581721
   -1.237597106   -0.698131701  -99.546994741   -1.443660907  -24.339471257
   -1.047197551   -0.698131701  -98.860501439    8.842050773  -23.877254547
   -0.856797996   -0.698131701  -96.207413977   18.544032784  -21.440190096
   -0.666398442   -0.698131701  -92.027320082   24.348129348  -17.593802250
   -0.475998887   -0.698131701  -87.309821076   23.875465969  -13.200389543
   -0.285599332   -0.698131701  -83.384027710   16.039523074   -9.089720703
   -0.095199777   -0.698131701  -81.635180965    1.212558924   -5.779141527
    0.095199777   -0.698131701  -83.191310016  -18.029776022   -3.358208136
    0.285599332   -0.698131701  -88.454019114  -36.687409830   -1.533041893
    0.475998887   -0.698131701  -96.680848467  -47.993129744    0.152699513
    0.666398442   -0.698131701 -105.845078623  -45.755445508    2.042743197
    0.856797996   -0.698131701 -113.058887563  -27.563257217    4.166353835
    1.047197551   -0.698131701 -115.527020286    2.973353682    6.242273213
    1.237597106   -0.698131701 -111.683760192   36.989699816    7.876084702
    1.427996661   -0.698131701 -101.882760437   63.900820295    8.825611951
    1.618396215   -0.698131701  -88.290838975   75.959933000    9.135144824
    1.808795770   -0.698131701  -74.043414313   70.896024152    9.073477092
    1.999195325   -0.698131701  -62.175244107   51.833941502    8.942098352
    2.189594880   -0.698131701  -54.799838664   24.832567513    8.891538885
    2.379994435   -0.698131701  -52.799995586   -3.610634220    8.844966994
    2.570393989   -0.698131701  -55.910936320  -28.060339423    8.553247289
    2.760793544   -0.698131701  -62.968159774  -44.540335782    7.726621275
    2.951193099   -0.698131701  -72.200765301  -50.710272704    6.189138853

   -3.141592654   -0.349065850  -80.496817985  -51.813130989    3.063771084
   -2.951193099   -0.349065850  -89.291424277  -39.571772425   -0.115621969
   -2.760793544   -0.349065850  -95.263319019  -23.077417967   -3.333840893
   -2.570393989   -0.349065850  -98.167392352   -8.249485438   -6.364175898
   -2.379994435   -0.349065850  -98.816857138    0.055498169   -9.183902395
   -2.189594880   -0.349065850  -98.665929079    0.224513874  -11.952791327
   -1.999195325   -0.349065850  -99.106130878   -5.479842494  -14.829865774
   -1.808795770   -0.349065850 -100.813424643  -12.166015539  -17.730416601
   -1.618396215   -0.349065850 -103.472065127  -14.741908219  -20.191652480
   -1.427996661   -0.349065850 -105.976472422  -10.355455874  -21.491511025
   -1.237597106   -0.349065850 -106.999272330    0.472129552  -20.983294823
   -1.047197551   -0.349065850 -105.602254897   14.300819208  -18.462955786
   -0.856797996   -0.349065850 -101.648026504   26.500377659  -14.335365447
   -0.666398442   -0.349065850  -95.853313796   33.025876024   -9.481067504
   -0.475998887   -0.349065850  -89.563567403   31.433254958   -4.911722160
   -0.285599332   -0.349065850  -84.411090500   21.231411399   -1.369541575
   -0.095199777   -0.349065850  -81.926335526    3.792513899    0.936278702
    0.095199777   -0.349065850  -83.183946776  -17.274128691    2.365541167
    0.285599332   -0.349065850  -88.365454417  -36.334416113    3.642446689
    0.475998887   -0.349065850  -96.449203545  -46.659348807    5.471822653
    0.666398442   -0.349065850 -105.203682345  -42.770259776    8.151657831
    0.856797996   -0.349065850 -111.709871369  -23.266662551   11.384298026
    1.047197551   -0.349065850 -113.317390893    7.486227165   14.419800953
    1.237597106   -0.349065850 -108.689415401   40.546483455   16.465135332
    1.427996661   -0.349065850  -98.357793450   65.876441323   17.109331931
    1.618396215   -0.349065850  -84.535227009   76.483549383   16.490706330
    1.808795770   -0.349065850  -70.279824856   70.576181677   15.136294649
    1.999195325   -0.349065850  -58.504009268   51.261853427   13.621262001
    2.189594880   -0.349065850  -51.241379011   24.216608437   12.277508890
    2.379994435   -0.349065850  -49.380336655   -4.520668000   11.096639546
    2.570393989   -0.349065850  -52.733252872  -29.780882417    9.827121631
    2.760793544   -0.349065850  -60.233853002  -47.533549252    8.158307987
    2.951193099   -0.349065850  -70.170964812  -55.107306159    5.897586212

   -3.141592654    0.000000000  -79.649549876  -57.508115319    1.391958787
   -2.951193099    0.000000000  -89.566908359  -45.562165156   -1.612375824
   -2.760793544    0.000000000  -96.668892163  -28.872774385   -4.530721983
   -2.570393989    0.000000000 -100.635102300  -13.588974400   -7.209631679
   -2.379994435    0.000000000 -102.259696872   -4.874989337   -9.647809749
   -2.189594880    0.000000000 -103.023329940   -4.466232685  -11.951448420
   -1.999195325    0.000000000 -104.331231608   -9.843074260  -14.168663819
   -1.808795770    0.000000000 -106.791716830  -15.553425007  -16.105277886
   -1.618396215    0.000000000 -109.915328817  -16.029111641  -17.272280467
   -1.427996661    0.000000000 -112.376598767   -8.467523683  -17.063484610
   -1.237597106    0.000000000 -112.702531656    5.874001154  -15.091862711
   -1.047197551    0.000000000 -109.995280355   22.431804184  -11.484905822
   -0.856797996    0.000000000 -104.366632711   35.615278853   -6.923895640
   -0.666398442    0.000000000  -96.907025586   41.073749487   -2.388919947
   -0.475998887    0.000000000  -89.315648192   36.879510238    1.240969401
   -0.285599332    0.000000000  -83.417654675   23.643769173    3.561556240
   -0.095199777    0.000000000  -80.705948823    3.983900857    4.787183232
    0.095199777    0.000000000  -82.006512664  -17.595298257    5.647709795
    0.285599332    0.000000000  -87.146133668  -35.297079065    7.047270131
    0.475998887    0.000000000  -94.799487107  -43.083376284    9.621095092
    0.666398442    0.000000000 -102.628163145  -36.772386480   13.374660774
    0.856797996    0.000000000 -107.863842643  -16.251119075   17.610333015
    1.047197551    0.000000000 -108.196522957   13.517135951   21.217035887
    1.237597106    0.000000000 -102.648211060   43.993771035   23.207016172
    1.427996661    0.000000000  -91.955056602   66.258589191   23.179190728
    1.618396215    0.000000000  -78.306525318   74.461423437   21.442601176
    1.808795770    0.000000000  -64.568455342   67.381884412   18.757230856
    1.999195325    0.000000000  -53.424563126   47.957612606   15.901551189
    2.189594880    0.000000000  -46.760591805   21.251773658   13.338487411
    2.379994435    0.000000000  -45.442057362   -7.320087418   11.124849268
    2.570393989    0.000000000  -49.351762403  -32.920903995    9.043548394
    2.760793544    0.000000000  -57.521688410  -51.485030607    6.812698531
    2.951193099    0.000000000  -68.304559994  -60.038414048    4.258901638

   -3.141592654    0.349065850  -78.039828483  -61.432257559    0.821529890
   -2.951193099    0.349065850  -88.738987815  -49.804769955   -0.980457915
   -2.760793544    0.349065850  -96.668935299  -33.282505604   -2.636767072
   -2.570393989    0.349065850 -101.481183893  -18.041133284   -4.189569115
   -2.379994435    0.349065850 -103.950513643   -9.276777137   -5.715439022
   -2.189594880    0.349065850 -105.535665695   -8.643367096   -7.262473533
   -1.999195325    0.349065850 -107.586157386  -13.358794804   -8.754317794
   -1.808795770    0.349065850 -110.594252591  -17.636184489   -9.924173955
   -1.618396215    0.349065850 -113.906261358  -15.785234948  -10.354661442
   -1.427996661    0.349065850 -116.051570308   -5.351181054   -9.654694571
   -1.237597106    0.349065850 -115.524208869   11.595499587   -7.698606055
   -1.047197551    0.349065850 -111.566549449   29.577281615   -4.777128465
   -0.856797996    0.349065850 -104.576898455   42.470005202   -1.526868149
   -0.666398442    0.349065850  -95.968420334   46.079426662    1.342670268
   -0.475998887    0.349065850  -87.665968812   39.319775549    3.368145772
   -0.285599332    0.349065850  -81.521260036   23.958768629    4.569093314
   -0.095199777    0.349065850  -78.841712113    3.627742831    5.440601406
    0.095199777    0.349065850  -80.123398460  -16.732874937    6.759718681
    0.285599332    0.349065850  -84.854598462  -31.691538731    9.221769616
    0.475998887    0.349065850  -91.515357118  -36.321066384   13.076974855
    0.666398442    0.349065850  -97.826403062  -27.892569768   17.910943759
    0.856797996    0.349065850 -101.336097432   -7.430586457   22.720811027
    1.047197551    0.349065850 -100.188314709   19.880370321   26.289445236
    1.237597106    0.349065850  -93.797341912   46.336055103   27.713865568
    1.427996661    0.349065850  -83.062899152   64.465367298   26.775657125
    1.618396215    0.349065850  -70.064092375   69.707816797   23.966294949
    1.808795770    0.349065850  -57.375509911   61.404285159   20.170755057
    1.999195325    0.349065850  -47.365318833   42.219936522   16.239836033
    2.189594880    0.349065850  -41.706927835   16.480414796   12.699863551
    2.379994435    0.349065850  -41.200748372  -11.128589650    9.698074924
    2.570393989    0.349065850  -45.776445895  -36.194483762    7.140648897
    2.760793544    0.349065850  -54.558893163  -54.721631331    4.869577734
    2.951193099    0.349065850  -65.982823415  -63.570385719    2.775227333

   -3.141592654    0.698131701  -76.410151006  -63.209549674    0.146020077
   -2.951193099    0.698131701  -87.452664429  -51.636875474   -0.065388726
   -2.760793544    0.698131701  -95.748237753  -35.280875109   -0.115360497
   -2.570393989    0.698131701 -100.959090412  -20.213876448   -0.235545022
   -2.379994435    0.698131701 -103.852024575  -11.525825462   -0.577783397
   -2.189594880    0.698131701 -105.858540630  -10.772894589   -1.160077797
   -1.999195325    0.698131701 -108.280240774  -15.063427657   -1.862465542
   -1.808795770    0.698131701 -111.541709429  -18.522979748   -2.469347478
   -1.618396215    0.698131701 -114.915988217  -15.506360054   -2.750050257
   -1.427996661    0.698131701 -116.887476742   -3.818733674   -2.554665897
   -1.237597106    0.698131701 -115.972156113   14.038719882   -1.887431254
   -1.047197551    0.698131701 -111.516989308   32.212798323   -0.913170408
   -0.856797996    0.698131701 -104.072164718   44.497301400    0.137591263
   -0.666398442    0.698131701  -95.177658966   47.028557139    1.116026807
   -0.475998887    0.698131701  -86.787547150   39.395312946    2.070169035
   -0.285599332    0.698131701  -80.642798898   24.080810690    3.295174550
   -0.095199777    0.698131701  -77.827361184    5.173214877    5.228254897
    0.095199777    0.698131701  -78.574678214  -12.497255513    8.280584792
    0.285599332    0.698131701  -82.192241239  -24.232368038   12.588002323
    0.475998887    0.698131701  -87.167522840  -26.298446174   17.831405879
    0.666398442    0.698131701  -91.466061489  -17.167366337   23.203413995
    0.856797996    0.698131701  -93.063041649    1.507750601   27.609633322
    1.047197551    0.698131701  -90.561617979   24.880592942   30.036686884
    1.237597106    0.698131701  -83.681447811   46.445259506   29.959337133
    1.427996661    0.698131701  -73.359523910   60.234711309   27.523341941
    1.618396215    0.698131701  -61.454939720   62.772290360   23.439700708
    1.808795770    0.698131701  -50.190169080   53.679435553   18.644054659
    1.999195325    0.698131701  -41.604196792   35.166462503   13.939017850
    2.189594880    0.698131701  -37.163321145   10.796009202    9.809962667
    2.379994435    0.698131701  -37.600861525  -15.389096610    6.436381807
    2.570393989    0.698131701  -42.873790618  -39.318492687    3.830612861
    2.760793544    0.698131701  -52.172599844  -57.083540027    1.956490251
    2.951193099    0.698131701  -64.001203471  -65.503858254    0.761877800

   -3.141592654    1.047197551  -77.633120935  -63.208328338   -4.824828111
   -2.951193099    1.047197551  -88.601211220  -50.911285739   -3.837620198
   -2.760793544    1.047197551  -96.727919177  -34.294637720   -2.533554708
   -2.570393989    1.047197551 -101.759299642  -19.362000893   -1.281838247
   -2.379994435    1.047197551 -104.520661803  -11.009428672   -0.316651057
   -2.189594880    1.047197551 -106.462072889  -10.587270649    0.299833575
   -1.999195325    1.047197551 -108.869855723  -15.071822880    0.618492665
   -1.808795770    1.047197551 -112.138910127  -18.574787920    0.705937993
   -1.618396215    1.047197551 -115.520928076  -15.538416895    0.584110817
   -1.427996661    1.047197551 -117.500197887   -3.890422588    0.243149912
   -1.237597106    1.047197551 -116.611383870   13.802893608   -0.288216848
   -1.047197551    1.047197551 -112.220969369   31.762946436   -0.878658572
   -0.856797996    1.047197551 -104.870291496   44.008206908   -1.266131693
   -0.666398442    1.047197551  -96.037575532   46.969313922   -1.100539648
   -0.475998887    1.047197551  -87.560999735   40.505735780   -0.030066178
   -0.285599332    1.047197551  -81.028743208   27.160521854    2.231394322
   -0.095199777    1.047197551  -77.389982039   10.801804286    5.809089478
    0.095199777    1.047197551  -76.816906822   -4.318595482   10.610550592
    0.285599332    1.047197551  -78.690918704  -14.302427342   16.229422222
    0.475998887    1.047197551  -81.728795436  -16.196433320   21.930749986
    0.666398442    1.047197551  -84.245595543   -8.887720981   26.744883877
    0.856797996    1.047197551  -84.585728774    6.184010013   29.726421281
    1.047197551    1.047197551  -81.617982114   25.050266109   30.254188663
    1.237597106    1.047197551  -75.121966079   42.381825615   28.278461689
    1.427996661    1.047197551  -65.881438222   53.205857795   24.302875293
    1.618396215    1.047197551  -55.465911174   54.432297197   19.163564246
    1.808795770    1.047197551  -45.796508798   45.445857057   13.703838448
    1.999195325    1.047197551  -38.697070010   27.867999332    8.535774555
    2.189594880    1.047197551  -35.531266515    4.712775588    3.999812984
    2.379994435    1.047197551  -37.009688556  -20.245864352    0.257394476
    2.570393989    1.047197551  -43.091720579  -42.953506879   -2.574160165
    2.760793544    1.047197551  -52.963398963  -59.451603590   -4.378120463
    2.951193099    1.047197551  -65.122018602  -66.601528008   -5.096619965

   -3.141592654    1.396263402  -82.697959966  -61.736543332  -10.426465703
   -2.951193099    1.396263402  -93.200661091  -47.614154719   -8.826346439
   -2.760793544    1.396263402 -100.595573636  -30.051156918   -6.851729283
   -2.570393989    1.396263402 -104.801301388  -15.061854417   -4.897436079
   -2.379994435    1.396263402 -106.791139678   -7.285109569   -3.173700449
   -2.189594880    1.396263402 -108.106735606   -7.772135019   -1.699308869
   -1.999195325    1.396263402 -110.078393517  -13.327010687   -0.423212843
   -1.808795770    1.396263402 -113.128015223  -18.044320148    0.633956675
   -1.618396215    1.396263402 -116.535703505  -16.361573718    1.339095263
   -1.427996661    1.396263402 -118.799208335   -6.029982171    1.543415283
   -1.237597106    1.396263402 -118.410436722   10.788667988    1.251608794
   -1.047197551    1.396263402 -114.605803137   28.800020194    0.721254512
   -0.856797996    1.396263402 -107.716071625   42.336007212    0.432577670
   -0.666398442    1.396263402  -98.982647717   47.760341182    0.922436449
   -0.475998887    1.396263402  -90.056489819   44.514872325    2.586807819
   -0.285599332    1.396263402  -82.441770977   34.470414760    5.565483961
   -0.095199777    1.396263402  -77.141369079   20.786876153    9.684924216
    0.095199777    1.396263402  -74.510380374    7.047445277   14.488587551
    0.285599332    1.396263402  -74.226357691   -3.322789669   19.263346026
    0.475998887    1.396263402  -75.363406667   -7.520801303   23.154440954
    0.666398442    1.396263402  -76.578896332   -4.091982748   25.354141323
    0.856797996    1.396263402  -76.443580922    6.342184261   25.365490124
    1.047197551    1.396263402  -73.869448487   20.902927554   23.169181361
    1.237597106    1.396263402  -68.481642642   35.133094357   19.253333131
    1.427996661    1.396263402  -60.792172950   44.406156465   14.383257263
    1.618396215    1.396263402  -52.093333273   45.361679913    9.307598555
    1.808795770    1.396263402  -44.115963991   36.795916535    4.520231511
    1.999195325    1.396263402  -38.606471590   19.819195605    0.215403266
    2.189594880    1.396263402  -36.915782595   -2.725074694   -3.578961489
    2.379994435    1.396263402  -39.739016039  -26.872311912   -6.817323643
    2.570393989    1.396263402  -46.967465552  -48.258573866   -9.325792624
    2.760793544    1.396263402  -57.672739612  -62.789853399  -10.848235639
    2.951193099    1.396263402  -70.242064564  -67.520379777  -11.200398089

   -3.141592654    1.745329252  -89.114072932  -59.666057896  -16.564436146
   -2.951193099    1.745329252  -99.053376891  -43.903755868  -15.002536847
   -2.760793544    1.745329252 -105.654298477  -25.566526593  -12.814461940
   -2.570393989    1.745329252 -108.995391606  -10.570386024  -10.338069591
   -2.379994435    1.745329252 -110.167249879   -3.235834503   -7.766037196
   -2.189594880    1.745329252 -110.769458538   -4.348830825   -5.140951167
   -1.999195325    1.745329252 -112.158453471  -10.660825890   -2.482312858
   -1.808795770    1.745329252 -114.788929557  -16.356932681    0.073500649
   -1.618396215    1.745329252 -117.986930315  -15.881430676    2.244835917
   -1.427996661    1.745329252 -120.272628351   -6.709042999    3.739076114
   -1.237597106    1.745329252 -120.081312856    9.518012161    4.466147785
   -1.047197551    1.745329252 -116.492179031   27.998284101    4.665256877
   -0.856797996    1.745329252 -109.611944462   43.220107943    4.856614828
   -0.666398442    1.745329252 -100.474111545   51.215923714    5.617920579
   -0.475998887    1.745329252  -90.621892705   50.756360727    7.322768433
   -0.285599332    1.745329252  -81.592522608   42.927040312    9.992412563
   -0.095199777    1.745329252  -74.564418057   30.231616682   13.267056543
    0.095199777    1.745329252  -70.171091444   15.812209581   16.511253074
    0.285599332    1.745329252  -68.423718550    2.999202436   18.949790681
    0.475998887    1.745329252  -68.707304212   -5.063179534   19.876612735
    0.666398442    1.745329252  -69.879392130   -6.093234067   18.871235747
    0.856797996    1.745329252  -70.518843590    0.379016591   15.988271126
    1.047197551    1.745329252  -69.346429117   12.442284668   11.749834723
    1.237597106    1.745329252  -65.662363251   25.980185325    6.976640621
    1.427996661    1.745329252  -59.661584009   35.986051804    2.433444985
    1.618396215    1.745329252  -52.443392185   38.241324717   -1.444532951
    1.808795770    1.745329252  -45.711957633   30.740346900   -4.642786036
    1.999195325    1.745329252  -41.301010518   14.243744701   -7.426577871
    2.189594880    1.745329252  -40.660318663   -8.197203022  -10.076563524
    2.379994435    1.745329252  -44.507649930  -32.074804937  -12.659856434
    2.570393989    1.745329252  -52.650848556  -52.518086036  -14.955445560
    2.760793544    1.745329252  -64.012069955  -65.280298916  -16.568119912
    2.951193099    1.745329252  -76.841853895  -67.705341052  -17.143095971

   -3.141592654    2.094395102  -95.978971101  -58.233230822  -18.965874619
   -2.951193099    2.094395102 -105.485764006  -40.892895472  -17.550906133
   -2.760793544    2.094395102 -111.409066741  -21.562265410  -15.386863282
   -2.570393989    2.094395102 -113.934161557   -6.074667917  -12.738168565
   -2.379994435    2.094395102 -114.224795566    1.493591868   -9.755369527
   -2.189594880    2.094395102 -113.912723937    0.502951328   -6.456747001
   -1.999195325    2.094395102 -114.379352883   -5.874258240   -2.844255819
   -1.808795770    2.094395102 -116.134115494  -12.031722892    0.948732499
   -1.618396215    2.094395102 -118.590529466  -12.498177739    4.601749401
   -1.427996661    2.094395102 -120.343604510   -4.511973947    7.713256047
   -1.237597106    2.094395102 -119.828286463   10.805248944   10.008283691
   -1.047197551    2.094395102 -116.019589648   29.169644660   11.494558552
   -0.856797996    2.094395102 -108.848328032   45.250588451   12.462962588
   -0.666398442    2.094395102  -99.185169127   54.754979649   13.311742472
   -0.475998887    2.094395102  -88.510902995   55.777807705   14.311034478
   -0.285599332    2.094395102  -78.440681442   48.646951506   15.446164210
   -0.095199777    2.094395102  -70.359573412   35.323346814   16.383202889
    0.095199777    2.094395102  -65.176524328   18.768326345   16.582120712
    0.285599332    2.094395102  -63.170887019    2.594999328   15.478113823
    0.475998887    2.094395102  -63.898391623   -9.327877535   12.730150715
    0.666398442    2.094395102  -66.218134102  -13.696205624    8.425057214
    0.856797996    2.094395102  -68.512454749   -9.095210741    3.156874387
    1.047197551    2.094395102  -69.168417282    3.042224734   -2.150677952
    1.237597106    2.094395102  -67.130547298   18.296165646   -6.580626497
    1.427996661    2.094395102  -62.361719555   30.754006918   -9.615961775
    1.618396215    2.094395102  -55.926145592   35.117117795  -11.312977086
    1.808795770    2.094395102  -49.670948757   28.662372354  -12.196364551
    1.999195325    2.094395102  -45.650007039   12.068969632  -12.941765004
    2.189594880    2.094395102  -45.489858033  -11.107696368  -14.042470154
    2.379994435    2.094395102  -49.958336832  -35.598889918  -15.603372283
    2.570393989    2.094395102  -58.775228575  -55.905233830  -17.342241738
    2.760793544    2.094395102  -70.692797031  -67.574931590  -18.760589880
    2.951193099    2.094395102  -83.796899173  -68.211959309  -19.383892669

   -3.141592654    2.443460953 -102.401249941  -57.479957277  -13.010484199
   -2.951193099    2.443460953 -111.631840574  -38.801099199  -11.309907310
   -2.760793544    2.443460953 -117.047885086  -18.376592069   -9.070834600
   -2.570393989    2.443460953 -118.876201856   -1.961247117   -6.523798925
   -2.379994435    2.443460953 -118.294168344    6.555429194   -3.772961979
   -2.189594880    2.443460953 -116.919760487    6.599898038   -0.752773121
   -1.999195325    2.443460953 -116.131767381    1.160221088    2.668242159
   -1.808795770    2.443460953 -116.491165490   -4.520696546    6.507777877
   -1.618396215    2.443460953 -117.529849868   -5.261146242   10.537988924
   -1.427996661    2.443460953 -117.990647634    1.713432331   14.315916433
   -1.237597106    2.443460953 -116.420211600   15.629707630   17.364838823
   -1.047197551    2.443460953 -111.822287340   32.681889595   19.384353508
   -0.856797996    2.443460953 -104.074818350   47.862211319   20.352423549
   -0.666398442    2.443460953  -93.967721967   56.839155172   20.449726677
   -0.475998887    2.443460953  -82.941308566   57.347666497   19.876899065
   -0.285599332    2.443460953  -72.655026617   49.225131618   18.683699077
   -0.095199777    2.443460953  -64.623417798   34.066194601   16.705734126
    0.095199777    2.443460953  -59.925845894   14.792584453   13.654890374
    0.285599332    2.443460953  -58.978795648   -4.574507091    9.311836528
    0.475998887    2.443460953  -61.356425475  -19.354968481    3.765221765
    0.666398442    2.443460953  -65.761453101  -25.270984502   -2.448254996
    0.856797996    2.443460953  -70.252353673  -20.231475260   -8.403672081
    1.047197551    2.443460953  -72.826090526   -5.670221882  -13.095100901
    1.237597106    2.443460953  -72.114260901   13.182576572  -15.837188828
    1.427996661    2.443460953  -67.972441809   29.167605512  -16.565754581
    1.618396215    2.443460953  -61.590246791   35.889563987  -15.827969239
    1.808795770    2.443460953  -55.094915251   30.150820466  -14.496154226
    1.999195325    2.443460953  -50.839286187   12.873736629  -13.374260648
    2.189594880    2.443460953  -50.651898816  -11.657170800  -12.916334966
    2.379994435    2.443460953  -55.348872328  -37.357588150  -13.133728233
    2.570393989    2.443460953  -64.560984692  -58.143217876  -13.693533013
    2.760793544    2.443460953  -76.878241981  -69.383731175  -14.111211283
    2.951193099    2.443460953  -90.226773843  -68.885313462  -13.956936587

   -3.141592654    2.792526803 -105.646714144  -55.922236171    0.878971491
   -2.951193099    2.792526803 -114.489377280  -36.334782815    2.963518955
   -2.760793544    2.792526803 -119.365287446  -15.219473499    4.891445622
   -2.570393989    2.792526803 -120.541751543    1.708702945    6.603555230
   -2.379994435    2.792526803 -119.211705544   10.762751595    8.265351642
   -2.189594880    2.792526803 -116.967367444   11.570740033   10.227937153
   -1.999195325    2.792526803 -115.140583465    7.120364501   12.846508356
   -1.808795770    2.792526803 -114.271974577    2.372307811   16.244719817
   -1.618396215    2.792526803 -113.944605748    2.074107210   20.159095737
   -1.427996661    2.792526803 -113.030755273    8.661046426   23.977241596
   -1.237597106    2.792526803 -110.245096218   21.311875611   26.962510661
   -1.047197551    2.792526803 -104.739240117   36.463736618   28.536349101
   -0.856797996    2.792526803  -96.476693643   49.467843185   28.463442878
   -0.666398442    2.792526803  -86.273780919   56.238481045   26.841476968
   -0.475998887    2.792526803  -75.571114430   54.536035419   23.953299583
   -0.285599332    2.792526803  -66.039081556   44.085479768   20.069336274
   -0.095199777    2.792526803  -59.221813106   26.432978356   15.348181547
    0.095199777    2.792526803  -56.215261608    4.702104352    9.863657051
    0.285599332    2.792526803  -57.383807584  -16.557044121    3.748047712
    0.475998887    2.792526803  -62.127762339  -31.958669445   -2.639857019
    0.666398442    2.792526803  -68.849250977  -36.663925866   -8.647115588
    0.856797996    2.792526803  -75.244116461  -28.553046567  -13.449387101
    1.047197551    2.792526803  -79.008966165   -9.739291912  -16.341650324
    1.237597106    2.792526803  -78.658523300   13.359432526  -17.059652503
    1.427996661    2.792526803  -74.165404929   32.420480320  -15.916377527
    1.618396215    2.792526803  -67.011869691   40.438419028  -13.656130349
    1.808795770    2.792526803  -59.663773512   34.341399771  -11.112127598
    1.999195325    2.792526803  -54.731253100   15.704562030   -8.871472978
    2.189594880    2.792526803  -54.157258035  -10.393263316   -7.132784566
    2.379994435    2.792526803  -58.735163830  -37.264654984   -5.758002561
    2.570393989    2.792526803  -67.986956153  -58.527279095   -4.455761584
    2.760793544    2.792526803  -80.365559286  -69.539680100   -2.962153575
    2.951193099    2.792526803  -93.677790921  -68.295769756   -1.162288315
