#! FIELDS phi psi file.free der_phi der_psi
#! SET min_phi -pi
#! SET max_phi pi
#! SET nbins_phi  33
#! SET periodic_phi true
#! SET min_psi -pi
#! SET max_psi pi
#! SET nbins_psi  18
#! SET periodic_psi true
   -3.141592654   -3.141592654 -109.797163014  -53.471062666   17.583524678
   -2.951193099   -3.141592654 -118.216238464  -34.432122401   19.919984821
   -2.760793544   -3.141592654 -122.805611615  -14.141131843   21.298592818
   -2.570393989   -3.141592654 -123.844858505    2.140115546   21.897821283
   -2.379994435   -3.141592654 -122.440615173   11.264371166   22.190342900
   -2.189594880   -3.141592654 -120.011692478   13.171707452   22.802075208
   -1.999195325   -3.141592654 -117.700827508   10.707509653   24.265783326
   -1.808795770   -3.141592654 -115.932954452    8.201597129   26.765290617
   -1.618396215   -3.141592654 -114.322176946    9.555752453   29.988689470
   -1.427996661   -3.141592654 -111.925283342   16.501889552   33.187114248
   -1.237597106   -3.141592654 -107.737336704   27.941100895   35.430996647
   -1.047197551   -3.141592654 -101.196329772   40.521174145   35.938960462
   -0.856797996   -3.141592654  -92.476522150   50.121875418   34.322622432
   -0.666398442   -3.141592654  -82.498042873   53.224445203   30.641002833
   -0.475998887   -3.141592654  -72.710424378   47.979355529   25.300305953
   -0.285599332   -3.141592654  -64.737672065   34.336052297   18.848677533
   -0.095199777   -3.141592654  -60.038823674   14.042013782   11.832855433
    0.095199777   -3.141592654  -59.574460180   -9.421781621    4.728702546
    0.285599332   -3.141592654  -63.487349640  -30.983709315   -2.013950714
    0.475998887   -3.141592654  -70.857996473  -44.785761188   -7.906882434
    0.666398442   -3.141592654  -79.711828649  -45.941914275  -12.411553700
    0.856797996   -3.141592654  -87.420489857  -32.925250977  -15.057829083
    1.047197551   -3.141592654  -91.526000576   -9.014890617  -15.632002863
    1.237597106   -3.141592654  -90.629490087   18.114051624  -14.338275787
    1.427996661   -3.141592654  -84.994513062   39.326471097  -11.757817475
    1.618396215   -3.141592654  -76.477523073   47.573424162   -8.611541929
    1.808795770   -3.141592654  -67.861625512   40.384389688   -5.452478001
    1.999195325   -3.141592654  -61.926970968   20.179226891   -2.472885845
    2.189594880   -3.141592654  -60.636670799   -7.260839756    0.454665465
    2.379994435   -3.141592654  -64.701326138  -34.900541284    3.581709571
    2.570393989   -3.141592654  -73.527786031  -56.345557411    7.049636990
    2.760793544   -3.141592654  -85.475484761  -67.179677809   10.765807690
    2.951193099   -3.141592654  -98.314698784  -65.738211467   14.414636604

   -3.141592654   -2.792526803 -101.924706090  -49.188620213   25.911266829
   -2.951193099   -2.792526803 -109.738799225  -32.381547137   28.040083443
   -2.760793544   -2.792526803 -114.134708724  -14.070095868   28.891289274
   -2.570393989   -2.792526803 -115.284918057    1.086996678   28.823636876
   -2.379994435   -2.792526803 -114.091119447   10.331103066   28.460210052
   -2.189594880   -2.792526803 -111.726586547   13.612112053   28.479985109
   -1.999195325   -2.792526803 -109.131980766   13.319216467   29.361663966
   -1.808795770   -2.792526803 -106.656921770   12.928702047   31.169365544
   -1.618396215   -2.792526803 -104.020213520   15.361912820   33.469722092
   -1.427996661   -2.792526803 -100.552232369   21.623962797   35.441545193
   -1.237597106   -2.792526803  -95.610287211   30.451629297   36.149959552
   -1.047197551   -2.792526803  -88.963170804   38.966917708   34.876026298
   -0.856797996   -2.792526803  -80.978684881   43.958597704   31.347679566
   -0.666398442   -2.792526803  -72.584759635   42.907864881   25.791632062
   -0.475998887   -2.792526803  -65.067030737   34.699303335   18.824462969
   -0.285599332   -2.792526803  -59.783941202   19.639483305   11.218943144
   -0.095199777   -2.792526803  -57.895152260   -0.527858237    3.722169732
    0.095199777   -2.792526803  -60.083949095  -22.508068522   -3.069076884
    0.285599332   -2.792526803  -66.257755448  -41.478118829   -8.704532505
    0.475998887   -2.792526803  -75.311355609  -51.848564497  -12.847073810
    0.666398442   -2.792526803  -85.142518952  -49.099318373  -15.250276946
    0.856797996   -2.792526803  -93.081073186  -32.222370781  -15.820469002
    1.047197551   -2.792526803  -96.736582588   -5.136891117  -14.689816577
    1.237597106   -2.792526803  -94.892404259   23.986037447  -12.264608294
    1.427996661   -2.792526803  -88.055467158   45.895863200   -9.108868333
    1.618396215   -2.792526803  -78.299962466   53.920903836   -5.734008697
    1.808795770   -2.792526803  -68.523218603   46.253640281   -2.394188068
    1.999195325   -2.792526803  -61.492788412   25.909521840    0.975617038
    2.189594880   -2.792526803  -59.080103641   -1.116991796    4.628253365
    2.379994435   -2.792526803  -61.906364655  -28.029616117    8.777538446
    2.570393989   -2.792526803  -69.365562866  -48.942660857   13.394059426
    2.760793544   -2.792526803  -79.903361993  -59.932134523   18.146787796
    2.951193099   -2.792526803  -91.449452710  -59.572198151   22.498613909

   -3.141592654   -2.443460953  -93.258911050  -44.500458829   23.391715692
   -2.951193099   -2.443460953 -100.391328008  -29.901383922   24.967625642
   -2.760793544   -2.443460953 -104.498894311  -13.419668643   25.480148518
   -2.570393989   -2.443460953 -105.632950282    0.779446228   25.298071589
   -2.379994435   -2.443460953 -104.503399364   10.146012556   24.916095548
   -2.189594880   -2.443460953 -102.086438862   14.465530978   24.783718069
   -1.999195325   -2.443460953  -99.195437208   15.577898243   25.145434178
   -1.808795770   -2.443460953  -96.184756236   16.156412666   25.926410007
   -1.618396215   -2.443460953  -92.933221582   18.343947457   26.708990228
   -1.427996661   -2.443460953  -89.050808759   22.719283681   26.838238607
   -1.237597106   -2.443460953  -84.204490126   28.158585853   25.642942305
   -1.047197551   -2.443460953  -78.390389582   32.468798636   22.698920433
   -0.856797996   -2.443460953  -72.039195502   33.425641953   17.994590043
   -0.666398442   -2.443460953  -65.953276697   29.463724445   11.945794381
   -0.475998887   -2.443460953  -61.141103901   20.037657760    5.264638974
   -0.285599332   -2.443460953  -58.622632682    5.554779446   -1.279923827
   -0.095199777   -2.443460953  -59.241641275  -12.578514761   -7.044269881
    0.095199777   -2.443460953  -63.454899637  -31.609547740  -11.624917338
    0.285599332   -2.443460953  -71.048916774  -47.265124497  -14.839479511
    0.475998887   -2.443460953  -80.890995171  -54.366819007  -16.663443572
    0.666398442   -2.443460953  -90.915164430  -48.674529082  -17.154774110
    0.856797996   -2.443460953  -98.534905303  -29.380448912  -16.440477801
    1.047197551   -2.443460953 -101.476637006   -0.598378780  -14.714173970
    1.237597106   -2.443460953  -98.671547616   29.424103156  -12.263513966
    1.427996661   -2.443460953  -90.771497031   51.541453035   -9.401734830
    1.618396215   -2.443460953  -79.952144315   59.435029371   -6.370965514
    1.808795770   -2.443460953  -69.132562301   51.747461505   -3.242333049
    1.999195325   -2.443460953  -61.023409417   31.825773147    0.091192652
    2.189594880   -2.443460953  -57.406342582    5.663366028    3.805421554
    2.379994435   -2.443460953  -58.846624370  -20.287945368    7.977841965
    2.570393989   -2.443460953  -64.768737789  -40.663224492   12.451889247
    2.760793544   -2.443460953  -73.742669572  -51.961063307   16.834404234
    2.951193099   -2.443460953  -83.877323393  -52.878830422   20.619938441

   -3.141592654   -2.094395102  -86.870665610  -40.937914112   13.918431117
   -2.951193099   -2.094395102  -93.473477888  -27.877322045   14.986874476
   -2.760793544   -2.094395102  -97.320413711  -12.650210436   15.526791169
   -2.570393989   -2.094395102  -98.392012790    0.745595011   15.750604782
   -2.379994435   -2.094395102  -97.310109733    9.748072870   15.822433139
   -2.189594880   -2.094395102  -94.978860801   13.992852767   15.796684877
   -1.999195325   -2.094395102  -92.181463300   15.038878722   15.611083127
   -1.808795770   -2.094395102  -89.305394951   15.193161384   15.096275550
   -1.618396215   -2.094395102  -86.330768907   16.270898527   14.003483031
   -1.427996661   -2.094395102  -83.012834347   18.741898049   12.066904443
   -1.237597106   -2.094395102  -79.153789368   21.725328008    9.104558452
   -1.047197551   -2.094395102  -74.804398451   23.588557356    5.140653921
   -0.856797996   -2.094395102  -70.327689592   22.794907400    0.446309461
   -0.666398442   -2.094395102  -66.336686052   18.337138036   -4.501907176
   -0.475998887   -2.094395102  -63.577507452    9.832826336   -9.145463842
   -0.285599332   -2.094395102  -62.818822385   -2.560327827  -13.013721613
   -0.095199777   -2.094395102  -64.731158750  -17.993007194  -15.830635674
    0.095199777   -2.094395102  -69.713722344  -34.308590320  -17.560676156
    0.285599332   -2.094395102  -77.594967756  -47.667420001  -18.348750115
    0.475998887   -2.094395102  -87.341554679  -53.048041293  -18.422118785
    0.666398442   -2.094395102  -96.992924964  -46.148578193  -17.976893204
    0.856797996   -2.094395102 -104.047422386  -26.003383808  -17.124828864
    1.047197551   -2.094395102 -106.286668185    3.372435128  -15.873407590
    1.237597106   -2.094395102 -102.686103260   33.780754743  -14.206739450
    1.427996661   -2.094395102  -93.934226585   56.107879212  -12.121100007
    1.618396215   -2.094395102  -82.231334572   64.146388828   -9.656636123
    1.808795770   -2.094395102  -70.493503203   56.702097266   -6.864734218
    1.999195325   -2.094395102  -61.398870888   37.251190165   -3.784401951
    2.189594880   -2.094395102  -56.687806794   11.732375330   -0.453400985
    2.379994435   -2.094395102  -56.913965353  -13.657059106    3.036567459
    2.570393989   -2.094395102  -61.550417084  -33.895254225    6.486225740
    2.760793544   -2.094395102  -69.272903144  -45.710140108    9.611575907
    2.951193099   -2.094395102  -78.318200673  -47.781859112   12.136858221

   -3.141592654   -1.745329252  -84.246895653  -39.056763036    4.514081524
   -2.951193099   -1.745329252  -90.567797918  -26.753455707    4.853876449
   -2.760793544   -1.745329252  -94.250153959  -12.017126036    5.103629694
   -2.570393989   -1.745329252  -95.233290520    1.047762734    5.332745711
   -2.379994435   -1.745329252  -94.129718789    9.643031496    5.425041848
   -2.189594880   -1.745329252  -91.879893681   13.177076887    5.114382432
   -1.999195325   -1.745329252  -89.340546406   13.060812351    4.114497347
   -1.808795770   -1.745329252  -86.989829442   11.581662727    2.246401265
   -1.618396215   -1.745329252  -84.886544448   10.701487818   -0.488399188
   -1.427996661   -1.745329252  -82.817569215   11.232088560   -3.908114061
   -1.237597106   -1.745329252  -80.537297810   12.789531542   -7.706355389
   -1.047197551   -1.745329252  -77.949889632   14.221907877  -11.503833179
   -0.856797996   -1.745329252  -75.198497652   14.258699099  -14.921550732
   -0.666398442   -1.745329252  -72.657398613   11.819093029  -17.629291722
   -0.475998887   -1.745329252  -70.882856260    6.085365518  -19.391666615
   -0.285599332   -1.745329252  -70.558914363   -3.404953250  -20.125308753
   -0.095199777   -1.745329252  -72.390562589  -16.421573349  -19.922158191
    0.095199777   -1.745329252  -76.914047431  -31.223939678  -19.055981599
    0.285599332   -1.745329252  -84.147157498  -44.105296454  -17.906078328
    0.475998887   -1.745329252  -93.241617767  -49.866403385  -16.843282892
    0.666398442   -1.745329252 -102.362259084  -43.789332928  -16.090698381
    0.856797996   -1.745329252 -109.044448070  -24.389648893  -15.643986914
    1.047197551   -1.745329252 -111.012992046    4.695109423  -15.266662140
    1.237597106   -1.745329252 -107.140109200   35.406452886  -14.628854610
    1.427996661   -1.745329252  -98.011701586   58.474453998  -13.452185709
    1.618396215   -1.745329252  -85.772292657   67.404585752  -11.639385645
    1.808795770   -1.745329252  -73.335252064   60.743769312   -9.281424775
    1.999195325   -1.745329252  -63.412641387   41.851086215   -6.593838428
    2.189594880   -1.745329252  -57.792212354   16.629935227   -3.825497794
    2.379994435   -1.745329252  -57.080062837   -8.762297474   -1.213620968
    2.570393989   -1.745329252  -60.812354226  -29.362530885    1.029905205
    2.760793544   -1.745329252  -67.734829003  -41.898621280    2.745737146
    2.951193099   -1.745329252  -76.143920692  -44.930252774    3.877151586

   -3.141592654   -1.396263402  -86.058584830  -39.792583988    2.452410573
   -2.951193099   -1.396263402  -92.490135127  -27.100958046    2.248052927
   -2.760793544   -1.396263402  -96.173115407  -11.680694110    2.015240661
   -2.570393989   -1.396263402  -97.039788256    1.843866250    1.754381786
   -2.379994435   -1.396263402  -95.796500886   10.158695653    1.251704875
   -2.189594880   -1.396263402  -93.552838050   12.434262959    0.141222865
   -1.999195325   -1.396263402  -91.342346473   10.246052974   -1.917179651
   -1.808795770   -1.396263402  -89.753135292    6.402777282   -5.053559089
   -1.618396215   -1.396263402  -88.835100144    3.554537180   -9.075200065
   -1.427996661   -1.396263402  -88.237683408    3.127216226  -13.487050868
   -1.237597106   -1.396263402  -87.485183456    5.086748191  -17.640336932
   -1.047197551   -1.396263402  -86.218834511    8.251812322  -20.914225968
   -0.856797996   -1.396263402  -84.358726216   10.981239429  -22.889314139
   -0.666398442   -1.396263402  -82.148127472   11.635879486  -23.416546013
   -0.475998887   -1.396263402  -80.125210247    8.788450512  -22.603803589
   -0.285599332   -1.396263402  -79.066212884    1.457316348  -20.757931842
   -0.095199777   -1.396263402  -79.852400743  -10.507757870  -18.302606087
    0.095199777   -1.396263402  -83.251001025  -25.533475364  -15.721182442
    0.285599332   -1.396263402  -89.518217623  -39.819779000  -13.455940503
    0.475998887   -1.396263402  -97.996505255  -47.754403431  -11.816432947
    0.666398442   -1.396263402 -106.933940627  -43.926453350  -10.889086386
    0.856797996   -1.396263402 -113.806000908  -26.076612560  -10.518503179
    1.047197551   -1.396263402 -116.146248358    2.692341416  -10.357162750
    1.237597106   -1.396263402 -112.579004110   34.375448198  -10.021487314
    1.427996661   -1.396263402 -103.482595760   59.230912867   -9.226629366
    1.618396215   -1.396263402  -90.915380403   70.031944965   -7.885996760
    1.808795770   -1.396263402  -77.840567984   64.668930790   -6.099635758
    1.999195325   -1.396263402  -67.115555057   46.190600446   -4.079703604
    2.189594880   -1.396263402  -60.697853347   20.532939562   -2.061372389
    2.379994435   -1.396263402  -59.333765527   -5.896123309   -0.258007391
    2.570393989   -1.396263402  -62.643025627  -27.804108772    1.155250965
    2.760793544   -1.396263402  -69.390388331  -41.572814378    2.064263454
    2.951193099   -1.396263402  -77.826462609  -45.443048215    2.457714492

   -3.141592654   -1.047197551  -88.841428986  -42.081750747    4.023183297
   -2.951193099   -1.047197551  -95.663513829  -28.844413155    2.798803717
   -2.760793544   -1.047197551  -99.604201319  -12.662493829    1.481130252
   -2.570393989   -1.047197551 -100.607915222    1.277293890    0.149804701
   -2.379994435   -1.047197551  -99.498259662    9.150218491   -1.341549414
   -2.189594880   -1.047197551  -97.569594788    9.981954104   -3.328919571
   -1.999195325   -1.047197551  -96.019604693    5.707477279   -6.151987757
   -1.808795770   -1.047197551  -95.489188523   -0.083911789   -9.918852163
   -1.618396215   -1.047197551  -95.917114182   -3.863430093  -14.336600706
   -1.427996661   -1.047197551  -96.696696508   -3.636233571  -18.730097656
   -1.237597106   -1.047197551  -97.040270690    0.574111378  -22.261173528
   -1.047197551   -1.047197551  -96.330169175    7.027392024  -24.226867432
   -0.856797996   -1.047197551  -94.368288707   13.231355416  -24.309301687
   -0.666398442   -1.047197551  -91.441051083   16.751375264  -22.643966953
   -0.475998887   -1.047197551  -88.257395834   15.644397649  -19.719823009
   -0.285599332   -1.047197551  -85.830878660    8.750463714  -16.189686159
   -0.095199777   -1.047197551  -85.286529463   -4.019096370  -12.669022339
    0.095199777   -1.047197551  -87.605582590  -20.812827136   -9.614575445
    0.285599332   -1.047197551  -93.188643554  -37.396839952   -7.247263986
    0.475998887   -1.047197551 -101.426111966  -47.589715038   -5.568447691
    0.666398442   -1.047197551 -110.500392274  -45.389239746   -4.422576109
    0.856797996   -1.047197551 -117.723052287  -28.113247354   -3.597691279
    1.047197551   -1.047197551 -120.413237979    1.207013381   -2.897222065
    1.237597106   -1.047197551 -117.006148542   34.257538654   -2.184451546
    1.427996661   -1.047197551 -107.776504697   60.725225176   -1.369161036
    1.618396215   -1.047197551  -94.793044739   72.805217848   -0.401124066
    1.808795770   -1.047197551  -81.122838755   68.007768264    0.731159727
    1.999195325   -1.047197551  -69.771403897   49.300895353    1.984659864
    2.189594880   -1.047197551  -62.836104701   22.767098999    3.251885397
    2.379994435   -1.047197551  -61.163102616   -4.926274107    4.361524947
    2.570393989   -1.047197551  -64.418611468  -28.198549369    5.110681694
    2.760793544   -1.047197551  -71.358145653  -43.132369354    5.324639650
    2.951193099   -1.047197551  -80.166688028  -47.692631447    4.934777252

   -3.141592654   -0.698131701  -89.025341802  -45.768779185    4.212572698
   -2.951193099   -0.698131701  -96.562944723  -32.593672058    1.711750916
   -2.760793544   -0.698131701 -101.194756120  -16.149341723   -0.900065644
   -2.570393989   -0.698131701 -102.840892355   -2.036932012   -3.427279533
   -2.379994435   -0.698131701 -102.384324388    5.494512921   -5.907571240
   -2.189594880   -0.698131701 -101.238240181    5.319788276   -8.599703559
   -1.999195325   -0.698131701 -100.705061258   -0.321058065  -11.787819678
   -1.808795770   -0.698131701 -101.430918845   -7.120755057  -15.509507792
   -1.618396215   -0.698131701 -103.208096408  -10.745958230  -19.366201447
   -1.427996661   -0.698131701 -105.156389883   -8.748410803  -22.579656528
   -1.237597106   -0.698131701 -106.186540085   -1.330124185  -24.292860326
   -1.047197551   -0.698131701 -105.473239319    8.991080204  -23.950984075
   -0.856797996   -0.698131701 -102.791236773   18.685719581  -21.558299139
   -0.666398442   -0.698131701  -98.586861027   24.451211969  -17.668246094
   -0.475998887   -0.698131701  -93.854004917   23.929418544  -13.151665887
   -0.285599332   -0.698131701  -89.920855472   16.064160782   -8.866228116
   -0.095199777   -0.698131701  -88.165599533    1.259933539   -5.373087668
    0.095199777   -0.698131701  -89.705918973  -17.907168097   -2.814720474
    0.285599332   -0.698131701  -94.936652305  -36.487890306   -0.946493008
    0.475998887   -0.698131701 -103.123344309  -47.796217450    0.660036583
    0.666398442   -0.698131701 -112.260569933  -45.696987670    2.356654951
    0.856797996   -0.698131701 -119.485222878  -27.748950608    4.219017402
    1.047197551   -0.698131701 -122.011754959    2.554580611    6.035669662
    1.237597106   -0.698131701 -118.260068806   36.470078470    7.478820169
    1.427996661   -0.698131701 -108.553505005   63.446336411    8.344308064
    1.618396215   -0.698131701  -95.034279092   75.646181759    8.675438819
    1.808795770   -0.698131701  -80.837727259   70.645166736    8.706819438
    1.999195325   -0.698131701  -69.024912930   51.466735341    8.692077804
    2.189594880   -0.698131701  -61.742957200   24.198302093    8.742016458
    2.379994435   -0.698131701  -59.889338059   -4.500028671    8.764935377
    2.570393989   -0.698131701  -63.177810566  -28.992401157    8.522836622
    2.760793544   -0.698131701  -70.390323959  -45.188654610    7.753076194
    2.951193099   -0.698131701  -79.695512616  -50.794609323    6.303281437

   -3.141592654   -0.349065850  -87.879125973  -51.132777342    3.349074834
   -2.951193099   -0.349065850  -96.490751384  -38.387318390    0.212227598
   -2.760793544   -0.349065850 -102.217417090  -21.762857456   -2.956943686
   -2.570393989   -0.349065850 -104.888750829   -7.178118397   -5.950263606
   -2.379994435   -0.349065850 -105.376359924    0.656398246   -8.756052331
   -2.189594880   -0.349065850 -105.158023264    0.341839830  -11.539060074
   -1.999195325   -0.349065850 -105.610786985   -5.697795686  -14.458771030
   -1.808795770   -0.349065850 -107.374386537  -12.512442963  -17.427802437
   -1.618396215   -0.349065850 -110.095986234  -15.036020279  -19.974336286
   -1.427996661   -0.349065850 -112.642115554  -10.497900546  -21.358378971
   -1.237597106   -0.349065850 -113.673915915    0.515180279  -20.910198294
   -1.047197551   -0.349065850 -112.251416442   14.509401519  -18.404059553
   -0.856797996   -0.349065850 -108.244630957   26.827440639  -14.234286303
   -0.666398442   -0.349065850 -102.381264006   33.400413635   -9.286444425
   -0.475998887   -0.349065850  -96.021451175   31.778182415   -4.592062917
   -0.285599332   -0.349065850  -90.810720002   21.486521027   -0.924689394
   -0.095199777   -0.349065850  -88.287690409    3.932499927    1.468286839
    0.095199777   -0.349065850  -89.529611942  -17.251799661    2.909015113
    0.285599332   -0.349065850  -94.717867668  -36.438050626    4.096563692
    0.475998887   -0.349065850 -102.835188430  -46.919966482    5.737755054
    0.666398442   -0.349065850 -111.656586440  -43.220637390    8.166694405
    0.856797996   -0.349065850 -118.265312338  -23.886357428   11.148650110
    1.047197551   -0.349065850 -119.997965891    6.814012452   14.001988726
    1.237597106   -0.349065850 -115.488215670   40.001921991   15.981230801
    1.427996661   -0.349065850 -105.235215560   65.603958292   16.684831304
    1.618396215   -0.349065850  -91.436869525   76.480946074   16.222495424
    1.808795770   -0.349065850  -77.168868995   70.664098764   15.067590645
    1.999195325   -0.349065850  -65.388589764   51.171940024   13.737434418
    2.189594880   -0.349065850  -58.176619610   23.752015573   12.520929395
    2.379994435   -0.349065850  -56.439699801   -5.341998060   11.395894800
    2.570393989   -0.349065850  -59.963259523  -30.697737437   10.126107660
    2.760793544   -0.349065850  -67.616476312  -48.159725031    8.435290522
    2.951193099   -0.349065850  -77.617870968  -55.123039990    6.164415899

   -3.141592654    0.000000000  -86.931017455  -56.934227230    1.646238194
   -2.951193099    0.000000000  -96.681482219  -44.443352785   -1.420365421
   -2.760793544    0.000000000 -103.548021350  -27.599202559   -4.375234902
   -2.570393989    0.000000000 -107.288334920  -12.550691929   -7.079048426
   -2.379994435    0.000000000 -108.757573371   -4.311086437   -9.540742632
   -2.189594880    0.000000000 -109.461664029   -4.395510585  -11.871170700
   -1.999195325    0.000000000 -110.792021026  -10.117520760  -14.118256263
   -1.808795770    0.000000000 -113.319846372  -15.955672102  -16.083692781
   -1.618396215    0.000000000 -116.515160493  -16.353102152  -17.270323198
   -1.427996661    0.000000000 -119.018687863   -8.580544063  -17.060836578
   -1.237597106    0.000000000 -119.340148500    6.031892375  -15.058791281
   -1.047197551    0.000000000 -116.577246853   22.840222378  -11.388591669
   -0.856797996    0.000000000 -110.852385466   36.193068738   -6.738776007
   -0.666398442    0.000000000 -103.276072544   41.691219331   -2.106224670
   -0.475998887    0.000000000  -95.574517764   37.391898495    1.608051950
   -0.285599332    0.000000000  -89.598469421   23.931023191    3.976453120
   -0.095199777    0.000000000  -86.858507865    3.982382759    5.191590919
    0.095199777    0.000000000  -88.187559787  -17.893589563    5.967918881
    0.285599332    0.000000000  -93.409352981  -35.861812484    7.208441346
    0.475998887    0.000000000 -101.191145734  -43.861794546    9.571223159
    0.666398442    0.000000000 -109.181633682  -37.681891027   13.109499063
    0.856797996    0.000000000 -114.592486905  -17.158549308   17.186683433
    1.047197551    0.000000000 -115.082633363   12.799782247   20.744419204
    1.237597106    0.000000000 -109.637013111   43.652389784   22.818098606
    1.427996661    0.000000000  -98.964363451   66.379559087   22.990604782
    1.618396215    0.000000000  -85.254804115   74.942571054   21.522601383
    1.808795770    0.000000000  -71.412365732   67.932644409   19.109310264
    1.999195325    0.000000000  -60.185604363   48.215395029   16.467894757
    2.189594880    0.000000000  -53.521684052   20.967335218   14.019610209
    2.379994435    0.000000000  -52.309441232   -8.129462916   11.811515499
    2.570393989    0.000000000  -56.400062885  -33.946486199    9.648258665
    2.760793544    0.000000000  -64.749211449  -52.270078455    7.290969599
    2.951193099    0.000000000  -75.626290785  -60.201910473    4.610784974

   -3.141592654    0.349065850  -85.249860755  -61.076234383    1.009426644
   -2.951193099    0.349065850  -95.816057638  -48.828680918   -0.904603046
   -2.760793544    0.349065850 -103.532484043  -32.101634838   -2.632985937
   -2.570393989    0.349065850 -108.133914274  -17.072089249   -4.224827665
   -2.379994435    0.349065850 -110.460159253   -8.773580970   -5.764339603
   -2.189594880    0.349065850 -111.996542106   -8.623710558   -7.306408519
   -1.999195325    0.349065850 -114.077264884  -13.660123147   -8.781333898
   -1.808795770    0.349065850 -117.153925653  -18.019771770   -9.927347303
   -1.618396215    0.349065850 -120.528278850  -16.026638297  -10.329591350
   -1.427996661    0.349065850 -122.693530113   -5.313831811   -9.597423138
   -1.237597106    0.349065850 -122.127847203   11.953712318   -7.605891251
   -1.047197551    0.349065850 -118.074703603   30.196273255   -4.648882474
   -0.856797996    0.349065850 -110.951730547   43.218695545   -1.367978174
   -0.666398442    0.349065850 -102.201372939   46.784040926    1.522338550
   -0.475998887    0.349065850  -93.782508248   39.807377969    3.555228664
   -0.285599332    0.349065850  -87.576035497   24.099682996    4.745802903
   -0.095199777    0.349065850  -84.907107286    3.367152225    5.581338343
    0.095199777    0.349065850  -86.275119787  -17.373447430    6.830178270
    0.285599332    0.349065850  -91.157376572  -32.626135810    9.186719069
    0.475998887    0.349065850  -98.013447542  -37.417237519   12.919255815
    0.666398442    0.349065850 -104.534652304  -28.978358273   17.651713746
    0.856797996    0.349065850 -108.233740528   -8.303065788   22.427784680
    1.047197551    0.349065850 -107.214469560   19.430889336   26.064763550
    1.237597106    0.349065850 -100.855646560   46.456388535   27.664249244
    1.427996661    0.349065850  -90.042232984   65.151884419   26.978301338
    1.618396215    0.349065850  -76.874003309   70.742241988   24.445358027
    1.808795770    0.349065850  -63.985907926   62.384810063   20.890804026
    1.999195325    0.349065850  -53.829448460   42.704487794   17.116586354
    2.189594880    0.349065850  -48.149853187   16.193599136   13.622233532
    2.379994435    0.349065850  -47.770160916  -12.137491697   10.556642576
    2.570393989    0.349065850  -52.577562575  -37.538678467    7.853099688
    2.760793544    0.349065850  -61.603769309  -55.851470200    5.395795052
    2.951193099    0.349065850  -73.183913061  -64.031667261    3.117010764

   -3.141592654    0.698131701  -83.586052541  -63.167684460    0.396557282
   -2.951193099    0.698131701  -94.549611954  -50.911913219    0.081073241
   -2.760793544    0.698131701 -102.672296710  -34.273766811   -0.039377084
   -2.570393989    0.698131701 -107.697380288  -19.333027992   -0.201170739
   -2.379994435    0.698131701 -110.455781741  -11.024240065   -0.559158674
   -2.189594880    0.698131701 -112.406233866  -10.677359938   -1.132502280
   -1.999195325    0.698131701 -114.837794123  -15.230098570   -1.805669913
   -1.808795770    0.698131701 -118.138778660  -18.740388138   -2.372301801
   -1.618396215    0.698131701 -121.543342581  -15.582488459   -2.616084366
   -1.427996661    0.698131701 -123.506151049   -3.651434253   -2.403802019
   -1.237597106    0.698131701 -122.533672851   14.460399849   -1.752961263
   -1.047197551    0.698131701 -117.978890917   32.810413490   -0.832871616
   -0.856797996    0.698131701 -110.412798442   45.143322977    0.135949617
   -0.666398442    0.698131701 -101.401699143   47.575937123    1.027611592
   -0.475998887    0.698131701  -92.927251921   39.709217190    1.918009607
   -0.285599332    0.698131701  -86.752799384   24.061980759    3.121287551
   -0.095199777    0.698131701  -83.975976907    4.778492325    5.074680012
    0.095199777    0.698131701  -84.832785837  -13.248181281    8.172207342
    0.285599332    0.698131701  -88.619944756  -25.249300650   12.528664412
    0.475998887    0.698131701  -93.801709045  -27.423403465   17.817590476
    0.666398442    0.698131701  -98.307313166  -18.184306660   23.244593298
    0.856797996    0.698131701 -100.067921805    0.841845209   27.740250707
    1.047197551    0.698131701  -97.641600559   24.783142130   30.310065479
    1.237597106    0.698131701  -90.715412600   47.024649324   30.426240579
    1.427996661    0.698131701  -80.222851320   61.410464127   28.207703183
    1.618396215    0.698131701  -68.060027762   64.235421104   24.324316307
    1.808795770    0.698131701  -56.526168120   54.951528428   19.670919845
    1.999195325    0.698131701  -47.755229380   35.761583968   15.022421138
    2.189594880    0.698131701  -43.289883513   10.435774435   10.855921538
    2.379994435    0.698131701  -43.883130796  -16.623467756    7.363401056
    2.570393989    0.698131701  -49.441000570  -40.986787459    4.586066700
    2.760793544    0.698131701  -59.049955730  -58.577772200    2.523254961
    2.951193099    0.698131701  -71.103974723  -66.321211425    1.154123071

   -3.141592654    1.047197551  -84.760544694  -63.417698619   -4.424992877
   -2.951193099    1.047197551  -95.691313803  -50.372178250   -3.527191178
   -2.760793544    1.047197551 -103.674187805  -33.406070999   -2.305873837
   -2.570393989    1.047197551 -108.535919556  -18.531491335   -1.122390855
   -2.379994435    1.047197551 -111.165786607  -10.488887679   -0.199391389
   -2.189594880    1.047197551 -113.041519722  -10.412433131    0.410858229
   -1.999195325    1.047197551 -115.440186840  -15.124104324    0.756975147
   -1.808795770    1.047197551 -118.727165399  -18.687912122    0.889095902
   -1.618396215    1.047197551 -122.125096159  -15.577260475    0.801146756
   -1.427996661    1.047197551 -124.099195101   -3.803783271    0.453383388
   -1.237597106    1.047197551 -123.181989783   14.002155081   -0.142672939
   -1.047197551    1.047197551 -118.746371200   32.019691410   -0.851327890
   -0.856797996    1.047197551 -111.345082150   44.268506442   -1.379685826
   -0.666398442    1.047197551 -102.465264196   47.190635305   -1.330528665
   -0.475998887    1.047197551  -93.952794032   40.649954698   -0.306081445
   -0.285599332    1.047197551  -87.403827300   27.177435437    2.003760342
   -0.095199777    1.047197551  -83.778115930   10.631685362    5.715706909
    0.095199777    1.047197551  -83.258885236   -4.723913718   10.702005217
    0.285599332    1.047197551  -85.231723378  -14.934118748   16.513443039
    0.475998887    1.047197551  -88.403825784  -16.953972879   22.386581755
    0.666398442    1.047197551  -91.061110521   -9.572380461   27.347065381
    0.856797996    1.047197551  -91.504080969    5.827840244   30.461590785
    1.047197551    1.047197551  -88.553184788   25.257233440   31.120949758
    1.237597106    1.047197551  -81.953449326   43.261141370   29.273198060
    1.427996661    1.047197551  -72.487151886   54.655069921   25.403920151
    1.618396215    1.047197551  -61.766675056   56.105104710   20.325550443
    1.808795770    1.047197551  -51.797405262   46.824980572   14.865332167
    1.999195325    1.047197551  -44.504593874   28.441023688    9.635516009
    2.189594880    1.047197551  -41.331273509    4.197742321    4.991583020
    2.379994435    1.047197551  -43.005890027  -21.744203549    1.117605427
    2.570393989    1.047197551  -49.430099731  -44.950407110   -1.847557080
    2.760793544    1.047197551  -59.676416379  -61.286283169   -3.774106432
    2.951193099    1.047197551  -72.122778128  -67.727280469   -4.600401450

   -3.141592654    1.396263402  -89.880842666  -61.977530395   -9.927744677
   -2.951193099    1.396263402 -100.350016948  -47.087059020   -8.418117281
   -2.760793544    1.396263402 -107.602895991  -29.169374246   -6.554194634
   -2.570393989    1.396263402 -111.639582164  -14.228733606   -4.710680560
   -2.379994435    1.396263402 -113.495257751   -6.734920625   -3.074246900
   -2.189594880    1.396263402 -114.736085338   -7.531785510   -1.644508576
   -1.999195325    1.396263402 -116.683659454  -13.292913534   -0.368602996
   -1.808795770    1.396263402 -119.736265887  -18.096743713    0.715867363
   -1.618396215    1.396263402 -123.155653972  -16.427501081    1.444405834
   -1.427996661    1.396263402 -125.431547864   -6.105020924    1.635000270
   -1.237597106    1.396263402 -125.058528044   10.689779129    1.275856287
   -1.047197551    1.396263402 -121.274059884   28.683174728    0.633450789
   -0.856797996    1.396263402 -114.403464024   42.257866394    0.225867965
   -0.666398442    1.396263402 -105.674196539   47.800666859    0.641921281
   -0.475998887    1.396263402  -96.724342954   44.720537701    2.323508593
   -0.285599332    1.396263402  -89.056573556   34.802408905    5.428381322
   -0.095199777    1.396263402  -83.689890679   21.118321004    9.764333623
    0.095199777    1.396263402  -81.008403838    7.215823955   14.828014949
    0.285599332    1.396263402  -80.716262161   -3.421097100   19.853046217
    0.475998887    1.396263402  -81.895746978   -7.854429359   23.948049578
    0.666398442    1.396263402  -83.183085036   -4.478077568   26.295162332
    0.856797996    1.396263402  -83.104283179    6.179002521   26.406972592
    1.047197551    1.396263402  -80.518348456   21.220726858   24.276383300
    1.237597106    1.396263402  -75.012854037   36.047366740   20.393795387
    1.427996661    1.396263402  -67.098946922   45.803191743   15.517072840
    1.618396215    1.396263402  -58.114362716   46.882831460   10.388563867
    1.808795770    1.396263402  -49.875227058   37.928618659    5.508331788
    1.999195325    1.396263402  -44.226145876   20.079835106    1.091441593
    2.189594880    1.396263402  -42.590044871   -3.571751783   -2.808035437
    2.379994435    1.396263402  -45.670515501  -28.671751241   -6.126240822
    2.570393989    1.396263402  -53.292554315  -50.489663449   -8.686406430
    2.760793544    1.396263402  -64.409317423  -64.776812551  -10.245456742
    2.951193099    1.396263402  -77.288135060  -68.725455628  -10.638805925

   -3.141592654    1.745329252  -96.248692099  -59.919528357  -16.290796086
   -2.951193099    1.745329252 -106.164408341  -43.467679933  -14.814823367
   -2.760793544    1.745329252 -112.647004661  -24.836464123  -12.741059661
   -2.570393989    1.745329252 -115.850695764   -9.910177482  -10.385171979
   -2.379994435    1.745329252 -116.919705521   -2.833542831   -7.915276058
   -2.189594880    1.745329252 -117.470428241   -4.203388097   -5.353172084
   -1.999195325    1.745329252 -118.848213044  -10.671029318   -2.712701152
   -1.808795770    1.745329252 -121.487985119  -16.439510929   -0.139894933
   -1.618396215    1.745329252 -124.706123540  -16.014970893    2.061642543
   -1.427996661    1.745329252 -127.023706506   -6.923237709    3.575086215
   -1.237597106    1.745329252 -126.881187938    9.216299922    4.299348474
   -1.047197551    1.745329252 -123.352437464   27.675875104    4.480443482
   -0.856797996    1.745329252 -116.523380413   43.027271671    4.665483404
   -0.666398442    1.745329252 -107.395628692   51.321188417    5.465372413
   -0.475998887    1.745329252  -97.486343548   51.249339597    7.277734177
   -0.285599332    1.745329252  -88.329625914   43.741619834   10.123472260
   -0.095199777    1.745329252  -81.131553982   31.150643861   13.615536475
    0.095199777    1.745329252  -76.575240914   16.554795566   17.075186551
    0.285599332    1.745329252  -74.719985864    3.361243139   19.687724099
    0.475998887    1.745329252  -74.973474269   -5.098650509   20.728686709
    0.666398442    1.745329252  -76.176105289   -6.339141857   19.783452327
    0.856797996    1.745329252  -76.857867568    0.230815900   16.924987196
    1.047197551    1.745329252  -75.680263032   12.678922877   12.688152016
    1.237597106    1.745329252  -71.902048914   26.728675168    7.891636006
    1.427996661    1.745329252  -65.716061989   37.137469789    3.289210263
    1.618396215    1.745329252  -58.265019560   39.457284260   -0.688915984
    1.808795770    1.745329252  -51.332024382   31.555282305   -4.015559370
    1.999195325    1.745329252  -46.838211538   14.236463311   -6.927447103
    2.189594880    1.745329252  -46.294099142   -9.211079202   -9.675342602
    2.379994435    1.745329252  -50.419400475  -33.924866994  -12.311400492
    2.570393989    1.745329252  -58.956631965  -54.709927335  -14.621204744
    2.760793544    1.745329252  -70.717541705  -67.192143638  -16.233711772
    2.951193099    1.745329252  -83.843837580  -68.858216204  -16.822106351

   -3.141592654    2.094395102 -103.088738531  -58.536249368  -18.879047708
   -2.951193099    2.094395102 -112.589847898  -40.592251204  -17.554203310
   -2.760793544    2.094395102 -118.426754649  -21.024590550  -15.509714122
   -2.570393989    2.094395102 -120.853109766   -5.620644826  -12.983733439
   -2.379994435    2.094395102 -121.077963403    1.720059794  -10.104283364
   -2.189594880    2.094395102 -120.742647525    0.529181872   -6.874077096
   -1.999195325    2.094395102 -121.214751581   -5.942458993   -3.291276984
   -1.808795770    2.094395102 -122.985240407  -12.127985275    0.507134132
   -1.618396215    2.094395102 -125.462056029  -12.625188702    4.192793866
   -1.427996661    2.094395102 -127.245079855   -4.711613307    7.356739049
   -1.237597106    2.094395102 -126.774507578   10.534302144    9.724003761
   -1.047197551    2.094395102 -123.016448053   28.925376663   11.306233445
   -0.856797996    2.094395102 -115.873892945   45.221352490   12.401046345
   -0.666398442    2.094395102 -106.179437250   55.133317224   13.406838178
   -0.475998887    2.094395102  -95.386093945   56.643930787   14.582311725
   -0.285599332    2.094395102  -85.111656570   49.884343572   15.888012505
   -0.095199777    2.094395102  -76.781434545   36.636823432   16.959171914
    0.095199777    2.094395102  -71.369145483   19.801883244   17.231612176
    0.285599332    2.094395102  -69.213573289    3.105218158   16.135639972
    0.475998887    2.094395102  -69.895675358   -9.345089058   13.348140462
    0.666398442    2.094395102  -72.251229673  -14.006387594    8.986700836
    0.856797996    2.094395102  -74.603999680   -9.343138890    3.670387708
    1.047197551    2.094395102  -75.275537077    3.159590218   -1.673413133
    1.237597106    2.094395102  -73.169246204   18.889053120   -6.144753853
    1.427996661    2.094395102  -68.250122412   31.691805626   -9.248195176
    1.618396215    2.094395102  -61.627646189   36.068341819  -11.046222414
    1.808795770    2.094395102  -55.222709955   29.208041912  -12.044793572
    1.999195325    2.094395102  -51.165346982   11.853961082  -12.884984622
    2.189594880    2.094395102  -51.131365883  -12.219704382  -14.030568131
    2.379994435    2.094395102  -55.885460147  -37.433709062  -15.580109828
    2.570393989    2.094395102  -65.085891614  -58.011296955  -17.271792882
    2.760793544    2.094395102  -77.385310673  -69.395951514  -18.643803999
    2.951193099    2.094395102  -90.772988408  -69.328331747  -19.255701118

   -3.141592654    2.443460953 -109.503422418  -57.888379788  -13.018923354
   -2.951193099    2.443460953 -118.755383712  -38.672532961  -11.385591453
   -2.760793544    2.443460953 -124.121087786  -18.038328284   -9.237515580
   -2.570393989    2.443460953 -125.888405577   -1.699803494   -6.786168511
   -2.379994435    2.443460953 -125.274603948    6.620618247   -4.121995826
   -2.189594880    2.443460953 -123.903525069    6.508622363   -1.169498521
   -1.999195325    2.443460953 -123.138466137    1.026823460    2.210447611
   -1.808795770    2.443460953 -123.520462904   -4.622409417    6.045958184
   -1.618396215    2.443460953 -124.574093468   -5.323951144   10.121464916
   -1.427996661    2.443460953 -125.044972268    1.661766128   14.003852166
   -1.237597106    2.443460953 -123.482300726   15.599773638   17.220140596
   -1.047197551    2.443460953 -118.880334057   32.769030082   19.459344235
   -0.856797996    2.443460953 -111.091676211   48.229066146   20.674328923
   -0.666398442    2.443460953 -100.875614375   57.626822681   21.006898492
   -0.475998887    2.443460953  -89.656374534   58.566649039   20.613441401
   -0.285599332    2.443460953  -79.109774286   50.688487115   19.505768084
   -0.095199777    2.443460953  -70.802040708   35.432899197   17.501892600
    0.095199777    2.443460953  -65.881930551   15.706941857   14.326613977
    0.285599332    2.443460953  -64.820352986   -4.305147451    9.804361660
    0.475998887    2.443460953  -67.203429648  -19.651255189    4.084314123
    0.666398442    2.443460953  -71.694793362  -25.822757628   -2.244202482
    0.856797996    2.443460953  -76.283444025  -20.650250119   -8.235683662
    1.047197551    2.443460953  -78.899625820   -5.670914466  -12.905196471
    1.237597106    2.443460953  -78.140349975   13.665794109  -15.615637767
    1.427996661    2.443460953  -73.870927038   29.974766959  -16.349456955
    1.618396215    2.443460953  -67.328075459   36.701623834  -15.672233459
    1.808795770    2.443460953  -60.706768366   30.595635305  -14.437879486
    1.999195325    2.443460953  -56.426343193   12.643872741  -13.409453752
    2.189594880    2.443460953  -56.358403602  -12.685050453  -13.003389516
    2.379994435    2.443460953  -61.317955363  -39.042870486  -13.218165225
    2.570393989    2.443460953  -70.883996577  -60.098888705  -13.737082028
    2.760793544    2.443460953  -83.559597987  -71.117001731  -14.109596498
    2.951193099    2.443460953  -97.183958101  -70.011732769  -13.938212924

   -3.141592654    2.792526803 -112.776329754  -56.451947881    1.128702521
   -2.951193099    2.792526803 -121.668914378  -36.377370336    3.147326670
   -2.760793544    2.792526803 -126.528576109  -15.061417035    4.981102256
   -2.570393989    2.792526803 -127.676934109    1.807553329    6.594026778
   -2.379994435    2.792526803 -126.343386738   10.694696975    8.166553718
   -2.189594880    2.792526803 -124.124343139   11.383247527   10.059076987
   -1.999195325    2.792526803 -122.333830547    6.947446312   12.636829010
   -1.808795770    2.792526803 -121.487210867    2.323458341   16.041008902
   -1.618396215    2.792526803 -121.152534503    2.198480716   20.030374321
   -1.427996661    2.792526803 -120.197838392    8.960812076   24.008806689
   -1.237597106    2.792526803 -117.337501402   21.791833554   27.238353350
   -1.047197551    2.792526803 -111.719294102   37.165545127   29.111752930
   -0.856797996    2.792526803 -103.296228237   50.453314113   29.339500976
   -0.666398442    2.792526803  -92.876265290   57.520851621   27.950391492
   -0.475998887    2.792526803  -81.908058582   56.006886701   25.163775753
   -0.285599332    2.792526803  -72.096926304   45.488667577   21.214402703
   -0.095199777    2.792526803  -65.044418760   27.440022663   16.270480221
    0.095199777    2.792526803  -61.904957003    5.057869879   10.464468985
    0.285599332    2.792526803  -63.071811780  -16.885948749    4.020559631
    0.475998887    2.792526803  -67.925734515  -32.731711563   -2.610447698
    0.666398442    2.792526803  -74.804286728  -37.473687513   -8.719918850
    0.856797996    2.792526803  -81.324515492  -29.013391602  -13.486306030
    1.047197551    2.792526803  -85.125700197   -9.654027577  -16.261125929
    1.237597106    2.792526803  -84.708965192   13.936069942  -16.858966233
    1.427996661    2.792526803  -80.077032798   33.243957206  -15.655232881
    1.618396215    2.792526803  -72.768605854   41.178909352  -13.413816523
    1.808795770    2.792526803  -65.312666844   34.680612687  -10.942484751
    1.999195325    2.792526803  -60.372826686   15.408755503   -8.778181709
    2.189594880    2.792526803  -59.923276183  -11.404058958   -7.073756335
    2.379994435    2.792526803  -64.753148756  -38.861586713   -5.673404842
    2.570393989    2.792526803  -74.339569275  -60.379829862   -4.302110394
    2.760793544    2.792526803  -87.060771555  -71.220756788   -2.734935178
    2.951193099    2.792526803 -100.646980741  -69.459105984   -0.896305094
