#! FIELDS phi psi file.free der_phi der_psi
#! SET min_phi -pi
#! SET max_phi pi
#! SET nbins_phi  33
#! SET periodic_phi true
#! SET min_psi -pi
#! SET max_psi pi
#! SET nbins_psi  18
#! SET periodic_psi true
   -3.141592654   -3.141592654  -89.890720480  -53.753036554   15.966064768
   -2.951193099   -3.141592654  -98.426584526  -35.225486971   18.616843033
   -2.760793544   -3.141592654 -103.152696023  -14.634763384   20.363648477
   -2.570393989   -3.141592654 -104.209699339    2.527210529   21.276462023
   -2.379994435   -3.141592654 -102.639247351   12.602526450   21.757271837
   -2.189594880   -3.141592654  -99.897236478   15.040972600   22.404823145
   -1.999195325   -3.141592654  -97.235160281   12.416164482   23.746308627
   -1.808795770   -3.141592654  -95.210944206    9.107203695   25.959177213
   -1.618396215   -3.141592654  -93.540792593    9.248147096   28.721721499
   -1.427996661   -3.141592654  -91.332462185   14.839315727   31.296029086
   -1.237597106   -3.141592654  -87.587777555   24.994459064   32.814337005
   -1.047197551   -3.141592654  -81.718142177   36.475245284   32.620141161
   -0.856797996   -3.141592654  -73.851512444   45.287593693   30.498225035
   -0.666398442   -3.141592654  -64.831706217   48.107385073   26.678323940
   -0.475998887   -3.141592654  -55.988774133   43.331238417   21.670249265
   -0.285599332   -3.141592654  -48.785252372   31.072767574   16.003304102
   -0.095199777   -3.141592654  -44.510315828   12.982568836   10.064607042
    0.095199777   -3.141592654  -44.003215610   -7.880063655    4.065519093
    0.285599332   -3.141592654  -47.390862739  -27.084126840   -1.826802140
    0.475998887   -3.141592654  -53.862432900  -39.410397046   -7.322026869
    0.666398442   -3.141592654  -61.651585905  -40.337258758  -11.920009564
    0.856797996   -3.141592654  -68.374277619  -28.343275348  -15.019175263
    1.047197551   -3.141592654  -71.782344325   -6.361095783  -16.169447049
    1.237597106   -3.141592654  -70.596532401   18.517617982  -15.341848881
    1.427996661   -3.141592654  -65.079074519   37.812771000  -12.984229407
    1.618396215   -3.141592654  -56.967309244   45.029520154   -9.823732366
    1.808795770   -3.141592654  -48.843500990   37.967360807   -6.531002791
    1.999195325   -3.141592654  -43.273703401   18.908403166   -3.451722166
    2.189594880   -3.141592654  -42.071993752   -6.895373460   -0.566922759
    2.379994435   -3.141592654  -45.924996162  -33.133908497    2.360184330
    2.570393989   -3.141592654  -54.345785776  -54.009418792    5.552153784
    2.760793544   -3.141592654  -65.876428401  -65.272504066    9.046861825
    2.951193099   -3.141592654  -78.452271766  -64.920915425   12.642422034

   -3.141592654   -2.792526803  -82.485041445  -48.598675776   23.947238838
   -2.951193099   -2.792526803  -90.239510388  -32.234624646   26.506841166
   -2.760793544   -2.792526803  -94.604409979  -13.774995390   27.776470124
   -2.570393989   -2.792526803  -95.648810510    1.968203432   27.994396200
   -2.379994435   -2.792526803  -94.226662083   11.827699744   27.721461468
   -2.189594880   -2.792526803  -91.549702324   15.318331733   27.634234657
   -1.999195325   -2.792526803  -88.664583505   14.550860466   28.236744975
   -1.808795770   -2.792526803  -86.055684915   13.018184932   29.619702517
   -1.618396215   -2.792526803  -83.548417199   13.888235246   31.373238471
   -1.427996661   -2.792526803  -80.518667317   18.529836359   32.719277040
   -1.237597106   -2.792526803  -76.300321168   26.041123767   32.815900916
   -1.047197551   -2.792526803  -70.577703469   33.793338325   31.086414435
   -0.856797996   -2.792526803  -63.597082382   38.730168576   27.424114787
   -0.666398442   -2.792526803  -56.143610072   38.404563867   22.181782241
   -0.475998887   -2.792526803  -49.354379363   31.685667667   15.999765126
   -0.285599332   -2.792526803  -44.454160688   18.725011091    9.533647087
   -0.095199777   -2.792526803  -42.517263246    0.913992241    3.283455226
    0.095199777   -2.792526803  -44.224053486  -18.956468427   -2.463468134
    0.285599332   -2.792526803  -49.579005236  -36.565184503   -7.522089017
    0.475998887   -2.792526803  -57.653174926  -46.640394360  -11.675714401
    0.666398442   -2.792526803  -66.551320891  -44.648700976  -14.605898279
    0.856797996   -2.792526803  -73.781198860  -29.306842076  -15.986172001
    1.047197551   -2.792526803  -77.061395482   -4.116668860  -15.657837170
    1.237597106   -2.792526803  -75.201955911   23.188094563  -13.799539062
    1.427996661   -2.792526803  -68.657166147   43.744041922  -10.892800358
    1.618396215   -2.792526803  -59.382530803   51.180571743   -7.516383184
    1.808795770   -2.792526803  -50.112663352   43.830810899   -4.080795025
    1.999195325   -2.792526803  -43.448788662   24.597522993   -0.676793358
    2.189594880   -2.792526803  -41.144365346   -0.917129854    2.867097128
    2.379994435   -2.792526803  -43.797660815  -26.476643095    6.786340787
    2.570393989   -2.792526803  -50.882701066  -46.687472037   11.158811149
    2.760793544   -2.792526803  -60.992001351  -57.798320094   15.787744399
    2.951193099   -2.792526803  -72.196256977  -58.158530938   20.229238670

   -3.141592654   -2.443460953  -74.189386218  -43.108386981   22.284232275
   -2.951193099   -2.443460953  -81.109974682  -29.001940155   24.215031811
   -2.760793544   -2.443460953  -85.066301660  -12.644743036   24.997196251
   -2.570393989   -2.443460953  -86.039686320    1.748117018   24.915047867
   -2.379994435   -2.443460953  -84.702795586   11.344339398   24.443518137
   -2.189594880   -2.443460953  -82.060626055   15.567780253   24.067862214
   -1.999195325   -2.443460953  -79.015692812   15.991397584   24.085368460
   -1.808795770   -2.443460953  -76.041691126   15.282779435   24.468175775
   -1.618396215   -2.443460953  -73.110717745   15.839474393   24.837540452
   -1.427996661   -2.443460953  -69.858779285   18.666976140   24.589524049
   -1.237597106   -2.443460953  -65.894356824   23.084064005   23.138101671
   -1.047197551   -2.443460953  -61.081523063   27.197254065   20.166194984
   -0.856797996   -2.443460953  -55.680528182   28.885439392   15.761952622
   -0.666398442   -2.443460953  -50.323157215   26.489175423   10.379452695
   -0.475998887   -2.443460953  -45.881764804   19.200139024    4.667020356
   -0.285599332   -2.443460953  -43.303499571    7.025742221   -0.782181328
   -0.095199777   -2.443460953  -43.445505193   -9.115680342   -5.576038828
    0.095199777   -2.443460953  -46.869415679  -26.922870429   -9.561843118
    0.285599332   -2.443460953  -53.537214944  -42.376244780  -12.713901398
    0.475998887   -2.443460953  -62.510582901  -50.251646311  -15.003386458
    0.666398442   -2.443460953  -71.880391229  -45.968404647  -16.318142013
    0.856797996   -2.443460953  -79.140327450  -28.291682876  -16.514812174
    1.047197551   -2.443460953  -82.022085605   -1.002625759  -15.528219531
    1.237597106   -2.443460953  -79.414119549   27.828893918  -13.497904935
    1.427996661   -2.443460953  -71.901333568   49.153462182  -10.741922909
    1.618396215   -2.443460953  -61.573718185   56.764059078   -7.626136316
    1.808795770   -2.443460953  -51.241487875   49.417507545   -4.385517199
    1.999195325   -2.443460953  -43.493982902   30.458102021   -1.035435144
    2.189594880   -2.443460953  -40.011849788    5.653721665    2.566364704
    2.379994435   -2.443460953  -41.323852924  -18.960160510    6.552121318
    2.570393989   -2.443460953  -46.900924227  -38.453541538   10.873811890
    2.760793544   -2.443460953  -55.425743517  -49.548177278   15.241796956
    2.951193099   -2.443460953  -65.132483165  -50.851844177   19.196960722

   -3.141592654   -2.094395102  -67.755161537  -39.169766013   14.437143227
   -2.951193099   -2.094395102  -74.087443013  -26.764898700   15.569100939
   -2.760793544   -2.094395102  -77.767854691  -11.938560544   16.047099027
   -2.570393989   -2.094395102  -78.719342561    1.356856664   16.070348991
   -2.379994435   -2.094395102  -77.520696892   10.370289322   15.840052663
   -2.189594880   -2.094395102  -75.085764020   14.411183449   15.479022350
   -1.999195325   -2.094395102  -72.266409276   14.764244010   14.987662587
   -1.808795770   -2.094395102  -69.552193747   13.705466004   14.240636228
   -1.618396215   -2.094395102  -67.001505127   13.308165924   13.016017997
   -1.427996661   -2.094395102  -64.377307476   14.507227906   11.072940700
   -1.237597106   -2.094395102  -61.396959367   16.890260165    8.267600429
   -1.047197551   -2.094395102  -57.952528686   19.104765577    4.660436996
   -0.856797996   -2.094395102  -54.220783861   19.615279425    0.536364409
   -0.666398442   -2.094395102  -50.654589057   17.155094897   -3.669252922
   -0.475998887   -2.094395102  -47.907776766   10.903449605   -7.507615964
   -0.285599332   -2.094395102  -46.748804736    0.504705420  -10.674571838
   -0.095199777   -2.094395102  -47.944256455  -13.665458221  -13.072593738
    0.095199777   -2.094395102  -52.064001573  -29.736658672  -14.793768170
    0.285599332   -2.094395102  -59.134579385  -43.848155009  -16.000489819
    0.475998887   -2.094395102  -68.284065067  -50.644473670  -16.804580624
    0.666398442   -2.094395102  -77.629673743  -45.304932015  -17.187163452
    0.856797996   -2.094395102  -84.653714813  -26.443994720  -17.025129637
    1.047197551   -2.094395102  -87.066632518    2.069734828  -16.164908603
    1.237597106   -2.094395102  -83.769724846   31.946052306  -14.558498695
    1.427996661   -2.094395102  -75.402069068   53.945454106  -12.294313468
    1.618396215   -2.094395102  -64.126227311   61.881025446   -9.566184191
    1.808795770   -2.094395102  -52.801184213   54.719599311   -6.564013452
    1.999195325   -2.094395102  -44.017705506   36.062368527   -3.395996683
    2.189594880   -2.094395102  -39.422877102   11.756152823   -0.088931605
    2.379994435   -2.094395102  -39.520049926  -12.329352641    3.329559803
    2.570393989   -2.094395102  -43.804684651  -31.593919445    6.736895225
    2.760793544   -2.094395102  -51.045824701  -43.045811165    9.897023153
    2.951193099   -2.094395102  -59.601832087  -45.377135874   12.530174745

   -3.141592654   -1.745329252  -64.665467169  -37.499336240    6.081008670
   -2.951193099   -1.745329252  -70.772677779  -26.031834487    6.165764608
   -2.760793544   -1.745329252  -74.379302012  -11.858875748    6.035925916
   -2.570393989   -1.745329252  -75.357732439    1.016680538    5.822284358
   -2.379994435   -1.745329252  -74.259463193    9.646320099    5.495026194
   -2.189594880   -1.745329252  -72.012732591   13.106721478    4.871796149
   -1.999195325   -1.745329252  -69.525082174   12.512790667    3.717473543
   -1.808795770   -1.745329252  -67.363148098   10.094355446    1.870675602
   -1.618396215   -1.745329252  -65.653734687    8.060876256   -0.675893259
   -1.427996661   -1.745329252  -64.182948124    7.686536786   -3.763034501
   -1.237597106   -1.745329252  -62.613915115    9.021476351   -7.106830550
   -1.047197551   -1.745329252  -60.696404110   11.123014530  -10.358281399
   -0.856797996   -1.745329252  -58.408314114   12.616863494  -13.183945488
   -0.666398442   -1.745329252  -56.005189403   12.063056482  -15.327212683
   -0.475998887   -1.745329252  -54.006915997    8.158587442  -16.653570716
   -0.285599332   -1.745329252  -53.154414862   -0.031355196  -17.190188533
   -0.095199777   -1.745329252  -54.288425827  -12.611603748  -17.109373290
    0.095199777   -1.745329252  -58.122003410  -27.920105308  -16.691901156
    0.285599332   -1.745329252  -64.835755538  -42.014822605  -16.224805495
    0.475998887   -1.745329252  -73.672472898  -49.222739694  -15.901518817
    0.666398442   -1.745329252  -82.790807296  -44.310840383  -15.740860440
    0.856797996   -1.745329252  -89.641361661  -25.528996353  -15.584908990
    1.047197551   -1.745329252  -91.848791430    3.389513219  -15.155408593
    1.237597106   -1.745329252  -88.227870711   34.072057182  -14.199584604
    1.427996661   -1.745329252  -79.364021070   57.019101583  -12.591223861
    1.618396215   -1.745329252  -67.418937106   65.793379610  -10.385352512
    1.808795770   -1.745329252  -55.287271048   59.226314706   -7.765325431
    1.999195325   -1.745329252  -45.606997004   40.929824628   -4.956645703
    2.189594880   -1.745329252  -40.066155183   16.786749200   -2.158492974
    2.379994435   -1.745329252  -39.206861728   -7.364332536    0.456512220
    2.570393989   -1.745329252  -42.576686201  -27.015907993    2.715612035
    2.760793544   -1.745329252  -49.011854252  -39.222752365    4.452396107
    2.951193099   -1.745329252  -56.936011796  -42.594758033    5.563747085

   -3.141592654   -1.396263402  -65.706497317  -39.024419785    3.717767188
   -2.951193099   -1.396263402  -72.092167430  -27.338004756    3.103263684
   -2.760793544   -1.396263402  -75.888799004  -12.526382735    2.345564561
   -2.570393989   -1.396263402  -76.934101274    0.917268806    1.544780464
   -2.379994435   -1.396263402  -75.845181354    9.513656564    0.595435035
   -2.189594880   -1.396263402  -73.696799722   12.055208412   -0.780992701
   -1.999195325   -1.396263402  -71.560020924    9.782632770   -2.881513483
   -1.808795770   -1.396263402  -70.104360246    5.414952764   -5.833489033
   -1.618396215   -1.396263402  -69.446316701    1.814839645   -9.475333190
   -1.427996661   -1.396263402  -69.241815985    0.822401710  -13.369097977
   -1.237597106   -1.396263402  -68.942378138    2.761944640  -16.934779959
   -1.047197551   -1.396263402  -68.068281172    6.586960044  -19.628814962
   -0.856797996   -1.396263402  -66.419700370   10.506548597  -21.111199233
   -0.666398442   -1.396263402  -64.170733413   12.527404972  -21.311471082
   -0.475998887   -1.396263402  -61.865620389   10.805455100  -20.406637558
   -0.285599332   -1.396263402  -60.361259850    4.017176568  -18.747477086
   -0.095199777   -1.396263402  -60.668656830   -8.147253084  -16.749577768
    0.095199777   -1.396263402  -63.690905190  -24.010310170  -14.817384401
    0.285599332   -1.396263402  -69.775532266  -39.409745485  -13.248196428
    0.475998887   -1.396263402  -78.270969009  -48.252928729  -12.177626474
    0.666398442   -1.396263402  -87.347231042  -44.758672832  -11.549441467
    0.856797996   -1.396263402  -94.362244423  -26.656921517  -11.150391868
    1.047197551   -1.396263402  -96.768396592    2.588994654  -10.680170651
    1.237597106   -1.396263402  -93.193727229   34.493901779   -9.879999032
    1.427996661   -1.396263402  -84.093746949   59.084020171   -8.611603601
    1.618396215   -1.396263402  -71.607399453   69.329467149   -6.897352232
    1.808795770   -1.396263402  -58.709288929   63.602599058   -4.876186280
    1.999195325   -1.396263402  -48.177614992   45.359991867   -2.732562588
    2.189594880   -1.396263402  -41.844446199   20.574216635   -0.642189714
    2.379994435   -1.396263402  -40.365121435   -4.704099721    1.229415912
    2.570393989   -1.396263402  -43.356841391  -25.726899180    2.712383640
    2.760793544   -1.396263402  -49.677692656  -39.280626517    3.650401514
    2.951193099   -1.396263402  -57.718467758  -43.678345975    3.964675687

   -3.141592654   -1.047197551  -67.869728349  -42.173377346    4.136881073
   -2.951193099   -1.047197551  -74.831620339  -30.145745832    2.549518953
   -2.760793544   -1.047197551  -79.093561416  -14.587928543    0.783820993
   -2.570393989   -1.047197551  -80.466357810   -0.537651609   -0.988690899
   -2.379994435   -1.047197551  -79.648600976    7.972379133   -2.820922186
   -2.189594880   -1.047197551  -77.875480103    9.509775584   -4.978329953
   -1.999195325   -1.047197551  -76.373845930    5.599692872   -7.766673009
   -1.808795770   -1.047197551  -75.870981523   -0.326054907  -11.291486008
   -1.618396215   -1.047197551  -76.389074540   -4.589418315  -15.287440318
   -1.427996661   -1.047197551  -77.356307336   -4.829783104  -19.140354137
   -1.237597106   -1.047197551  -77.948137570   -0.743522102  -22.097895135
   -1.047197551   -1.047197551  -77.464502149    6.067689847  -23.558504513
   -0.856797996   -1.047197551  -75.621488798   13.005200103  -23.301474914
   -0.666398442   -1.047197551  -72.659290902   17.352418428  -21.535415603
   -0.475998887   -1.047197551  -69.299810902   16.843400202  -18.780771469
   -0.285599332   -1.047197551  -66.625162346   10.085071869  -15.668540562
   -0.095199777   -1.047197551  -65.856495855   -3.059485769  -12.731659110
    0.095199777   -1.047197551  -68.058066961  -20.552983741  -10.293465156
    0.285599332   -1.047197551  -73.660091379  -37.793303226   -8.421968263
    0.475998887   -1.047197551  -82.005962151  -48.217976401   -6.992508221
    0.666398442   -1.047197551  -91.175061068  -45.641749571   -5.794314966
    0.856797996   -1.047197551  -98.374898265  -27.575050718   -4.650123949
    1.047197551   -1.047197551 -100.890554199    2.455242342   -3.472171859
    1.237597106   -1.047197551  -97.222718072   35.638439407   -2.262362557
    1.427996661   -1.047197551  -87.776883272   61.525454907   -1.050376672
    1.618396215   -1.047197551  -74.730964585   72.663280763    0.149145068
    1.808795770   -1.047197551  -61.162913570   67.185355896    1.349221790
    1.999195325   -1.047197551  -49.977562504   48.538784218    2.562131366
    2.189594880   -1.047197551  -43.120231075   22.824835004    3.756400433
    2.379994435   -1.047197551  -41.329810322   -3.730408777    4.818961631
    2.570393989   -1.047197551  -44.272189429  -26.190283767    5.557463940
    2.760793544   -1.047197551  -50.814333040  -41.100548282    5.755146284
    2.951193099   -1.047197551  -59.303820345  -46.481349354    5.273056634

   -3.141592654   -0.698131701  -67.984292904  -46.196847128    3.252258264
   -2.951193099   -0.698131701  -75.746119450  -34.429933221    0.603301245
   -2.760793544   -0.698131701  -80.810173978  -18.677277774   -2.227419722
   -2.570393989   -0.698131701  -82.932795278   -4.349585227   -4.973533131
   -2.379994435   -0.698131701  -82.841032784    4.068996489   -7.601396851
   -2.189594880   -0.698131701  -81.867233940    4.926356719  -10.318250634
   -1.999195325   -0.698131701  -81.335568160   -0.020274408  -13.385788310
   -1.808795770   -0.698131701  -81.984472934   -6.688317256  -16.845275977
   -1.618396215   -0.698131701  -83.707569502  -10.657923371  -20.329489187
   -1.427996661   -0.698131701  -85.688420782   -9.158357797  -23.123453751
   -1.237597106   -0.698131701  -86.835267097   -2.078592668  -24.456295253
   -1.047197551   -0.698131701  -86.273154256    8.233663987  -23.864629850
   -0.856797996   -0.698131701  -83.713481989   18.216215810  -21.423137300
   -0.666398442   -0.698131701  -79.562322559   24.380927145  -17.711820308
   -0.475998887   -0.698131701  -74.813358828   24.147900923  -13.572176327
   -0.285599332   -0.698131701  -70.832204926   16.316073353   -9.779046485
   -0.095199777   -0.698131701  -69.048123913    1.293368351   -6.771878097
    0.095199777   -0.698131701  -70.612312626  -18.170100573   -4.562146980
    0.285599332   -0.698131701  -75.909741863  -36.849715127   -2.805599159
    0.475998887   -0.698131701  -84.143807672  -47.833297474   -1.042276698
    0.666398442   -0.698131701  -93.222265868  -44.965540986    1.027886385
    0.856797996   -0.698131701 -100.220014454  -26.098092774    3.362117326
    1.047197551   -0.698131701 -102.369622080    4.776988168    5.608179185
    1.237597106   -0.698131701  -98.200853644   38.497783248    7.325576704
    1.427996661   -0.698131701  -88.192963281   64.492659405    8.258272316
    1.618396215   -0.698131701  -74.600270389   75.388869473    8.464746437
    1.808795770   -0.698131701  -60.552914195   69.470752891    8.247597577
    1.999195325   -0.698131701  -48.982441075   50.284925778    7.955131784
    2.189594880   -0.698131701  -41.851856603   23.926336601    7.787836671
    2.379994435   -0.698131701  -39.927297949   -3.458666591    7.708993556
    2.570393989   -0.698131701  -42.916390632  -26.990401460    7.479953989
    2.760793544   -0.698131701  -49.727863069  -43.139715690    6.782844047
    2.951193099   -0.698131701  -58.720967231  -49.696927280    5.382976679

   -3.141592654   -0.349065850  -67.159793395  -51.386916424    2.133533784
   -2.951193099   -0.349065850  -75.981347236  -40.239293126   -0.898013292
   -2.760793544   -0.349065850  -82.155635082  -24.417478590   -4.041535072
   -2.570393989   -0.349065850  -85.328370608   -9.605875698   -7.040757696
   -2.379994435   -0.349065850  -86.192714401   -0.763823427   -9.832039455
   -2.189594880   -0.349065850  -86.128983881    0.134335367  -12.543903853
   -1.999195325   -0.349065850  -86.529924656   -5.027400834  -15.322549917
   -1.808795770   -0.349065850  -88.132580204  -11.581668187  -18.090691370
   -1.618396215   -0.349065850  -90.701322649  -14.433043448  -20.410217035
   -1.427996661   -0.349065850  -93.191922785  -10.524912109  -21.598368193
   -1.237597106   -0.349065850  -94.291889468   -0.128090688  -21.053138739
   -1.047197551   -0.349065850  -93.034850514   13.489540054  -18.604776464
   -0.856797996   -0.349065850  -89.235625436   25.736366093  -14.667736442
   -0.666398442   -0.349065850  -83.569268220   32.469966038  -10.098122696
   -0.475998887   -0.349065850  -77.363373204   31.109785918   -5.850215781
   -0.285599332   -0.349065850  -72.255958414   21.076312003   -2.589308121
   -0.095199777   -0.349065850  -69.790930624    3.745944799   -0.450153064
    0.095199777   -0.349065850  -71.046859701  -17.185501497    0.974337102
    0.285599332   -0.349065850  -76.189771649  -35.976447974    2.408207258
    0.475998887   -0.349065850  -84.166480475  -45.852313378    4.505217134
    0.666398442   -0.349065850  -92.716095180  -41.409082871    7.477302799
    0.856797996   -0.349065850  -98.918305367  -21.469636496   10.934674267
    1.047197551   -0.349065850 -100.173412704    9.311070728   14.061331067
    1.237597106   -0.349065850  -95.244266850   41.788325391   16.042754961
    1.427996661   -0.349065850  -84.777447795   65.998510840   16.489445951
    1.618396215   -0.349065850  -71.054601669   75.344787161   15.588957307
    1.808795770   -0.349065850  -57.108170527   68.592638909   13.928892785
    1.999195325   -0.349065850  -45.727001767   49.268619565   12.146152140
    2.189594880   -0.349065850  -38.775164893   23.074585615   10.627305184
    2.379994435   -0.349065850  -37.009576589   -4.342416496    9.403344928
    2.570393989   -0.349065850  -40.211382482  -28.441102392    8.230051068
    2.760793544   -0.349065850  -47.399006925  -45.718812896    6.764290695
    2.951193099   -0.349065850  -57.015538102  -53.679955603    4.748881880

   -3.141592654    0.000000000  -66.553166806  -56.603355925    0.610770926
   -2.951193099    0.000000000  -76.419059948  -45.885779679   -2.174071594
   -2.760793544    0.000000000  -83.669987189  -29.989104103   -4.958323508
   -2.570393989    0.000000000  -87.869394101  -14.786892918   -7.557649974
   -2.379994435    0.000000000  -89.680525173   -5.548259243   -9.930311553
   -2.189594880    0.000000000  -90.502308651   -4.395862051  -12.154410148
   -1.999195325    0.000000000  -91.739522110   -9.226847978  -14.271242007
   -1.808795770    0.000000000  -94.067074043  -14.846104956  -16.103174779
   -1.618396215    0.000000000  -97.086574303  -15.706744276  -17.193500401
   -1.427996661    0.000000000  -99.547291066   -8.801220767  -16.975163515
   -1.237597106    0.000000000 -100.001737562    4.896715257  -15.093082056
   -1.047197551    0.000000000  -97.525182039   21.055498420  -11.683007357
   -0.856797996    0.000000000  -92.170219360   34.191063659   -7.402677832
   -0.666398442    0.000000000  -84.962502783   39.906527430   -3.178525380
   -0.475998887    0.000000000  -77.554188888   36.148478241    0.182117255
   -0.285599332    0.000000000  -71.749686523   23.401043017    2.345172377
   -0.095199777    0.000000000  -69.040390447    4.205981413    3.572010389
    0.095199777    0.000000000  -70.258402611  -16.943683009    4.600030076
    0.285599332    0.000000000  -75.235414818  -34.229729160    6.292076332
    0.475998887    0.000000000  -82.647898089  -41.612461194    9.200291786
    0.666398442    0.000000000  -90.164320856  -34.972258677   13.227502889
    0.856797996    0.000000000  -95.043523915  -14.351889612   17.584535956
    1.047197551    0.000000000  -95.038347130   15.093080070   21.111513016
    1.237597106    0.000000000  -89.264328473   44.710052859   22.830377451
    1.427996661    0.000000000  -78.552579558   65.703831046   22.401342036
    1.618396215    0.000000000  -65.136266354   72.628267343   20.221705794
    1.808795770    0.000000000  -51.831631184   64.802598952   17.139472214
    1.999195325    0.000000000  -41.178851877   45.558303260   14.003160245
    2.189594880    0.000000000  -34.879333916   19.959819917   11.319227870
    2.379994435    0.000000000  -33.657895309   -7.009810889    9.160661746
    2.570393989    0.000000000  -37.366562938  -31.199860374    7.292122700
    2.760793544    0.000000000  -45.134302309  -49.134760208    5.379252087
    2.951193099    0.000000000  -55.490111821  -58.048892362    3.172993236

   -3.141592654    0.349065850  -65.204067421  -59.836537666    0.259069729
   -2.951193099    0.349065850  -75.738302836  -49.629219389   -1.346372705
   -2.760793544    0.349065850  -83.739656772  -34.076454720   -2.883073895
   -2.570393989    0.349065850  -88.735670879  -19.031545957   -4.360008056
   -2.379994435    0.349065850  -91.357650009   -9.794484934   -5.821049312
   -2.189594880    0.349065850  -92.973358610   -8.437678704   -7.297314881
   -1.999195325    0.349065850  -94.930231700  -12.645211505   -8.713641331
   -1.808795770    0.349065850  -97.794449582  -16.923563249   -9.821455598
   -1.618396215    0.349065850 -101.015473838  -15.617181471  -10.229336743
   -1.427996661    0.349065850 -103.208333530   -6.040260268   -9.570577653
   -1.237597106    0.349065850 -102.895271382   10.081358792   -7.731816994
   -1.047197551    0.349065850  -99.281102348   27.574700037   -4.994070035
   -0.856797996    0.349065850  -92.681668123   40.475362943   -1.962843657
   -0.666398442    0.349065850  -84.415803524   44.553813288    0.696671463
   -0.475998887    0.349065850  -76.334812799   38.557000691    2.566245860
   -0.285599332    0.349065850  -70.255180189   24.043461592    3.699896549
   -0.095199777    0.349065850  -67.486050370    4.471027126    4.608129235
    0.095199777    0.349065850  -68.550454419  -15.317408496    6.059982399
    0.285599332    0.349065850  -72.975812651  -29.918661383    8.715170797
    0.475998887    0.349065850  -79.283090087  -34.402612497   12.763032743
    0.666398442    0.349065850  -85.233685712  -26.051039769   17.713861096
    0.856797996    0.349065850  -88.422921654   -5.950145315   22.495540141
    1.047197551    0.349065850  -87.057041398   20.636258879   25.855676330
    1.237597106    0.349065850  -80.622873378   45.986934662   26.909831505
    1.427996661    0.349065850  -70.079757311   62.805046765   25.512117577
    1.618396215    0.349065850  -57.511609424   66.924233760   22.256725687
    1.808795770    0.349065850  -45.410934415   58.170205879   18.127459234
    1.999195325    0.349065850  -35.981971065   39.534130501   14.040788156
    2.189594880    0.349065850  -30.705894630   15.285188737   10.542525749
    2.379994435    0.349065850  -30.244367449  -10.374480235    7.757967777
    2.570393989    0.349065850  -34.507840846  -33.767159058    5.538587770
    2.760793544    0.349065850  -42.738644996  -51.531837707    3.654422093
    2.951193099    0.349065850  -53.574770988  -60.755061428    1.923761294

   -3.141592654    0.698131701  -63.800434735  -61.141544355   -0.343683123
   -2.951193099    0.698131701  -74.601554088  -51.126494797   -0.504532630
   -2.760793544    0.698131701  -82.915553514  -35.847570828   -0.528810656
   -2.570393989    0.698131701  -88.273893746  -21.045708800   -0.616231908
   -2.379994435    0.698131701  -91.293529264  -11.928860350   -0.905382918
   -2.189594880    0.698131701  -93.312118093  -10.488713304   -1.420813296
   -1.999195325    0.698131701  -95.629125888  -14.315273426   -2.057441842
   -1.808795770    0.698131701  -98.744968289  -17.828893342   -2.613449672
   -1.618396215    0.698131701 -102.037137785  -15.412694900   -2.862897520
   -1.427996661    0.698131701 -104.074750968   -4.625415891   -2.651435599
   -1.237597106    0.698131701 -103.397873077   12.395184030   -1.975903072
   -1.047197551    0.698131701  -99.308564781   30.112525615   -0.995961154
   -0.856797996    0.698131701  -92.266242546   42.477167615    0.054077882
   -0.666398442    0.698131701  -83.710405327   45.571036260    1.014002205
   -0.475998887    0.698131701  -75.520258410   38.786574393    1.920475108
   -0.285599332    0.698131701  -69.405630462   24.371098162    3.067707823
   -0.095199777    0.698131701  -66.460691070    6.221449601    4.906763460
    0.095199777    0.698131701  -66.956544329  -10.937350052    7.872399709
    0.285599332    0.698131701  -70.251339429  -22.435924117   12.118042474
    0.475998887    0.698131701  -74.884601754  -24.532370671   17.321221445
    0.666398442    0.698131701  -78.871964544  -15.696160736   22.644869873
    0.856797996    0.698131701  -80.241148003    2.386986756   26.948373133
    1.047197551    0.698131701  -77.655579852   24.841866166   29.181650481
    1.237597106    0.698131701  -70.894593083   45.205653188   28.819289338
    1.427996661    0.698131701  -60.931474378   57.730842319   26.056402962
    1.618396215    0.698131701  -49.601690099   59.341463243   21.687992813
    1.808795770    0.698131701  -39.020236162   50.104003272   16.734050704
    1.999195325    0.698131701  -31.047421740   32.486875527   12.044631910
    2.189594880    0.698131701  -26.956320547    9.926562561    8.096987375
    2.379994435    0.698131701  -27.352360915  -14.072653574    5.016048169
    2.570393989    0.698131701  -32.192369056  -36.205216889    2.735763705
    2.760793544    0.698131701  -40.806492722  -53.200780132    1.148354358
    2.951193099    0.698131701  -51.922326934  -62.081133592    0.157566809

   -3.141592654    1.047197551  -64.998265028  -61.195966583   -5.374426614
   -2.951193099    1.047197551  -75.737275822  -50.459945827   -4.572552285
   -2.760793544    1.047197551  -83.888569354  -34.861229592   -3.382900839
   -2.570393989    1.047197551  -89.060545269  -20.125284437   -2.148887936
   -2.379994435    1.047197551  -91.931619545  -11.312299584   -1.123170255
   -2.189594880    1.047197551  -93.866832867  -10.218983731   -0.409992394
   -1.999195325    1.047197551  -96.157807423  -14.282262946    0.006762952
   -1.808795770    1.047197551  -99.276463603  -17.866114715    0.184774731
   -1.618396215    1.047197551 -102.572366372  -15.405814118    0.164241360
   -1.427996661    1.047197551 -104.603301788   -4.575066917   -0.035459332
   -1.237597106    1.047197551 -103.918982038   12.395877163   -0.373179732
   -1.047197551    1.047197551  -99.840082493   29.987251735   -0.738844627
   -0.856797996    1.047197551  -92.828123736   42.314720620   -0.927926826
   -0.666398442    1.047197551  -84.280846341   45.724530298   -0.661729422
   -0.475998887    1.047197551  -75.982661990   39.899429770    0.358496292
   -0.285599332    1.047197551  -69.503199699   27.212136462    2.411524361
   -0.095199777    1.047197551  -65.799988740   11.420657000    5.667180317
    0.095199777    1.047197551  -65.066992676   -3.270049578   10.112720233
    0.285599332    1.047197551  -66.713812136  -12.981005748   15.424227045
    0.475998887    1.047197551  -69.490189007  -14.794338697   20.919657756
    0.666398442    1.047197551  -71.753758810   -7.667316503   25.634165188
    0.856797996    1.047197551  -71.907573174    6.865578452   28.581626735
    1.047197551    1.047197551  -68.894190010   24.794651107   29.082112147
    1.237597106    1.047197551  -62.563055876   40.881268340   27.047148624
    1.427996661    1.047197551  -53.731786734   50.447596611   22.990963804
    1.618396215    1.047197551  -43.930923701   50.857224370   17.806465490
    1.808795770    1.047197551  -34.954142240   41.929294252   12.404548344
    1.999195325    1.047197551  -28.434774699   25.473184998    7.427278967
    2.189594880    1.047197551  -25.547682454    4.287632951    3.179552105
    2.379994435    1.047197551  -26.894773413  -18.453804351   -0.265806493
    2.570393989    1.047197551  -32.460886808  -39.462305002   -2.891920116
    2.760793544    1.047197551  -41.591711934  -55.363549866   -4.643885107
    2.951193099    1.047197551  -53.014962187  -63.139745016   -5.460587688

   -3.141592654    1.396263402  -69.884379823  -60.448848182  -11.050514730
   -2.951193099    1.396263402  -80.287951940  -47.772652709   -9.763981141
   -2.760793544    1.396263402  -87.801532898  -30.984439615   -7.927559275
   -2.570393989    1.396263402  -92.192655475  -15.935483439   -5.942101529
   -2.379994435    1.396263402  -94.294160318   -7.515233510   -4.082564269
   -2.189594880    1.396263402  -95.579668730   -7.239835697   -2.448843995
   -1.999195325    1.396263402  -97.399287136  -12.334992673   -1.041453351
   -1.808795770    1.396263402 -100.255784041  -17.081900956    0.118307221
   -1.618396215    1.396263402 -103.519953895  -15.866511894    0.937906023
   -1.427996661    1.396263402 -105.752028731   -6.199232590    1.317800112
   -1.237597106    1.396263402 -105.456421743   10.025239103    1.276659214
   -1.047197551    1.396263402 -101.837591630   27.672661275    1.029714525
   -0.856797996    1.396263402  -95.177563911   41.103704206    0.965587748
   -0.666398442    1.396263402  -86.674875147   46.601949979    1.520685215
   -0.475998887    1.396263402  -77.955190139   43.521875613    3.030285324
   -0.285599332    1.396263402  -70.509542056   33.707390713    5.645752641
   -0.095199777    1.396263402  -65.326851998   20.346524433    9.276417592
    0.095199777    1.396263402  -62.740475930    7.051918762   13.589556883
    0.285599332    1.396263402  -62.406503260   -2.784592446   17.992404131
    0.475998887    1.396263402  -63.393645739   -6.495387948   21.707584147
    0.666398442    1.396263402  -64.387703472   -2.842479762   23.939927422
    0.856797996    1.396263402  -64.031745733    7.325488735   24.142689174
    1.047197551    1.396263402  -61.343499835   21.034796182   22.213150008
    1.237597106    1.396263402  -56.050210375   33.971402958   18.563137997
    1.427996661    1.396263402  -48.712358777   41.924385767   13.924663734
    1.618396215    1.396263402  -40.574863820   42.092662552    9.060112913
    1.808795770    1.396263402  -33.220354764   33.720427411    4.495635187
    1.999195325    1.396263402  -28.191933377   18.014397131    0.432061487
    2.189594880    1.396263402  -26.662031473   -2.531447315   -3.147071273
    2.379994435    1.396263402  -29.249471347  -24.638254935   -6.277412584
    2.570393989    1.396263402  -35.909624010  -44.681098296   -8.858587156
    2.760793544    1.396263402  -45.896878038  -59.024588918  -10.650078604
    2.951193099    1.396263402  -57.823922370  -64.686326328  -11.405429963

   -3.141592654    1.745329252  -76.256614804  -59.388098969  -16.960767615
   -2.951193099    1.745329252  -86.262837633  -44.767999244  -15.760480655
   -2.760793544    1.745329252  -93.079094180  -26.806763058  -13.716415975
   -2.570393989    1.745329252  -96.629299830  -11.404642441  -11.189192780
   -2.379994435    1.745329252  -97.883409118   -3.222940644   -8.453191383
   -2.189594880    1.745329252  -98.401372609   -3.508645372   -5.643540909
   -1.999195325    1.745329252  -99.579438828   -9.359269780   -2.836267022
   -1.808795770    1.745329252 -101.955997641  -15.054114810   -0.170739467
   -1.618396215    1.745329252 -104.936772813  -14.937051724    2.108401879
   -1.427996661    1.745329252 -107.091521314   -6.280941625    3.750479669
   -1.237597106    1.745329252 -106.869747505    9.436150963    4.670234479
   -1.047197551    1.745329252 -103.342083459   27.457602361    5.058854178
   -0.856797996    1.745329252  -96.606886862   42.252075771    5.349724702
   -0.666398442    1.745329252  -87.694511509   49.829245698    6.037864473
   -0.475998887    1.745329252  -78.142293295   49.019920197    7.464112080
   -0.285599332    1.745329252  -69.461817570   41.056297465    9.691411134
   -0.095199777    1.745329252  -62.775693029   28.594430420   12.465954844
    0.095199777    1.745329252  -58.639012998   14.833533330   15.286008939
    0.285599332    1.745329252  -56.989098446    3.000926274   17.491961945
    0.475998887    1.745329252  -57.173546980   -4.032491979   18.438732493
    0.666398442    1.745329252  -58.074966411   -4.354581832   17.696226633
    0.856797996    1.745329252  -58.367930336    2.159809778   15.247152988
    1.047197551    1.745329252  -56.917382053   13.465829995   11.510436592
    1.237597106    1.745329252  -53.162779334   25.642817398    7.211691486
    1.427996661    1.745329252  -47.368732228   34.202949986    3.062631251
    1.618396215    1.745329252  -40.589188094   35.573318784   -0.506764795
    1.808795770    1.745329252  -34.372058051   28.208462632   -3.462675521
    1.999195325    1.745329252  -30.345334678   12.900187767   -6.065010890
    2.189594880    1.745329252  -29.793784120   -7.737460018   -8.626521134
    2.379994435    1.745329252  -33.385195674  -29.919655690  -11.273705062
    2.570393989    1.745329252  -41.015925388  -49.453844788  -13.831979065
    2.760793544    1.745329252  -51.795450160  -62.413302941  -15.894640079
    2.951193099    1.745329252  -64.175903729  -65.959354525  -17.020748639

   -3.141592654    2.094395102  -83.118624287  -58.852092688  -18.892382916
   -2.951193099    2.094395102  -92.827222493  -42.258718519  -17.788697441
   -2.760793544    2.094395102  -99.020200499  -22.879888443  -15.736558915
   -2.570393989    2.094395102 -101.736997625   -6.674760838  -13.031562526
   -2.379994435    2.094395102 -102.049853697    1.873544612   -9.901311009
   -2.189594880    2.094395102 -101.583554893    1.693950529   -6.445928367
   -1.999195325    2.094395102 -101.779667085   -4.298419537   -2.717488920
   -1.808795770    2.094395102 -103.233838259  -10.501922416    1.142471261
   -1.618396215    2.094395102 -105.429238758  -11.307856792    4.833760545
   -1.427996661    2.094395102 -107.000272883   -3.793314417    7.978342586
   -1.237597106    2.094395102 -106.398935533   10.999504802   10.297964536
   -1.047197551    2.094395102 -102.610999844   28.752496297   11.764691055
   -0.856797996    2.094395102  -95.587920183   44.102233459   12.617958449
   -0.666398442    2.094395102  -86.220545969   52.805206376   13.222020947
   -0.475998887    2.094395102  -75.986832322   53.148704974   13.860450287
   -0.285599332    2.094395102  -66.452894877   45.740377475   14.587195229
   -0.095199777    2.094395102  -58.903920076   32.769940969   15.172034077
    0.095199777    2.094395102  -54.120125232   17.243797917   15.177813612
    0.285599332    2.094395102  -52.267087308    2.579008618   14.106746292
    0.475998887    2.094395102  -52.845949868   -7.769108163   11.629013556
    0.666398442    2.094395102  -54.750764333  -11.000253739    7.786489172
    0.856797996    2.094395102  -56.491416327   -6.133001629    3.090278613
    1.047197551    2.094395102  -56.640788005    5.250784763   -1.628737477
    1.237597106    2.094395102  -54.320175221   18.984162151   -5.530244015
    1.427996661    2.094395102  -49.584497298   29.766229003   -8.139637278
    1.618396215    2.094395102  -43.457992674   33.021239861   -9.522810704
    1.808795770    2.094395102  -37.627061996   26.507346257  -10.197810367
    1.999195325    2.094395102  -33.937401529   10.897298192  -10.840296231
    2.189594880    2.094395102  -33.857922769  -10.746450107  -11.962357242
    2.379994435    2.094395102  -38.121473043  -33.892723892  -13.698988442
    2.570393989    2.094395102  -46.546836864  -53.657043104  -15.781876355
    2.760793544    2.094395102  -58.065533616  -65.784006790  -17.681686226
    2.951193099    2.094395102  -70.932850081  -67.580268330  -18.838762824

   -3.141592654    2.443460953  -89.472113757  -58.653993244  -12.699269504
   -2.951193099    2.443460953  -98.978258816  -40.381676486  -11.169706068
   -2.760793544    2.443460953 -104.674058899  -19.598550598   -8.961380996
   -2.570393989    2.443460953 -106.655443215   -2.273959754   -6.341713159
   -2.379994435    2.443460953 -106.034501900    7.268196475   -3.474948812
   -2.189594880    2.443460953 -104.447755829    8.056664891   -0.352480829
   -1.999195325    2.443460953 -103.349599724    2.884890571    3.120910067
   -1.808795770    2.443460953 -103.391138109   -2.955010446    6.947742901
   -1.618396215    2.443460953 -104.170825745   -4.121971752   10.897686671
   -1.427996661    2.443460953 -104.467146188    2.297752135   14.530287129
   -1.237597106    2.443460953 -102.846301813   15.576495785   17.367882582
   -1.047197551    2.443460953  -98.330911815   31.854596707   19.110341705
   -0.856797996    2.443460953  -90.827520482   46.115333140   19.747904396
   -0.666398442    2.443460953  -81.145313815   54.145009297   19.495735496
   -0.475998887    2.443460953  -70.705696740   53.954090892   18.613311645
   -0.285599332    2.443460953  -61.088967422   45.715163823   17.220950488
   -0.095199777    2.443460953  -53.674569454   31.248078037   15.212391223
    0.095199777    2.443460953  -49.384858086   13.452385924   12.322857666
    0.285599332    2.443460953  -48.511234902   -3.951130948    8.312097366
    0.475998887    2.443460953  -50.582293251  -16.799975448    3.211461231
    0.666398442    2.443460953  -54.361346632  -21.384835096   -2.515057206
    0.856797996    2.443460953  -58.067702155  -16.061755513   -8.005432789
    1.047197551    2.443460953  -59.915347250   -2.383206787  -12.290720825
    1.237597106    2.443460953  -58.735431292   14.729585851  -14.696024499
    1.427996661    2.443460953  -54.487367777   28.783189139  -15.150911892
    1.618396215    2.443460953  -48.323962589   34.140098270  -14.195839974
    1.808795770    2.443460953  -42.210587087   28.094131220  -12.708340580
    1.999195325    2.443460953  -38.290868300   11.552968903  -11.512869054
    2.189594880    2.443460953  -38.236547936  -11.699820856  -11.091476043
    2.379994435    2.443460953  -42.829381471  -36.303224786  -11.476141147
    2.570393989    2.443460953  -51.793750240  -56.739836709  -12.327709690
    2.760793544    2.443460953  -63.882125663  -68.507649293  -13.118361435
    2.951193099    2.443460953  -77.161370113  -69.068469666  -13.342778251

   -3.141592654    2.792526803  -92.633483016  -57.261189124    0.654561815
   -2.951193099    2.792526803 -101.765370697  -37.901129809    2.766315641
   -2.760793544    2.792526803 -106.906136545  -16.312250949    4.806556606
   -2.570393989    2.792526803 -108.206923728    1.555917867    6.666394117
   -2.379994435    2.792526803 -106.810468685   11.595435572    8.460723396
   -2.189594880    2.792526803 -104.338630633   13.063346498   10.503127414
   -1.999195325    2.792526803 -102.205042312    8.771326108   13.124877765
   -1.808795770    2.792526803 -101.044591417    3.734218091   16.432787012
   -1.618396215    2.792526803 -100.511002448    2.860540520   20.149902450
   -1.427996661    2.792526803  -99.515413536    8.728348932   23.661735975
   -1.237597106    2.792526803  -96.792822970   20.587906974   26.249814896
   -1.047197551    2.792526803  -91.507739663   34.868709130   27.382566348
   -0.856797996    2.792526803  -83.636136565   46.968689627   26.900453490
   -0.666398442    2.792526803  -73.987678259   52.963296958   24.990771129
   -0.475998887    2.792526803  -63.953403263   50.890656069   22.014783472
   -0.285599332    2.792526803  -55.098681210   40.755671163   18.281730808
   -0.095199777    2.792526803  -48.822210058   24.226900245   13.928939719
    0.095199777    2.792526803  -46.074072350    4.292180919    8.949549344
    0.285599332    2.792526803  -47.123571717  -14.876952665    3.360883872
    0.475998887    2.792526803  -51.363994419  -28.421282168   -2.588233029
    0.666398442    2.792526803  -57.291085876  -32.005710060   -8.311553091
    0.856797996    2.792526803  -62.777924859  -23.855011113  -12.987560964
    1.047197551    2.792526803  -65.735502485   -6.113866028  -15.859212793
    1.237597106    2.792526803  -64.863577980   15.142755416  -16.587955104
    1.427996661    2.792526803  -60.223607478   32.231361955  -15.428456794
    1.618396215    2.792526803  -53.254942703   38.843575517  -13.108304992
    1.808795770    2.792526803  -46.266836833   32.348099317  -10.487864527
    1.999195325    2.792526803  -41.671855754   14.293040746   -8.205487987
    2.189594880    2.792526803  -41.265753070  -10.713624229   -6.505913873
    2.379994435    2.792526803  -45.808673244  -36.650071209   -5.268787860
    2.570393989    2.792526803  -54.905813270  -57.644868609   -4.179505618
    2.760793544    2.792526803  -67.153679227  -69.152826934   -2.918201307
    2.951193099    2.792526803  -80.478400080  -68.833669922   -1.301973817
