#! FIELDS phi psi file.free der_phi der_psi
#! SET min_phi -pi
#! SET max_phi pi
#! SET nbins_phi  33
#! SET periodic_phi true
#! SET min_psi -pi
#! SET max_psi pi
#! SET nbins_psi  18
#! SET periodic_psi true
   -3.141592654   -3.141592654  -40.618158734  -47.249718024    9.517828061
   -2.951193099   -3.141592654  -48.681042385  -36.244536004   12.146949773
   -2.760793544   -3.141592654  -54.063369057  -19.773689384   14.478754938
   -2.570393989   -3.141592654  -56.182340914   -2.870537092   16.345529712
   -2.379994435   -3.141592654  -55.452025508    9.464590016   17.801454886
   -2.189594880   -3.141592654  -53.038402865   14.677032203   19.082467847
   -1.999195325   -3.141592654  -50.257512687   13.770602256   20.427998017
   -1.808795770   -3.141592654  -47.947728732   10.469798859   21.865598448
   -1.618396215   -3.141592654  -46.150347209    9.003765916   23.107094669
   -1.427996661   -3.141592654  -44.239421788   11.850981100   23.644555826
   -1.237597106   -3.141592654  -41.382346570   18.659474684   22.996220269
   -1.047197551   -3.141592654  -37.050664893   26.737654828   20.962451442
   -0.856797996   -3.141592654  -31.329617450   32.692800128   17.738713765
   -0.666398442   -3.141592654  -24.883723553   33.998641760   13.820991138
   -0.475998887   -3.141592654  -18.697902426   30.026758338    9.786727276
   -0.285599332   -3.141592654  -13.705663405   21.771706795    6.044432678
   -0.095199777   -3.141592654  -10.543238374   11.203151128    2.719373782
    0.095199777   -3.141592654   -9.435631756    0.574427303   -0.315458933
    0.285599332   -3.141592654  -10.182827918   -7.935831652   -3.259380376
    0.475998887   -3.141592654  -12.194688642  -12.462682743   -6.172313919
    0.666398442   -3.141592654  -14.590996553  -11.873232178   -8.844402835
    0.856797996   -3.141592654  -16.396477999   -6.464158755  -10.844896056
    1.047197551   -3.141592654  -16.853234505    1.865826099  -11.726643375
    1.237597106   -3.141592654  -15.686977851   10.067149291  -11.284809465
    1.427996661   -3.141592654  -13.212110289   15.232077984   -9.687733511
    1.618396215   -3.141592654  -10.188676697   15.703653676   -7.401904578
    1.808795770   -3.141592654   -7.540618259   11.373404331   -4.968739683
    1.999195325   -3.141592654   -6.109936413    3.096062147   -2.767294397
    2.189594880   -3.141592654   -6.545136354   -8.050627665   -0.902513823
    2.379994435   -3.141592654   -9.289809953  -20.954420925    0.765304572
    2.570393989   -3.141592654  -14.538894527  -34.022606019    2.491866340
    2.760793544   -3.141592654  -22.100369604  -44.745993472    4.503940523
    2.951193099   -3.141592654  -31.229151233  -49.983117579    6.881044425

   -3.141592654   -2.792526803  -36.209961562  -41.636592287   14.512720634
   -2.951193099   -2.792526803  -43.273454387  -31.489202233   17.599486046
   -2.760793544   -2.792526803  -47.877541031  -16.412341911   19.934902003
   -2.570393989   -2.792526803  -49.496699496   -0.940906423   21.377440796
   -2.379994435   -2.792526803  -48.499924315   10.448443463   22.094205211
   -2.189594880   -2.792526803  -45.930549691   15.448436393   22.455160522
   -1.999195325   -2.792526803  -42.977524525   14.854328916   22.800628045
   -1.808795770   -2.792526803  -40.430159620   11.817367165   23.215545273
   -1.618396215   -2.792526803  -38.400245076    9.949216560   23.454723732
   -1.427996661   -2.792526803  -36.424113755   11.432167551   23.070330951
   -1.237597106   -2.792526803  -33.841023439   16.119923194   21.660673017
   -1.047197551   -2.792526803  -30.212707219   21.932456783   19.095735693
   -0.856797996   -2.792526803  -25.584773777   26.157648467   15.594515769
   -0.666398442   -2.792526803  -20.474567126   26.688430417   11.611262156
   -0.475998887   -2.792526803  -15.680665328   22.851607048    7.633709636
   -0.285599332   -2.792526803  -11.997334518   15.250776195    3.959537436
   -0.095199777   -2.792526803  -10.010064063    5.353509079    0.624841586
    0.095199777   -2.792526803   -9.974136546   -4.881058222   -2.539468727
    0.285599332   -2.792526803  -11.741987205  -13.205840509   -5.709466683
    0.475998887   -2.792526803  -14.730366370  -17.371914432   -8.866591494
    0.666398442   -2.792526803  -17.981841759  -15.808772231  -11.696485491
    0.856797996   -2.792526803  -20.381343533   -8.629482876  -13.683000881
    1.047197551   -2.792526803  -21.036844055    2.000969950  -14.345666268
    1.237597106   -2.792526803  -19.626208558   12.439447080  -13.508464688
    1.427996661   -2.792526803  -16.536404347   19.174201559  -11.409370199
    1.618396215   -2.792526803  -12.687685817   20.271589502   -8.587140288
    1.808795770   -2.792526803   -9.175642611   15.783387183   -5.622137414
    1.999195325   -2.792526803   -6.949640792    7.029065986   -2.881150133
    2.189594880   -2.792526803   -6.670413065   -4.418103060   -0.412997223
    2.379994435   -2.792526803   -8.715703808  -17.156480254    1.990481730
    2.570393989   -2.792526803  -13.188220451  -29.607372407    4.618859888
    2.760793544   -2.792526803  -19.833206043  -39.547834837    7.656098443
    2.951193099   -2.792526803  -27.914174969  -44.260150547   11.051540539

   -3.141592654   -2.443460953  -30.867436142  -35.439251312   14.471763543
   -2.951193099   -2.443460953  -36.855949773  -26.531471520   17.104207930
   -2.760793544   -2.443460953  -40.678596014  -13.210758920   18.885062843
   -2.570393989   -2.443460953  -41.855884178    0.557024894   19.735984192
   -2.379994435   -2.443460953  -40.693455042   10.815024011   19.848596671
   -2.189594880   -2.443460953  -38.101522942   15.433455416   19.565205208
   -1.999195325   -2.443460953  -35.146384223   14.926071877   19.179939985
   -1.808795770   -2.443460953  -32.580508637   11.872598753   18.773122907
   -1.618396215   -2.443460953  -30.588191328    9.369914095   18.179988278
   -1.427996661   -2.443460953  -28.844992998    9.449754051   17.107991781
   -1.237597106   -2.443460953  -26.815137863   12.258510904   15.324772860
   -1.047197551   -2.443460953  -24.099143232   16.286568295   12.804827392
   -0.856797996   -2.443460953  -20.670620478   19.346444500    9.758731493
   -0.666398442   -2.443460953  -16.901537977   19.571915211    6.521073153
   -0.475998887   -2.443460953  -13.435189689   16.119163734    3.399960756
   -0.285599332   -2.443460953  -10.972578802    9.177489683    0.517598734
   -0.095199777   -2.443460953  -10.090377040   -0.231417825   -2.208921967
    0.095199777   -2.443460953  -11.100808434  -10.341173593   -4.989825795
    0.285599332   -2.443460953  -13.915234089  -18.731312603   -7.973053828
    0.475998887   -2.443460953  -17.945251045  -22.684285627  -11.067741516
    0.666398442   -2.443460953  -22.130769118  -20.141676056  -13.874956665
    0.856797996   -2.443460953  -25.185988702  -11.021431286  -15.806150831
    1.047197551   -2.443460953  -26.056306891    2.204353673  -16.334346878
    1.237597106   -2.443460953  -24.355575795   15.221549692  -15.268676865
    1.427996661   -2.443460953  -20.543350721   23.819073842  -12.860391743
    1.618396215   -2.443460953  -15.716124909   25.724730300   -9.682184370
    1.808795770   -2.443460953  -11.163395022   21.147448902   -6.353317369
    1.999195325   -2.443460953   -7.959189414   11.924474085   -3.272259984
    2.189594880   -2.443460953   -6.781514347    0.189513541   -0.505994386
    2.379994435   -2.443460953   -7.937770953  -12.337548451    2.140735867
    2.570393989   -2.443460953  -11.434169951  -24.123567888    4.934883813
    2.760793544   -2.443460953  -16.959733152  -33.304738225    8.020817866
    2.951193099   -2.443460953  -23.806728692  -37.651470083   11.304759537

   -3.141592654   -2.094395102  -26.333139704  -30.789045404   10.999787037
   -2.951193099   -2.094395102  -31.546455345  -23.140917784   12.722026399
   -2.760793544   -2.094395102  -34.874134203  -11.435445910   13.761302546
   -2.570393989   -2.094395102  -35.865959496    0.771691314   14.090233872
   -2.379994435   -2.094395102  -34.782277236    9.854690169   13.837288925
   -2.189594880   -2.094395102  -32.446082469   13.780902989   13.196607323
   -1.999195325   -2.094395102  -29.844007889   12.900046327   12.317092897
   -1.808795770   -2.094395102  -27.694645185    9.507432708   11.235811941
   -1.618396215   -2.094395102  -26.197684829    6.497818846    9.898175465
   -1.427996661   -2.094395102  -25.063633204    5.910116134    8.243419266
   -1.237597106   -2.094395102  -23.771042432    8.084874205    6.293058391
   -1.047197551   -2.094395102  -21.890153204   11.762720276    4.179546055
   -0.856797996   -2.094395102  -19.324353922   14.884948159    2.101843795
   -0.666398442   -2.094395102  -16.370365597   15.529878656    0.217833916
   -0.475998887   -2.094395102  -13.624869074   12.585712442   -1.431188135
   -0.285599332   -2.094395102  -11.803290546    5.924085646   -2.973368262
   -0.095199777   -2.094395102  -11.550213109   -3.666599819   -4.648501081
    0.095199777   -2.094395102  -13.267870478  -14.382751488   -6.703684308
    0.285599332   -2.094395102  -16.919973297  -23.451788501   -9.234446064
    0.475998887   -2.094395102  -21.879910858  -27.591264177  -12.058566188
    0.666398442   -2.094395102  -26.941495162  -24.239342537  -14.694407576
    0.856797996   -2.094395102  -30.608065201  -13.167239478  -16.500795772
    1.047197551   -2.094395102  -31.635965377    2.765503561  -16.922892607
    1.237597106   -2.094395102  -29.564531282   18.482081496  -15.760729630
    1.427996661   -2.094395102  -24.930976918   29.008645531  -13.261970980
    1.618396215   -2.094395102  -19.021723665   31.704837636  -10.003406744
    1.808795770   -2.094395102  -13.335803651   26.942838945   -6.617950053
    1.999195325   -2.094395102   -9.085280907   17.094717301   -3.532409415
    2.189594880   -2.094395102   -6.976047748    4.860803227   -0.855579307
    2.379994435   -2.094395102   -7.256267491   -7.730682187    1.555467979
    2.570393989   -2.094395102   -9.849138619  -19.201105416    3.917100166
    2.760793544   -2.094395102  -14.399844451  -28.018930595    6.348138804
    2.951193099   -2.094395102  -20.231230480  -32.364785398    8.783057691

   -3.141592654   -1.745329252  -23.625948120  -28.571192520    6.265213317
   -2.951193099   -1.745329252  -28.498332963  -21.817893432    6.828616570
   -2.760793544   -1.745329252  -31.665334594  -11.071680133    6.923228799
   -2.570393989   -1.745329252  -32.671095340    0.289544415    6.585445893
   -2.379994435   -1.745329252  -31.745517210    8.703957997    5.882792821
   -2.189594880   -1.745329252  -29.682494502   12.068682968    4.859124826
   -1.999195325   -1.745329252  -27.461293623   10.597054053    3.521373135
   -1.808795770   -1.745329252  -25.814512254    6.519099326    1.880210567
   -1.618396215   -1.745329252  -24.952581597    2.836154429    0.017242028
   -1.427996661   -1.745329252  -24.561293048    1.839208123   -1.881561581
   -1.237597106   -1.745329252  -24.043604282    4.118929322   -3.561440770
   -1.047197551   -1.745329252  -22.861305028    8.489894212   -4.796224648
   -0.856797996   -1.745329252  -20.819613321   12.692636074   -5.484086348
   -0.666398442   -1.745329252  -18.177405151   14.420065796   -5.707517809
   -0.475998887   -1.745329252  -15.571841904   12.127777721   -5.699721954
   -0.285599332   -1.745329252  -13.829908057    5.426371605   -5.790187712
   -0.095199777   -1.745329252  -13.733266070   -4.915666420   -6.297182954
    0.095199777   -1.745329252  -15.798842793  -16.827654314   -7.441853482
    0.285599332   -1.745329252  -20.032221887  -27.054840939   -9.246793732
    0.475998887   -1.745329252  -25.745400892  -31.746630500  -11.471199409
    0.666398442   -1.745329252  -31.569409643  -27.894977782  -13.624826496
    0.856797996   -1.745329252  -35.790788874  -15.159407145  -15.099219298
    1.047197551   -1.745329252  -36.971814057    3.222481012  -15.382388132
    1.237597106   -1.745329252  -34.567574104   21.459628587  -14.284822592
    1.427996661   -1.745329252  -29.174988727   33.839898974  -12.017377160
    1.618396215   -1.745329252  -22.252787627   37.326509972   -9.088494748
    1.808795770   -1.745329252  -15.501217972   32.381689931   -6.067804160
    1.999195325   -1.745329252  -10.278086720   21.827779022   -3.357365387
    2.189594880   -1.745329252   -7.339489228    8.868186064   -1.092751851
    2.379994435   -1.745329252   -6.904957053   -4.179594694    0.800878029
    2.570393989   -1.745329252   -8.842867404  -15.845630776    2.463024057
    2.760793544   -1.745329252  -12.766972849  -24.808528510    3.967151801
    2.951193099   -1.745329252  -18.014682816  -29.494591530    5.273562190

   -3.141592654   -1.396263402  -23.465337568  -29.566362480    4.415467195
   -2.951193099   -1.396263402  -28.562023728  -23.138847858    4.414088703
   -2.760793544   -1.396263402  -31.986693907  -12.418073579    3.912483740
   -2.570393989   -1.396263402  -33.236030418   -0.915859632    2.959494523
   -2.379994435   -1.396263402  -32.532457997    7.537045079    1.614825519
   -2.189594880   -1.396263402  -30.713651875   10.603823396   -0.100532325
   -1.999195325   -1.396263402  -28.829376338    8.477199176   -2.190352392
   -1.808795770   -1.396263402  -27.659376536    3.649871060   -4.600408959
   -1.618396215   -1.396263402  -27.391494802   -0.441064273   -7.125907045
   -1.427996661   -1.396263402  -27.608983020   -1.141808245   -9.399706186
   -1.237597106   -1.396263402  -27.568409772    2.205611227  -10.996183523
   -1.047197551   -1.396263402  -26.607594013    8.124424725  -11.612285116
   -0.856797996   -1.396263402  -24.487284240   13.830192598  -11.211417810
   -0.666398442   -1.396263402  -21.525316531   16.519801208  -10.060855695
   -0.475998887   -1.396263402  -18.493751239   14.347769704   -8.625250208
   -0.285599332   -1.396263402  -16.385949049    6.920834480   -7.418388006
   -0.095199777   -1.396263402  -16.126063921   -4.772435169   -6.835935062
    0.095199777   -1.396263402  -18.314938546  -18.267718408   -7.073099163
    0.285599332   -1.396263402  -22.957604089  -29.828400674   -8.069960407
    0.475998887   -1.396263402  -29.271957749  -35.131354878   -9.523451738
    0.666398442   -1.396263402  -35.716815231  -30.848009321  -10.956721007
    0.856797996   -1.396263402  -40.373902933  -16.636125125  -11.856635372
    1.047197551   -1.396263402  -41.638195456    3.873143384  -11.840920253
    1.237597106   -1.396263402  -38.901303553   24.236578378  -10.807421216
    1.427996661   -1.396263402  -32.823759557   38.109388251   -8.954893801
    1.618396215   -1.396263402  -25.021652400   42.134108101   -6.679777244
    1.808795770   -1.396263402  -17.374795209   36.856864564   -4.394663138
    1.999195325   -1.396263402  -11.374991594   25.459316078   -2.368961428
    2.189594880   -1.396263402   -7.837642916   11.528889226   -0.675400603
    2.379994435   -1.396263402   -6.982400513   -2.400493693    0.751964182
    2.570393989   -1.396263402   -8.655991676  -14.836963694    2.002159155
    2.760793544   -1.396263402  -12.457353542  -24.523027056    3.091092889
    2.951193099   -1.396263402  -17.717915781  -29.908205193    3.939983462

   -3.141592654   -1.047197551  -23.975261920  -31.472882288    3.490269792
   -2.951193099   -1.047197551  -29.480370846  -25.482951892    2.927857209
   -2.760793544   -1.047197551  -33.370323873  -14.921287759    1.731720670
   -2.570393989   -1.047197551  -35.096984772   -3.419060839    0.004288958
   -2.379994435   -1.047197551  -34.874673456    4.950167603   -2.128506361
   -2.189594880   -1.047197551  -33.577632771    7.659536070   -4.589962608
   -1.999195325   -1.047197551  -32.307001451    4.962710567   -7.337706260
   -1.808795770   -1.047197551  -31.852293734   -0.280562380  -10.255162667
   -1.618396215   -1.047197551  -32.323767877   -4.130729872  -13.040855515
   -1.427996661   -1.047197551  -33.144721627   -3.622248062  -15.217951773
   -1.237597106   -1.047197551  -33.391186561    1.777626126  -16.294156887
   -1.047197551   -1.047197551  -32.288656255   10.030485680  -15.997670727
   -0.856797996   -1.047197551  -29.613930482   17.616368057  -14.430816756
   -0.666398442   -1.047197551  -25.829684458   21.175824408  -12.055461873
   -0.475998887   -1.047197551  -21.922622354   18.691499875   -9.507854560
   -0.285599332   -1.047197551  -19.096267690   10.000912314   -7.379844021
   -0.095199777   -1.047197551  -18.414006269   -3.461600038   -6.029883305
    0.095199777   -1.047197551  -20.523107726  -18.696969485   -5.529443056
    0.285599332   -1.047197551  -25.377205489  -31.504448218   -5.682961714
    0.475998887   -1.047197551  -32.066552939  -37.243263539   -6.130569183
    0.666398442   -1.047197551  -38.881878238  -32.489078526   -6.479493517
    0.856797996   -1.047197551  -43.744782351  -17.073496260   -6.436613102
    1.047197551   -1.047197551  -44.947129039    4.958042402   -5.890018274
    1.237597106   -1.047197551  -41.868181787   26.668385366   -4.921324820
    1.427996661   -1.047197551  -35.241480538   41.331943468   -3.730805314
    1.618396215   -1.047197551  -26.804149307   45.475059887   -2.529620532
    1.808795770   -1.047197551  -18.554346646   39.781027487   -1.450611671
    1.999195325   -1.047197551  -12.060905582   27.698482684   -0.513718474
    2.189594880   -1.047197551   -8.166834650   13.041866394    0.345695080
    2.379994435   -1.047197551   -7.088588887   -1.562719899    1.206322126
    2.570393989   -1.047197551   -8.664761571  -14.655396041    2.085182130
    2.760793544   -1.047197551  -12.497279404  -25.036493680    2.888609997
    2.951193099   -1.047197551  -17.925408118  -31.156791341    3.430131654

   -3.141592654   -0.698131701  -23.663697019  -32.920307749    1.626593757
   -2.951193099   -0.698131701  -29.544001562  -27.963841081    0.441560945
   -2.760793544   -0.698131701  -33.992745979  -18.267625080   -1.434856654
   -2.570393989   -0.698131701  -36.418878452   -7.381654031   -3.854376838
   -2.379994435   -0.698131701  -36.995195320    0.540040913   -6.632854187
   -2.189594880   -0.698131701  -36.575829202    2.856533377   -9.633005733
   -1.999195325   -0.698131701  -36.249899542   -0.119665237  -12.746152515
   -1.808795770   -0.698131701  -36.759443910   -5.220941791  -15.774520179
   -1.618396215   -0.698131701  -38.095626776   -8.112105272  -18.331206759
   -1.427996661   -0.698131701  -39.505225230   -5.668136491  -19.890814855
   -1.237597106   -0.698131701  -39.898104939    2.352061836  -19.996506053
   -1.047197551   -0.698131701  -38.430500910   13.226007537  -18.511243577
   -0.856797996   -0.698131701  -34.953202722   22.675091336  -15.734895333
   -0.666398442   -0.698131701  -30.124655673   26.871723575  -12.307765293
   -0.475998887   -0.698131701  -25.171982363   23.793622412   -8.956774145
   -0.285599332   -0.698131701  -21.500461934   13.684960069   -6.235342910
   -0.095199777   -0.698131701  -20.275616619   -1.444487229   -4.353572393
    0.095199777   -0.698131701  -22.138801136  -18.047536900   -3.184484224
    0.285599332   -0.698131701  -26.950224081  -31.584561153   -2.376268423
    0.475998887   -0.698131701  -33.667135120  -37.344540446   -1.551457090
    0.666398442   -0.698131701  -40.459142946  -32.092436409   -0.491113554
    0.856797996   -0.698131701  -45.180827978  -16.002618010    0.764352279
    1.047197551   -0.698131701  -46.125172241    6.531915761    1.959221407
    1.237597106   -0.698131701  -42.726050621   28.383917259    2.781463699
    1.427996661   -0.698131701  -35.787103794   42.848421828    3.049538615
    1.618396215   -0.698131701  -27.094730492   46.627578024    2.806834655
    1.808795770   -0.698131701  -18.658499133   40.607413550    2.281892502
    1.999195325   -0.698131701  -12.026424858   28.360155861    1.763408904
    2.189594880   -0.698131701   -8.008759873   13.698750304    1.474506358
    2.379994435   -0.698131701   -6.800702413   -0.860912405    1.498945560
    2.570393989   -0.698131701   -8.247490224  -14.034895293    1.765603096
    2.760793544   -0.698131701  -11.991683707  -24.780234064    2.065429190
    2.951193099   -0.698131701  -17.434115615  -31.622772900    2.114042820

   -3.141592654   -0.349065850  -23.324578865  -34.590917657    0.180610000
   -2.951193099   -0.349065850  -29.644643570  -30.899837307   -1.211407059
   -2.760793544   -0.349065850  -34.762179580  -22.300170089   -3.251647938
   -2.570393989   -0.349065850  -38.032456550  -12.151354861   -5.801359348
   -2.379994435   -0.349065850  -39.558065198   -4.610671199   -8.665239738
   -2.189594880   -0.349065850  -40.133978635   -2.405583521  -11.660686397
   -1.999195325   -0.349065850  -40.797458386   -5.184296346  -14.601339886
   -1.808795770   -0.349065850  -42.211847056   -9.543536111  -17.206652155
   -1.618396215   -0.349065850  -44.237224772  -10.882227135  -19.051883925
   -1.427996661   -0.349065850  -45.960709169   -6.081739686  -19.665725357
   -1.237597106   -0.349065850  -46.172983098    4.668713306  -18.745489081
   -1.047197551   -0.349065850  -44.025993689   17.922263763  -16.359537803
   -0.856797996   -0.349065850  -39.505475273   28.731569798  -12.980693453
   -0.666398442   -0.349065850  -33.498324553   32.985752281   -9.308785100
   -0.475998887   -0.349065850  -27.465751635   28.880218457   -5.993030942
   -0.285599332   -0.349065850  -22.968791120   17.238878905   -3.391245914
   -0.095199777   -0.349065850  -21.204853047    0.732962063   -1.474458816
    0.095199777   -0.349065850  -22.734770498  -16.594084094    0.092736670
    0.285599332   -0.349065850  -27.274774171  -30.066317645    1.751348933
    0.475998887   -0.349065850  -33.650047241  -35.227804054    3.790364366
    0.666398442   -0.349065850  -39.976165820  -29.376386546    6.156643222
    0.856797996   -0.349065850  -44.161757876  -13.222619010    8.428788797
    1.047197551   -0.349065850  -44.632106625    8.588227690   10.005779412
    1.237597106   -0.349065850  -40.960326033   29.122180675   10.414850052
    1.427996661   -0.349065850  -34.017764009   42.180871205    9.567306179
    1.618396215   -0.349065850  -25.555075080   44.989125174    7.796795682
    1.808795770   -0.349065850  -17.468400123   38.696898265    5.680101844
    1.999195325   -0.349065850  -11.174354849   26.806782909    3.769699271
    2.189594880   -0.349065850   -7.388667564   12.843373347    2.401431852
    2.379994435   -0.349065850   -6.274834805   -1.021720622    1.642150459
    2.570393989   -0.349065850   -7.708403147  -13.805927257    1.342600789
    2.760793544   -0.349065850  -11.411164956  -24.661287339    1.216810543
    2.951193099   -0.349065850  -16.886724589  -32.183305650    0.932049925

   -3.141592654    0.000000000  -23.418442858  -36.421687666   -1.237217158
   -2.951193099    0.000000000  -30.192958253  -33.834091944   -2.567340871
   -2.760793544    0.000000000  -35.970307353  -26.253034419   -4.370904006
   -2.570393989    0.000000000  -40.068401796  -16.836549870   -6.556762309
   -2.379994435    0.000000000  -42.527354007   -9.668339259   -8.983443580
   -2.189594880    0.000000000  -44.071317257   -7.445050217  -11.489028182
   -1.999195325    0.000000000  -45.653251438   -9.689590096  -13.859499865
   -1.808795770    0.000000000  -47.818649778  -12.789525956  -15.768892220
   -1.618396215    0.000000000  -50.276134848  -12.046486176  -16.791194300
   -1.427996661    0.000000000  -51.973967336   -4.595143865  -16.545019138
   -1.237597106    0.000000000  -51.648852091    8.752088893  -14.899725914
   -1.047197551    0.000000000  -48.534409977   23.812377341  -12.105615673
   -0.856797996    0.000000000  -42.818921933   35.173893914   -8.733846757
   -0.666398442    0.000000000  -35.631776534   38.770667240   -5.436031720
   -0.475998887    0.000000000  -28.620238691   33.321864064   -2.679712057
   -0.285599332    0.000000000  -23.407701542   20.372878046   -0.566832326
   -0.095199777    0.000000000  -21.123202083    3.202252398    1.161678826
    0.095199777    0.000000000  -22.174744112  -13.893906835    2.976479001
    0.285599332    0.000000000  -26.120277014  -26.452115321    5.304926078
    0.475998887    0.000000000  -31.707907158  -30.627848682    8.270081697
    0.666398442    0.000000000  -37.113048135  -24.488538374   11.540909935
    0.856797996    0.000000000  -40.435569743   -9.282234118   14.396457582
    1.047197551    0.000000000  -40.343998286   10.376633360   16.021932065
    1.237597106    0.000000000  -36.588221394   28.195470679   15.901391928
    1.427996661    0.000000000  -30.059381249   38.896126910   14.079947751
    1.618396215    0.000000000  -22.365185863   40.416367533   11.128941027
    1.808795770    0.000000000  -15.171179453   34.088703105    7.859889035
    1.999195325    0.000000000   -9.680323510   23.090652609    4.971660494
    2.189594880    0.000000000   -6.483155958   10.394891016    2.836611956
    2.379994435    0.000000000   -5.721498148   -2.322711049    1.482966020
    2.570393989    0.000000000   -7.327034620  -14.400248887    0.706389139
    2.760793544    0.000000000  -11.121856844  -25.128747289    0.196087014
    2.951193099    0.000000000  -16.721735880  -33.111707373   -0.363501635

   -3.141592654    0.349065850  -23.110122482  -37.063285338   -1.652079841
   -2.951193099    0.349065850  -30.093033763  -35.405746794   -2.448273781
   -2.760793544    0.349065850  -36.272062868  -28.894393057   -3.515428443
   -2.570393989    0.349065850  -40.968575344  -20.444485244   -4.874365624
   -2.379994435    0.349065850  -44.183171665  -13.930863416   -6.486474314
   -2.189594880    0.349065850  -46.563483288  -11.870665615   -8.235111906
   -1.999195325    0.349065850  -48.951637934  -13.607234816   -9.897084339
   -1.808795770    0.349065850  -51.752147007  -15.409243576  -11.140129176
   -1.618396215    0.349065850  -54.526616725  -12.662217550  -11.596868901
   -1.427996661    0.349065850  -56.121507182   -2.893857245  -11.015824428
   -1.237597106    0.349065850  -55.270054630   12.472720836   -9.405968021
   -1.047197551    0.349065850  -51.319391719   28.693954542   -7.074148689
   -0.856797996    0.349065850  -44.649825070   40.145337933   -4.509760194
   -0.666398442    0.349065850  -36.578160756   42.994486196   -2.159065272
   -0.475998887    0.349065850  -28.859554325   36.540382448   -0.239187852
   -0.285599332    0.349065850  -23.104341859   22.958366887    1.359029036
   -0.095199777    0.349065850  -20.325505498    5.956248510    2.994075632
    0.095199777    0.349065850  -20.768917946  -10.144713850    5.107272221
    0.285599332    0.349065850  -23.868821449  -21.313078761    7.975465520
    0.475998887    0.349065850  -28.368318182  -24.480078932   11.498312961
    0.666398442    0.349065850  -32.595401955  -18.523523842   15.120125766
    0.856797996    0.349065850  -34.925939753   -5.103402779   17.973653853
    1.047197551    0.349065850  -34.317824889   11.463055221   19.225729529
    1.237597106    0.349065850  -30.688339543   25.817720737   18.466848381
    1.427996661    0.349065850  -24.891029621   33.794931393   15.911439240
    1.618396215    0.349065850  -18.313490009   34.061925516   12.282825144
    1.808795770    0.349065850  -12.324818446   28.008416644    8.473486912
    1.999195325    0.349065850   -7.878275118   18.318571939    5.183589246
    2.189594880    0.349065850   -5.431486263    7.295013315    2.739987418
    2.379994435    0.349065850   -5.111004975   -3.912509685    1.125179790
    2.570393989    0.349065850   -6.910141891  -14.929467595    0.126744571
    2.760793544    0.349065850  -10.748660533  -25.149549050   -0.520115250
    2.951193099    0.349065850  -16.349649720  -33.192238223   -1.050533021

   -3.141592654    0.698131701  -22.924502488  -37.209164677   -2.462669697
   -2.951193099    0.698131701  -29.978021436  -36.021606343   -2.790291039
   -2.760793544    0.698131701  -36.333596386  -30.140096920   -3.084333700
   -2.570393989    0.698131701  -41.328739223  -22.320703840   -3.442472824
   -2.379994435    0.698131701  -44.948439997  -16.267518798   -3.938612852
   -2.189594880    0.698131701  -47.791953453  -14.329823366   -4.565063325
   -1.999195325    0.698131701  -50.622653597  -15.708548293   -5.198077703
   -1.808795770    0.698131701  -53.747067441  -16.627262638   -5.621829220
   -1.618396215    0.698131701  -56.636144633  -12.605044884   -5.616841857
   -1.427996661    0.698131701  -58.089788255   -1.490465855   -5.070421869
   -1.237597106    0.698131701  -56.864985156   14.904456615   -4.041462946
   -1.047197551    0.698131701  -52.398400156   31.568087322   -2.734085407
   -0.856797996    0.698131701  -45.187248633   42.881644480   -1.393428503
   -0.666398442    0.698131701  -36.635315146   45.286338397   -0.167679660
   -0.475998887    0.698131701  -28.516216690   38.519328409    0.966651527
   -0.285599332    0.698131701  -22.375120573   25.136671566    2.229305799
   -0.095199777    0.698131701  -19.106956516    9.032746233    3.935330342
    0.095199777    0.698131701  -18.834310539   -5.644340179    6.367123764
    0.285599332    0.698131701  -20.936009898  -15.390986713    9.580291804
    0.475998887    0.698131701  -24.225956461  -17.893065439   13.266575703
    0.666398442    0.698131701  -27.244411805  -12.692873855   16.747461030
    0.856797996    0.698131701  -28.665603310   -1.634509307   19.165960685
    1.047197551    0.698131701  -27.715384219   11.481458953   19.819766114
    1.237597106    0.698131701  -24.424523092   22.332056387   18.486643856
    1.427996661    0.698131701  -19.551072328   27.813322091   15.529283420
    1.618396215    0.698131701  -14.226099792   27.163738136   11.719893133
    1.808795770    0.698131701   -9.517076782   21.670810913    7.899818175
    1.999195325    0.698131701   -6.147200593   13.437864903    4.663404278
    2.189594880    0.698131701   -4.468476489    4.099686682    2.236576117
    2.379994435    0.698131701   -4.612293437   -5.654512086    0.546657692
    2.570393989    0.698131701   -6.638412194  -15.645262934   -0.610672979
    2.760793544    0.698131701  -10.551431671  -25.285946811   -1.427544343
    2.951193099    0.698131701  -16.156428115  -33.156612052   -2.023938147

   -3.141592654    1.047197551  -24.360752042  -38.235351797   -6.178239204
   -2.951193099    1.047197551  -31.560322888  -36.514153730   -6.650610266
   -2.760793544    1.047197551  -37.964032976  -30.175308749   -6.585908295
   -2.570393989    1.047197551  -42.938052087  -22.102412591   -6.092042689
   -2.379994435    1.047197551  -46.510042403  -16.014169941   -5.364738571
   -2.189594880    1.047197551  -49.310860852  -14.134670540   -4.585874847
   -1.999195325    1.047197551  -52.103950624  -15.480008968   -3.848163130
   -1.808795770    1.047197551  -55.165639671  -16.162015743   -3.153575267
   -1.618396215    1.047197551  -57.929902675  -11.745068311   -2.473352561
   -1.427996661    1.047197551  -59.181069275   -0.243809567   -1.805302570
   -1.237597106    1.047197551  -57.694693901   16.363239417   -1.182890237
   -1.047197551    1.047197551  -52.947730611   33.013964599   -0.632670011
   -0.856797996    1.047197551  -45.472909348   44.200887918   -0.126624323
   -0.666398442    1.047197551  -36.675565324   46.573796468    0.447579381
   -0.475998887    1.047197551  -28.289692364   40.108968942    1.264347444
   -0.285599332    1.047197551  -21.780785565   27.485275986    2.548194913
   -0.095199777    1.047197551  -17.958090812   12.565623629    4.496602259
    0.095199777    1.047197551  -16.886277416   -0.796321995    7.215637111
    0.285599332    1.047197551  -17.964236954   -9.600156329   10.589523388
    0.475998887    1.047197551  -20.131938503  -12.100479520   14.199670348
    0.666398442    1.047197551  -22.149832992   -8.203124832   17.352736653
    0.856797996    1.047197551  -22.939799954    0.338640389   19.279978164
    1.047197551    1.047197551  -21.907176012   10.349691874   19.428920571
    1.237597106    1.047197551  -19.110335071   18.401367576   17.724901951
    1.427996661    1.047197551  -15.171340540   22.144384557   14.605819969
    1.618396215    1.047197551  -10.985786442   21.077940835   10.821333383
    1.808795770    1.047197551   -7.387410328   16.220774095    7.112062037
    1.999195325    1.047197551   -4.951456907    9.107755641    3.941107532
    2.189594880    1.047197551   -3.991504684    0.839648539    1.418919258
    2.379994435    1.047197551   -4.679658107   -8.172275410   -0.598427015
    2.570393989    1.047197551   -7.141376849  -17.741712170   -2.321517910
    2.760793544    1.047197551  -11.426760941  -27.104954173   -3.867321849
    2.951193099    1.047197551  -17.349407656  -34.646010010   -5.201498615

   -3.141592654    1.396263402  -27.963757024  -40.836621844   -9.616807954
   -2.951193099    1.396263402  -35.502385537  -37.404514603  -10.389121548
   -2.760793544    1.396263402  -41.899441896  -29.234145265  -10.226298332
   -2.570393989    1.396263402  -46.545893410  -19.695054218   -9.196315379
   -2.379994435    1.396263402  -49.570925617  -12.794106122   -7.545312740
   -2.189594880    1.396263402  -51.734801680  -10.762135138   -5.581257254
   -1.999195325    1.396263402  -53.910995119  -12.434086305   -3.572816157
   -1.808795770    1.396263402  -56.447029777  -13.720305224   -1.719009420
   -1.618396215    1.396263402  -58.816077287  -10.050701577   -0.171794673
   -1.427996661    1.396263402  -59.818772743    0.675155288    0.955607057
   -1.237597106    1.396263402  -58.221790201   16.640335337    1.618334362
   -1.047197551    1.396263402  -53.457914420   32.977050698    1.886619475
   -0.856797996    1.396263402  -45.981793666   44.329456209    1.948129444
   -0.666398442    1.396263402  -37.103319522   47.357874205    2.068033638
   -0.475998887    1.396263402  -28.472929864   41.945555804    2.507715329
   -0.285599332    1.396263402  -21.495352892   30.584933133    3.489967923
   -0.095199777    1.396263402  -16.959059707   16.947142160    5.140587744
    0.095199777    1.396263402  -14.949265471    4.603214875    7.459858796
    0.285599332    1.396263402  -14.947816611   -3.800890603   10.246349919
    0.475998887    1.396263402  -16.047562561   -6.872019582   13.069132816
    0.666398442    1.396263402  -17.213436173   -4.657692859   15.327838843
    0.856797996    1.396263402  -17.562324174    1.323189099   16.439544286
    1.047197551    1.396263402  -16.611868113    8.530000355   16.058051780
    1.237597106    1.396263402  -14.393926466   14.280801374   14.244028540
    1.427996661    1.396263402  -11.378274819   16.755417821   11.431656562
    1.618396215    1.396263402   -8.251118715   15.511514277    8.233229629
    1.808795770    1.396263402   -5.667283871   11.203314313    5.178987681
    1.999195325    1.396263402   -4.116541109    4.811774472    2.531753171
    2.189594880    1.396263402   -3.926084739   -3.016449075    0.264862245
    2.379994435    1.396263402   -5.341626891  -12.022663202   -1.821584952
    2.570393989    1.396263402   -8.559048925  -21.839084457   -3.919141992
    2.760793544    1.396263402  -13.640582789  -31.309548844   -6.059438655
    2.951193099    1.396263402  -20.333633495  -38.408734707   -8.066998913

   -3.141592654    1.745329252  -32.364280095  -44.095246998  -12.542345642
   -2.951193099    1.745329252  -40.335849657  -38.598309245  -13.648636186
   -2.760793544    1.745329252  -46.738063139  -28.100368213  -13.464960587
   -2.570393989    1.745329252  -50.968471422  -16.553693125  -11.989625906
   -2.379994435    1.745329252  -53.260105977   -8.371524937   -9.486726021
   -2.189594880    1.745329252  -54.527101445   -5.899049712   -6.362654932
   -1.999195325    1.745329252  -55.794506169   -7.855631414   -3.043799053
   -1.808795770    1.745329252  -57.528439193   -9.942288827    0.079280510
   -1.618396215    1.745329252  -59.279549396   -7.367767821    2.659528492
   -1.427996661    1.745329252  -59.881342534    2.214340773    4.425699407
   -1.237597106    1.745329252  -58.084529557   17.254885416    5.255298223
   -1.047197551    1.745329252  -53.257296176   33.106322869    5.247773051
   -0.856797996    1.745329252  -45.759299341   44.508393688    4.713517083
   -0.666398442    1.745329252  -36.802975518   48.043064801    4.079447888
   -0.475998887    1.745329252  -27.968422749   43.431944498    3.737298261
   -0.285599332    1.745329252  -20.621913284   32.968340579    3.958053489
   -0.095199777    1.745329252  -15.551325639   20.148798557    4.832573647
    0.095199777    1.745329252  -12.875932578    8.321661284    6.283183084
    0.285599332    1.745329252  -12.158308180   -0.111583268    8.061779083
    0.475998887    1.745329252  -12.615694562   -3.950003900    9.785481702
    0.666398442    1.745329252  -13.357348726   -3.222617255   11.014049751
    0.856797996    1.745329252  -13.612459359    0.843474732   11.390895474
    1.047197551    1.745329252  -12.933403723    6.222547981   10.763433906
    1.237597106    1.745329252  -11.286982432   10.707789245    9.258547063
    1.427996661    1.745329252   -9.009787903   12.700648653    7.209362852
    1.618396215    1.745329252   -6.646653093   11.623624204    5.004884182
    1.808795770    1.745329252   -4.762153126    7.753232406    2.920439198
    1.999195325    1.745329252   -3.836069526    1.647218846    1.019413901
    2.189594880    1.745329252   -4.253638065   -6.316972302   -0.832177685
    2.379994435    1.745329252   -6.345557290  -15.880334842   -2.856688229
    2.570393989    1.745329252  -10.365234485  -26.393398815   -5.208179707
    2.760793544    1.745329252  -16.359424334  -36.249674534   -7.836395197
    2.951193099    1.745329252  -23.973067665  -42.978111637  -10.442455157

   -3.141592654    2.094395102  -37.025047647  -47.595567829  -12.143506932
   -2.951193099    2.094395102  -45.463183635  -39.887272878  -13.083818933
   -2.760793544    2.094395102  -51.866003898  -26.805856584  -12.692623758
   -2.570393989    2.094395102  -55.617555228  -12.900523615  -10.940239642
   -2.379994435    2.094395102  -57.040513698   -3.037339001   -8.054104874
   -2.189594880    2.094395102  -57.200699354    0.244177122   -4.406777281
   -1.999195325    2.094395102  -57.290296923   -1.762734873   -0.417887501
   -1.808795770    2.094395102  -57.929300842   -4.648049717    3.476682242
   -1.618396215    2.094395102  -58.796261915   -3.452783387    6.824566808
   -1.427996661    2.094395102  -58.810871510    4.443287061    9.207618876
   -1.237597106    2.094395102  -56.747261022   17.875101589   10.356292989
   -1.047197551    2.094395102  -51.919893915   32.584873092   10.271007362
   -0.856797996    2.094395102  -44.573578849   43.551345424    9.245050301
   -0.666398442    2.094395102  -35.784349493   47.324302871    7.767503866
   -0.475998887    2.094395102  -27.025345049   43.394972228    6.337833058
   -0.285599332    2.094395102  -19.608746708   33.728707035    5.321211388
   -0.095199777    2.094395102  -14.328664545   21.542651968    4.854167841
    0.095199777    2.094395102  -11.355323248    9.984571053    4.855154795
    0.285599332    2.094395102  -10.331199247    1.363077699    5.077170153
    0.475998887    2.094395102  -10.560495434   -3.096494805    5.213712202
    0.666398442    2.094395102  -11.223009429   -3.264599737    5.014148460
    0.856797996    2.094395102  -11.576987615   -0.131807927    4.387774407
    1.047197551    2.094395102  -11.157312341    4.534715710    3.421204181
    1.237597106    2.094395102   -9.872396361    8.662307808    2.327688368
    1.427996661    2.094395102   -7.991028187   10.633707579    1.320151377
    1.618396215    2.094395102   -6.008957875    9.696221763    0.505237067
    1.808795770    2.094395102   -4.482534560    5.887489296   -0.165333744
    1.999195325    2.094395102   -3.927934893   -0.449828246   -0.870759001
    2.189594880    2.094395102   -4.798217873   -9.039723841   -1.850466048
    2.379994435    2.094395102   -7.494720142  -19.541399202   -3.309978356
    2.570393989    2.094395102  -12.305645596  -31.010464307   -5.320707864
    2.760793544    2.094395102  -19.240553787  -41.406019596   -7.738842546
    2.951193099    2.094395102  -27.822686369  -47.824558068  -10.190768781

   -3.141592654    2.443460953  -40.922223682  -50.339977018   -7.388503310
   -2.951193099    2.443460953  -49.704633261  -40.662226904   -7.384601113
   -2.760793544    2.443460953  -56.033021558  -25.227131285   -6.352802707
   -2.570393989    2.443460953  -59.263030314   -9.049450853   -4.339916942
   -2.379994435    2.443460953  -59.769180035    2.647569531   -1.545617448
   -2.189594880    2.443460953  -58.722369857    7.119240360    1.778129003
   -1.999195325    2.443460953  -57.449604774    5.535987927    5.370167323
   -1.808795770    2.443460953  -56.726571437    2.208651768    8.920188503
   -1.618396215    2.443460953  -56.401693595    2.066895308   12.017829801
   -1.427996661    2.443460953  -55.552798273    7.898944912   14.194270838
   -1.237597106    2.443460953  -53.056829475   18.953603383   15.071385462
   -1.047197551    2.443460953  -48.235575927   31.522844780   14.541754910
   -0.856797996    2.443460953  -41.240686397   41.058383985   12.844033539
   -0.666398442    2.443460953  -32.989614406   44.297915628   10.479249055
   -0.475998887    2.443460953  -24.793077671   40.608116118    8.004268093
   -0.285599332    2.443460953  -17.847508375   31.599382311    5.832740746
   -0.095199777    2.443460953  -12.906493864   20.080000822    4.112502632
    0.095199777    2.443460953  -10.170546499    8.884138873    2.744953738
    0.285599332    2.443460953   -9.354775892    0.205697115    1.496318379
    0.475998887    2.443460953   -9.835715889   -4.613781187    0.166603444
    0.666398442    2.443460953  -10.825597249   -5.150971405   -1.277040783
    0.856797996    2.443460953  -11.553593701   -2.097049973   -2.660645352
    1.047197551    2.443460953  -11.481450852    2.932755826   -3.697036618
    1.237597106    2.443460953  -10.439257827    7.755492639   -4.149415087
    1.427996661    2.443460953   -8.659092534   10.457856924   -3.977784195
    1.618396215    2.443460953   -6.661731919    9.963905010   -3.366743203
    1.808795770    2.443460953   -5.080547473    6.107958312   -2.643667236
    1.999195325    2.443460953   -4.530695223   -0.801135642   -2.147379573
    2.189594880    2.443460953   -5.556720828  -10.378204602   -2.127572936
    2.379994435    2.443460953   -8.620074895  -22.065873593   -2.692881610
    2.570393989    2.443460953  -14.018007199  -34.602098269   -3.789792451
    2.760793544    2.443460953  -21.702413448  -45.576871904   -5.194082089
    2.951193099    2.443460953  -31.070585091  -51.752991998   -6.538889185

   -3.141592654    2.792526803  -42.529375158  -50.559266168    0.619490410
   -2.951193099    2.792526803  -51.231191127  -39.571139767    1.962441168
   -2.760793544    2.792526803  -57.220456486  -22.774203483    3.731440893
   -2.570393989    2.792526803  -59.867841829   -5.427271320    5.808182867
   -2.379994435    2.792526803  -59.595677245    7.152581784    8.106575460
   -2.189594880    2.792526803  -57.629283052   12.227708419   10.613129776
   -1.999195325    2.792526803  -55.350481671   10.932783707   13.317122743
   -1.808795770    2.792526803  -53.608614235    7.413953777   16.070796340
   -1.618396215    2.792526803  -52.365035852    6.382098736   18.500939728
   -1.427996661    2.792526803  -50.841042389   10.555985883   20.078149594
   -1.237597106    2.792526803  -48.043220487   19.414841930   20.327845364
   -1.047197551    2.792526803  -43.350954878   29.747630237   19.066795781
   -0.856797996    2.792526803  -36.870002246   37.551586225   16.510901243
   -0.666398442    2.792526803  -29.385837496   39.888265075   13.185489082
   -0.475998887    2.792526803  -22.049217611   36.095118193    9.702002797
   -0.285599332    2.792526803  -15.931983353   27.455537709    6.515529837
   -0.095199777    2.792526803  -11.737478203   16.365949754    3.792820450
    0.095199777    2.792526803   -9.684136123    5.382507775    1.430907370
    0.285599332    2.792526803   -9.533476546   -3.300644019   -0.794647947
    0.475998887    2.792526803  -10.682589810   -8.088721506   -3.029705817
    0.666398442    2.792526803  -12.303957149   -8.214844011   -5.197698029
    0.856797996    2.792526803  -13.531908268   -4.177237162   -6.995234370
    1.047197551    2.792526803  -13.724636946    2.292246073   -8.038703312
    1.237597106    2.792526803  -12.659647003    8.612555625   -8.087764062
    1.427996661    2.792526803  -10.603266595   12.406011299   -7.196331454
    1.618396215    2.792526803   -8.185508350   12.306896476   -5.698734339
    1.808795770    2.792526803   -6.177904997    8.141114924   -4.053777781
    1.999195325    2.792526803   -5.312054630    0.427199318   -2.649674235
    2.189594880    2.792526803   -6.199439953  -10.161167202   -1.686320281
    2.379994435    2.792526803   -9.314856917  -22.800354070   -1.158245138
    2.570393989    2.792526803  -14.921829304  -35.998277879   -0.905845858
    2.760793544    2.792526803  -22.898264740  -47.160010872   -0.684297487
    2.951193099    2.792526803  -32.538480489  -52.930302883   -0.241109706
