#! FIELDS phi psi file.free der_phi der_psi
#! SET min_phi -pi
#! SET max_phi pi
#! SET nbins_phi  33
#! SET periodic_phi true
#! SET min_psi -pi
#! SET max_psi pi
#! SET nbins_psi  18
#! SET periodic_psi true
   -3.141592654   -3.141592654  -82.077723372  -54.098279855   14.886306740
   -2.951193099   -3.141592654  -90.718325691  -35.931562690   17.669839684
   -2.760793544   -3.141592654  -95.590374409  -15.408415986   19.563949381
   -2.570393989   -3.141592654  -96.781723062    1.927114774   20.616073663
   -2.379994435   -3.141592654  -95.302720261   12.256579685   21.222372898
   -2.189594880   -3.141592654  -92.609175607   14.862566302   21.981821895
   -1.999195325   -3.141592654  -89.977883433   12.243575346   23.409485603
   -1.808795770   -3.141592654  -87.996611158    8.822305891   25.648991637
   -1.618396215   -3.141592654  -86.393934954    8.844096882   28.333887252
   -1.427996661   -3.141592654  -84.266944097   14.415295997   30.697068961
   -1.237597106   -3.141592654  -80.595896635   24.666828553   31.887572016
   -1.047197551   -3.141592654  -74.778567368   36.251513412   31.322255178
   -0.856797996   -3.141592654  -66.954493947   45.042715351   28.901091245
   -0.666398442   -3.141592654  -57.995813561   47.693958669   24.969927155
   -0.475998887   -3.141592654  -49.250489312   42.741042901   20.107020401
   -0.285599332   -3.141592654  -42.161590290   30.516383266   14.828927302
   -0.095199777   -3.141592654  -37.961839439   12.821711703    9.427379997
    0.095199777   -3.141592654  -37.421622007   -7.324407113    3.970060089
    0.285599332   -3.141592654  -40.624415756  -25.694059921   -1.516142022
    0.475998887   -3.141592654  -46.762450261  -37.333277199   -6.826744852
    0.666398442   -3.141592654  -54.118445789  -37.931456695  -11.467818733
    0.856797996   -3.141592654  -60.389312360  -26.080922684  -14.771825938
    1.047197551   -3.141592654  -63.419275327   -4.724940957  -16.184941300
    1.237597106   -3.141592654  -62.013328996   19.152078942  -15.583086764
    1.427996661   -3.141592654  -56.483958961   37.316171489  -13.365899791
    1.618396215   -3.141592654  -48.560270390   43.627839897  -10.271646351
    1.808795770   -3.141592654  -40.747954708   36.215923052   -7.023522975
    1.999195325   -3.141592654  -35.491713870   17.474116133   -4.023950197
    2.189594880   -3.141592654  -34.493275078   -7.546200581   -1.278579930
    2.379994435   -3.141592654  -38.388683784  -32.956954930    1.469780024
    2.570393989   -3.141592654  -46.723147902  -53.356200858    4.495700924
    2.760793544   -3.141592654  -58.125679107  -64.657852244    7.891145491
    2.951193099   -3.141592654  -70.622206845  -64.735690787   11.481650324

   -3.141592654   -2.792526803  -75.124611371  -48.521939558   22.493429859
   -2.951193099   -2.792526803  -82.897929528  -32.478414345   25.257564994
   -2.760793544   -2.792526803  -87.324332833  -14.133979126   26.730761170
   -2.570393989   -2.792526803  -88.432078310    1.696826050   27.122100763
   -2.379994435   -2.792526803  -87.046686663   11.729376570   26.986618284
   -2.189594880   -2.792526803  -84.378040399   15.313831184   27.007390302
   -1.999195325   -2.792526803  -81.499426140   14.450997684   27.688189888
   -1.808795770   -2.792526803  -78.934161087   12.639401262   29.100478728
   -1.618396215   -2.792526803  -76.533481283   13.157570294   30.803645186
   -1.427996661   -2.792526803  -73.670409517   17.543186721   32.001429563
   -1.237597106   -2.792526803  -69.647845544   25.019603746   31.874493650
   -1.047197551   -2.792526803  -64.105751593   32.957639388   29.918072472
   -0.856797996   -2.792526803  -57.255900622   38.211317745   26.131376007
   -0.666398442   -2.792526803  -49.867179253   38.248911886   20.963228565
   -0.475998887   -2.792526803  -43.071324652   31.922375894   15.091808785
   -0.285599332   -2.792526803  -38.085142396   19.406650118    9.124266049
   -0.095199777   -2.792526803  -35.972396316    2.093121657    3.435798046
    0.095199777   -2.792526803  -37.409430493  -17.310879027   -1.840417380
    0.285599332   -2.792526803  -42.418227441  -34.602769977   -6.644739211
    0.475998887   -2.792526803  -50.108346209  -44.603189154  -10.811327677
    0.666398442   -2.792526803  -58.633236788  -42.801674751  -13.986552666
    0.856797996   -2.792526803  -65.549583184  -27.894138978  -15.745803050
    1.047197551   -2.792526803  -68.620065588   -3.359110614  -15.813037292
    1.237597106   -2.792526803  -66.694163409   23.108774860  -14.275319489
    1.427996661   -2.792526803  -60.251180389   42.764619619  -11.579222646
    1.618396215   -2.792526803  -51.238191311   49.469413340   -8.328603899
    1.808795770   -2.792526803  -42.331358979   41.825163802   -4.995008717
    1.999195325   -2.792526803  -36.032235216   22.870114026   -1.726223962
    2.189594880   -2.792526803  -33.992333892   -1.910662401    1.631606564
    2.379994435   -2.792526803  -36.752447903  -26.614722393    5.345657200
    2.570393989   -2.792526803  -43.799488233  -46.206848676    9.555438692
    2.760793544   -2.792526803  -53.793189120  -57.133570358   14.121084594
    2.951193099   -2.792526803  -64.886715456  -57.699287532   18.619624108

   -3.141592654   -2.443460953  -67.236969743  -42.662715111   21.246194581
   -2.951193099   -2.443460953  -74.104236642  -28.871772390   23.357550393
   -2.760793544   -2.443460953  -78.056432640  -12.694647608   24.303416106
   -2.570393989   -2.443460953  -79.042495803    1.699900868   24.346710776
   -2.379994435   -2.443460953  -77.706621869   11.402102830   23.964059951
   -2.189594880   -2.443460953  -75.047337579   15.677779789   23.655567872
   -1.999195325   -2.443460953  -71.990800488   15.964462844   23.729307889
   -1.808795770   -2.443460953  -69.052573693   14.905297368   24.151675230
   -1.618396215   -2.443460953  -66.237510184   15.003670396   24.525603682
   -1.427996661   -2.443460953  -63.182487351   17.474521584   24.234762289
   -1.237597106   -2.443460953  -59.457001375   21.833995076   22.709067048
   -1.047197551   -2.443460953  -54.858859162   26.258885714   19.682438057
   -0.856797996   -2.443460953  -49.583134637   28.549989836   15.318404457
   -0.666398442   -2.443460953  -44.220545369   26.889240715   10.133979341
   -0.475998887   -2.443460953  -39.634259571   20.311355086    4.788306762
   -0.285599332   -2.443460953  -36.787985914    8.701827222   -0.188128056
   -0.095199777   -2.443460953  -36.575201457   -7.097910666   -4.525350608
    0.095199777   -2.443460953  -39.604609769  -24.838021955   -8.204524189
    0.285599332   -2.443460953  -45.891008562  -40.488468933  -11.290801179
    0.475998887   -2.443460953  -54.540690128  -48.751906397  -13.766624195
    0.666398442   -2.443460953  -63.670117070  -44.941519033  -15.452294953
    0.856797996   -2.443460953  -70.781229265  -27.751400676  -16.091869479
    1.047197551   -2.443460953  -73.608433837   -0.977484010  -15.510389924
    1.237597106   -2.443460953  -71.051851424   27.249240437  -13.778584234
    1.427996661   -2.443460953  -63.714873726   47.883673509  -11.204490596
    1.618396215   -2.443460953  -53.691888448   54.869311078   -8.194123883
    1.808795770   -2.443460953  -43.757000130   47.217511398   -5.044447463
    1.999195325   -2.443460953  -36.418206054   28.460286865   -1.818835734
    2.189594880   -2.443460953  -33.258304436    4.337373686    1.617160833
    2.379994435   -2.443460953  -34.736471389  -19.378781919    5.431200177
    2.570393989   -2.443460953  -40.316206373  -38.102801768    9.631202940
    2.760793544   -2.443460953  -48.730706453  -48.805112058   13.972583452
    2.951193099   -2.443460953  -58.293088241  -50.127044046   18.005294755

   -3.141592654   -2.094395102  -61.040266332  -38.414944597   14.194729635
   -2.951193099   -2.094395102  -67.261221705  -26.345838741   15.420560768
   -2.760793544   -2.094395102  -70.888723722  -11.767985573   15.960483231
   -2.570393989   -2.094395102  -71.818074664    1.455803010   16.009895471
   -2.379994435   -2.094395102  -70.597218257   10.529730183   15.784751894
   -2.189594880   -2.094395102  -68.127385934   14.611989879   15.432058670
   -1.999195325   -2.094395102  -65.278655667   14.834494497   14.972468246
   -1.808795770   -2.094395102  -62.581058282   13.428470579   14.286185686
   -1.618396215   -2.094395102  -60.127470972   12.566515083   13.142422750
   -1.427996661   -2.094395102  -57.682461645   13.411918724   11.287341870
   -1.237597106   -2.094395102  -54.919092742   15.783771512    8.574383044
   -1.047197551   -2.094395102  -51.651508151   18.434174830    5.076535325
   -0.856797996   -2.094395102  -47.976217123   19.743108975    1.105461937
   -0.666398442   -2.094395102  -44.296480102   18.223813860   -2.883950435
   -0.475998887   -2.094395102  -41.264314177   12.797337889   -6.452998428
   -0.285599332   -2.094395102  -39.691519055    2.893490222   -9.349112674
   -0.095199777   -2.094395102  -40.420190232  -11.216722234  -11.554820032
    0.095199777   -2.094395102  -44.102891099  -27.650881002  -13.235064897
    0.285599332   -2.094395102  -50.835336991  -42.406400936  -14.580983055
    0.475998887   -2.094395102  -59.779821028  -49.915641011  -15.671680282
    0.666398442   -2.094395102  -69.047047025  -45.171853370  -16.407894442
    0.856797996   -2.094395102  -76.087937777  -26.721575553  -16.574259117
    1.047197551   -2.094395102  -78.584052599    1.478792940  -15.952054199
    1.237597106   -2.094395102  -75.433966376   30.975642842  -14.475073710
    1.427996661   -2.094395102  -67.299483926   52.447568321  -12.258917993
    1.618396215   -2.094395102  -56.364370106   59.816426482   -9.549658661
    1.808795770   -2.094395102  -45.470998334   52.318014459   -6.587393160
    1.999195325   -2.094395102  -37.140863303   33.799801427   -3.504583030
    2.189594880   -2.094395102  -32.922089825   10.153938879   -0.317261294
    2.379994435   -2.094395102  -33.235134831  -12.967075711    2.985720140
    2.570393989   -2.094395102  -37.551018365  -31.312734065    6.324703700
    2.760793544   -2.094395102  -44.678072231  -42.194340327    9.487774394
    2.951193099   -2.094395102  -53.054629524  -44.403289466   12.187994331

   -3.141592654   -1.745329252  -57.838399462  -36.758636208    6.299508956
   -2.951193099   -1.745329252  -63.841126766  -25.670181238    6.403265245
   -2.760793544   -1.745329252  -67.409145108  -11.775937091    6.265312706
   -2.570393989   -1.745329252  -68.382725145    1.027113337    6.022042663
   -2.379994435   -1.745329252  -67.276192197    9.752968532    5.663357568
   -2.189594880   -1.745329252  -64.998584016   13.323803170    5.033546158
   -1.999195325   -1.745329252  -62.470167221   12.689521967    3.920591466
   -1.808795770   -1.745329252  -60.295026754   10.023197315    2.173341264
   -1.618396215   -1.745329252  -58.634084877    7.621939883   -0.221186831
   -1.427996661   -1.745329252  -57.276745355    6.977944309   -3.121387610
   -1.237597106   -1.745329252  -55.844830735    8.363010927   -6.264668010
   -1.047197551   -1.745329252  -54.015014106   10.936553757   -9.321245831
   -0.856797996   -1.745329252  -51.690374409   13.230320075  -11.967387665
   -0.666398442   -1.745329252  -49.085079443   13.566659400  -13.954508914
   -0.475998887   -1.745329252  -46.729400005   10.360069458  -15.163153138
   -0.285599332   -1.745329252  -45.423679567    2.448633611  -15.648829453
   -0.095199777   -1.745329252  -46.099967986  -10.356733504  -15.616612283
    0.095199777   -1.745329252  -49.561683232  -26.318858039  -15.362746913
    0.285599332   -1.745329252  -56.051477942  -41.267249401  -15.152986461
    0.475998887   -1.745329252  -64.823504931  -49.245116236  -15.121770166
    0.666398442   -1.745329252  -73.998449869  -44.818258391  -15.212758523
    0.856797996   -1.745329252  -80.967211319  -26.217824745  -15.208701170
    1.047197551   -1.745329252  -83.311267305    2.646088083  -14.814320154
    1.237597106   -1.745329252  -79.845615247   33.150796595  -13.804798968
    1.427996661   -1.745329252  -71.194597209   55.667218159  -12.110273525
    1.618396215   -1.745329252  -59.561677298   63.868573371   -9.843888671
    1.808795770   -1.745329252  -47.841106785   56.896278481   -7.225862574
    1.999195325   -1.745329252  -38.608122464   38.663327144   -4.485041972
    2.189594880   -1.745329252  -33.448741385   15.141353201   -1.795044153
    2.379994435   -1.745329252  -32.813633391   -8.038232072    0.712982108
    2.570393989   -1.745329252  -36.218645535  -26.737538827    2.901625158
    2.760793544   -1.745329252  -42.537442895  -38.348481426    4.618549351
    2.951193099   -1.745329252  -50.277553819  -41.601954426    5.749557110

   -3.141592654   -1.396263402  -58.625340497  -38.432081570    3.935013258
   -2.951193099   -1.396263402  -64.936436412  -27.140225249    3.321149857
   -2.760793544   -1.396263402  -68.726068214  -12.606557381    2.539565657
   -2.570393989   -1.396263402  -69.795581535    0.790361955    1.698471406
   -2.379994435   -1.396263402  -68.719554884    9.541026894    0.711938814
   -2.189594880   -1.396263402  -66.547091423   12.287102559   -0.672016230
   -1.999195325   -1.396263402  -64.355304114   10.099424452   -2.725073218
   -1.808795770   -1.396263402  -62.846185584    5.626907455   -5.558811120
   -1.618396215   -1.396263402  -62.169430435    1.794768221   -9.012796134
   -1.427996661   -1.396263402  -61.988981116    0.625818019  -12.669596093
   -1.237597106   -1.396263402  -61.726140962    2.633314588  -15.986367097
   -1.047197551   -1.396263402  -60.844231795    6.859185458  -18.466348719
   -0.856797996   -1.396263402  -59.085348222   11.422795810  -19.809830959
   -0.666398442   -1.396263402  -56.596765951   14.112877451  -19.973742447
   -0.475998887   -1.396263402  -53.943047420   12.829133987  -19.144726388
   -0.285599332   -1.396263402  -52.044607961    6.056510272  -17.667554124
   -0.095199777   -1.396263402  -51.999986688   -6.549853432  -15.935546830
    0.095199777   -1.396263402  -54.788218286  -23.176594369  -14.312976339
    0.285599332   -1.396263402  -60.793328047  -39.382962178  -13.040597297
    0.475998887   -1.396263402  -69.343279220  -48.781557958  -12.194067488
    0.666398442   -1.396263402  -78.542051162  -45.439193604  -11.674073083
    0.856797996   -1.396263402  -85.674128606  -27.166707876  -11.257498078
    1.047197551   -1.396263402  -88.155787895    2.286744322  -10.673348166
    1.237597106   -1.396263402  -84.640024033   34.115297641   -9.717697077
    1.427996661   -1.396263402  -75.653270878   58.212113933   -8.310194678
    1.618396215   -1.396263402  -63.402908239   67.714023662   -6.513505182
    1.808795770   -1.396263402  -50.876004739   61.386327684   -4.478958982
    1.999195325   -1.396263402  -40.785615228   43.054188572   -2.377221335
    2.189594880   -1.396263402  -34.850181339   18.810521680   -0.355409265
    2.379994435   -1.396263402  -33.620052099   -5.513942867    1.452787196
    2.570393989   -1.396263402  -36.672049400  -25.574490867    2.899439795
    2.760793544   -1.396263402  -42.899623863  -38.526086316    3.833233056
    2.951193099   -1.396263402  -50.779643042  -42.814808432    4.164260155

   -3.141592654   -1.047197551  -60.582156755  -41.655552309    4.053117948
   -2.951193099   -1.047197551  -67.485947656  -30.047156756    2.500986533
   -2.760793544   -1.047197551  -71.762002885  -14.786534172    0.741817353
   -2.570393989   -1.047197551  -73.181655404   -0.778477722   -1.049031280
   -2.379994435   -1.047197551  -72.395065978    7.928720187   -2.910836045
   -2.189594880   -1.047197551  -70.603831021    9.757502913   -5.086535711
   -1.999195325   -1.047197551  -69.032876800    6.057012000   -7.855358545
   -1.808795770   -1.047197551  -68.436286939    0.168983371  -11.299387061
   -1.618396215   -1.047197551  -68.869275764   -4.201440942  -15.144596535
   -1.427996661   -1.047197551  -69.775824488   -4.557810019  -18.790283516
   -1.237597106   -1.047197551  -70.317440350   -0.449115380  -21.523409714
   -1.047197551   -1.047197551  -69.759341002    6.598481961  -22.800363066
   -0.856797996   -1.047197551  -67.780575544   13.917218203  -22.457562353
   -0.666398442   -1.047197551  -64.608658300   18.626623413  -20.742658591
   -0.475998887   -1.047197551  -60.987611599   18.274726102  -18.181061909
   -0.285599332   -1.047197551  -58.051191834   11.348747048  -15.371459162
   -0.095199777   -1.047197551  -57.083609690   -2.266098323  -12.783079979
    0.095199777   -1.047197551  -59.192471176  -20.369084263  -10.661918554
    0.285599332   -1.047197551  -64.810935085  -38.102359618   -9.007176552
    0.475998887   -1.047197551  -73.237651594  -48.682379257   -7.658328789
    0.666398442   -1.047197551  -82.479879202  -45.881032901   -6.413801966
    0.856797996   -1.047197551  -89.686587092  -27.397008637   -5.143323436
    1.047197551   -1.047197551  -92.138490824    2.895359370   -3.823332126
    1.237597106   -1.047197551  -88.398152497   35.872309998   -2.509664617
    1.427996661   -1.047197551  -78.971277638   61.020072960   -1.256914146
    1.618396215   -1.047197551  -66.117458698   71.147023633   -0.072838508
    1.808795770   -1.047197551  -52.923155900   64.858777860    1.082879097
    1.999195325   -1.047197551  -42.212417299   46.010023230    2.253538401
    2.189594880   -1.047197551  -35.798275553   20.819970302    3.429041609
    2.379994435   -1.047197551  -34.299499067   -4.738315043    4.504978585
    2.570393989   -1.047197551  -37.333798559  -26.172898771    5.286475716
    2.760793544   -1.047197551  -43.803148246  -40.431428845    5.546386680
    2.951193099   -1.047197551  -52.145611675  -45.683464660    5.131750378

   -3.141592654   -0.698131701  -60.646346084  -45.533372630    2.917377171
   -2.951193099   -0.698131701  -68.328946340  -34.256646402    0.386312536
   -2.760793544   -0.698131701  -73.399885763  -18.872223992   -2.368637432
   -2.570393989   -0.698131701  -75.573827308   -4.636185645   -5.089219440
   -2.379994435   -0.698131701  -75.523548527    3.969130969   -7.736284807
   -2.189594880   -0.698131701  -74.539670836    5.152052028  -10.497556179
   -1.999195325   -0.698131701  -73.936615594    0.486221459  -13.605435365
   -1.808795770   -0.698131701  -74.474232409   -6.057861998  -17.069599661
   -1.618396215   -0.698131701  -76.079221994  -10.064173654  -20.503447934
   -1.427996661   -0.698131701  -77.957490549   -8.664125237  -23.195111544
   -1.237597106   -0.698131701  -79.016626940   -1.628585656  -24.405934851
   -1.047197551   -0.698131701  -78.363876843    8.765801653  -23.725662718
   -0.856797996   -0.698131701  -75.688012322   18.915476200  -21.282316192
   -0.666398442   -0.698131701  -71.388702758   25.227577420  -17.686577745
   -0.475998887   -0.698131701  -66.475002012   25.007668476  -13.768607595
   -0.285599332   -0.698131701  -62.344525889   16.995759701  -10.248456233
   -0.095199777   -0.698131701  -60.461568344    1.643697407   -7.482518375
    0.095199777   -0.698131701  -61.993791014  -18.166248139   -5.403615323
    0.285599332   -0.698131701  -67.313138901  -37.038291101   -3.624352813
    0.475998887   -0.698131701  -75.580895239  -47.942651802   -1.699463468
    0.666398442   -0.698131701  -84.653626675  -44.759475607    0.602962218
    0.856797996   -0.698131701  -91.578077711  -25.547789723    3.147379284
    1.047197551   -0.698131701  -93.609904509    5.400625535    5.502181991
    1.237597106   -0.698131701  -89.354540693   38.699979789    7.192041900
    1.427996661   -0.698131701  -79.387900798   63.800184855    7.980068512
    1.618396215   -0.698131701  -66.029485147   73.635951802    7.982979494
    1.808795770   -0.698131701  -52.397555704   66.957635919    7.571891714
    1.999195325   -0.698131701  -41.327292437   47.678756686    7.146311592
    2.189594880   -0.698131701  -34.642925710   21.964289269    6.927982402
    2.379994435   -0.698131701  -32.992061285   -4.326917880    6.875617914
    2.570393989   -0.698131701  -36.040259015  -26.775438469    6.733186753
    2.760793544   -0.698131701  -42.738951158  -42.255340459    6.161761382
    2.951193099   -0.698131701  -51.545282531  -48.702914263    4.906282282

   -3.141592654   -0.349065850  -59.919777319  -50.365280543    1.757039541
   -2.951193099   -0.349065850  -68.601651810  -39.796645986   -1.091486765
   -2.760793544   -0.349065850  -74.743109341  -24.468698767   -4.112718203
   -2.570393989   -0.349065850  -77.952615645   -9.882379192   -7.061621825
   -2.379994435   -0.349065850  -78.867385388   -0.962033485   -9.870388442
   -2.189594880   -0.349065850  -78.818505406    0.204887126  -12.649754378
   -1.999195325   -0.349065850  -79.178011144   -4.670132536  -15.519157668
   -1.808795770   -0.349065850  -80.693104077  -11.045393296  -18.371553717
   -1.618396215   -0.349065850  -83.154762809  -13.861833361  -20.747928674
   -1.427996661   -0.349065850  -85.542187438  -10.011876803  -21.961003350
   -1.237597106   -0.349065850  -86.552018899    0.314258625  -21.426412139
   -1.047197551   -0.349065850  -85.214600631   13.910131980  -19.006265271
   -0.856797996   -0.349065850  -81.334431758   26.174140394  -15.146180545
   -0.666398442   -0.349065850  -75.582964884   32.926960137  -10.713712735
   -0.475998887   -0.349065850  -69.291454229   31.550532759   -6.640010571
   -0.285599332   -0.349065850  -64.105561814   21.458103494   -3.533818721
   -0.095199777   -0.349065850  -61.575180533    4.060303006   -1.457779350
    0.095199777   -0.349065850  -62.775131709  -16.891993930    0.048205586
    0.285599332   -0.349065850  -67.857557897  -35.609556069    1.712819712
    0.475998887   -0.349065850  -75.749810709  -45.312119278    4.131456259
    0.666398442   -0.349065850  -84.178407895  -40.677487141    7.411854920
    0.856797996   -0.349065850  -90.233841334  -20.694346984   11.054929009
    1.047197551   -0.349065850  -91.363219043    9.793674377   14.175335507
    1.237597106   -0.349065850  -86.405023050   41.547126171   15.956552684
    1.427996661   -0.349065850  -76.080762469   64.715069134   16.072676125
    1.618396215   -0.349065850  -62.704583995   73.030122678   14.810885751
    1.808795770   -0.349065850  -49.266678346   65.679579986   12.854088569
    1.999195325   -0.349065850  -38.441117603   46.482615520   10.898163250
    2.189594880   -0.349065850  -31.948923942   21.143918258    9.343227848
    2.379994435   -0.349065850  -30.434321297   -5.012708742    8.199691901
    2.570393989   -0.349065850  -33.645899098  -27.914582045    7.189686817
    2.760793544   -0.349065850  -40.654494517  -44.457690602    5.936053132
    2.951193099   -0.349065850  -50.010129893  -52.292040515    4.151540357

   -3.141592654    0.000000000  -59.481891972  -55.075448277    0.190640433
   -2.951193099    0.000000000  -69.120006965  -45.034174518   -2.377159167
   -2.760793544    0.000000000  -76.273726276  -29.779268146   -5.011546806
   -2.570393989    0.000000000  -80.475617022  -14.963707935   -7.543488916
   -2.379994435    0.000000000  -82.332050056   -5.787398050   -9.931362565
   -2.189594880    0.000000000  -83.186378254   -4.464260688  -12.240011927
   -1.999195325    0.000000000  -84.414007103   -9.058085983  -14.486469392
   -1.808795770    0.000000000  -86.691555303  -14.511357282  -16.462117991
   -1.618396215    0.000000000  -89.641994589  -15.332328646  -17.682380681
   -1.427996661    0.000000000  -92.036525258   -8.484110145  -17.563437072
   -1.237597106    0.000000000  -92.439119649    5.128751658  -15.750832510
   -1.047197551    0.000000000  -89.924772831   21.238104682  -12.392913173
   -0.856797996    0.000000000  -84.536404627   34.372050071   -8.163473464
   -0.666398442    0.000000000  -77.290906584   40.135121084   -3.994707453
   -0.475998887    0.000000000  -69.831352120   36.473143288   -0.679127773
   -0.285599332    0.000000000  -63.951985485   23.877052240    1.483943116
   -0.095199777    0.000000000  -61.133620238    4.890386973    2.797515271
    0.095199777    0.000000000  -62.199335726  -16.019206884    4.020988793
    0.285599332    0.000000000  -66.979749246  -33.092627955    5.998820497
    0.475998887    0.000000000  -74.163700484  -40.367323071    9.216477922
    0.666398442    0.000000000  -81.448627206  -33.818409700   13.481088264
    0.856797996    0.000000000  -86.140116839  -13.583145195   17.914982211
    1.047197551    0.000000000  -86.053683330   15.124435170   21.314644128
    1.237597106    0.000000000  -80.370251476   43.692162807   22.722459785
    1.427996661    0.000000000  -69.964067994   63.521070186   21.876381121
    1.618396215    0.000000000  -57.060448186   69.499973796   19.278166173
    1.808795770    0.000000000  -44.398825252   61.307305123   15.868924888
    1.999195325    0.000000000  -34.385160781   42.478813177   12.550734975
    2.189594880    0.000000000  -28.574363815   18.008885323    9.837853164
    2.379994435    0.000000000  -27.585600060   -7.477123609    7.778332748
    2.570393989    0.000000000  -31.248673497  -30.303859618    6.100299152
    2.760793544    0.000000000  -38.755553357  -47.392674692    4.433075922
    2.951193099    0.000000000  -48.753210658  -56.130486271    2.494779628

   -3.141592654    0.349065850  -58.350003186  -57.797591506   -0.138637394
   -2.951193099    0.349065850  -68.567208500  -48.360516168   -1.572301899
   -2.760793544    0.349065850  -76.404694599  -33.590245776   -2.992202441
   -2.570393989    0.349065850  -81.365586762  -19.090452888   -4.416430978
   -2.379994435    0.349065850  -84.025053340  -10.067094597   -5.891065021
   -2.189594880    0.349065850  -85.691890359   -8.664285760   -7.442830956
   -1.999195325    0.349065850  -87.677945788  -12.719115428   -8.981836638
   -1.808795770    0.349065850  -90.542962043  -16.872339055  -10.233999591
   -1.618396215    0.349065850  -93.749445964  -15.525915179  -10.776975589
   -1.427996661    0.349065850  -95.927069516   -5.972855339  -10.216908803
   -1.237597106    0.349065850  -95.604384357   10.121495658   -8.426451373
   -1.047197551    0.349065850  -91.982210770   27.638431660   -5.687281759
   -0.856797996    0.349065850  -85.364150040   40.622883562   -2.618777855
   -0.666398442    0.349065850  -77.057476334   44.851721548    0.097132005
   -0.475998887    0.349065850  -68.900397346   39.077898628    2.033667791
   -0.285599332    0.349065850  -62.694602954   24.865476905    3.250218637
   -0.095199777    0.349065850  -59.736085648    5.649170638    4.272349158
    0.095199777    0.349065850  -60.543842821  -13.804016311    5.876978599
    0.285599332    0.349065850  -64.660070057  -28.212310413    8.708681321
    0.475998887    0.349065850  -70.644464368  -32.762517865   12.911266291
    0.666398442    0.349065850  -76.316643325  -24.819281839   17.931770668
    0.856797996    0.349065850  -79.340009602   -5.492372099   22.643044220
    1.047197551    0.349065850  -77.987140987   20.003120440   25.774134996
    1.237597106    0.349065850  -71.793479343   44.087418677   26.472537453
    1.427996661    0.349065850  -61.729479929   59.713068062   24.668210677
    1.618396215    0.349065850  -49.835249226   63.036971968   21.048390657
    1.808795770    0.349065850  -38.498227921   54.177999316   16.673809770
    1.999195325    0.349065850  -29.774998700   36.250161875   12.497062785
    2.189594880    0.349065850  -25.000925500   13.389643204    9.055147292
    2.379994435    0.349065850  -24.741253210  -10.583121112    6.434407061
    2.570393989    0.349065850  -28.895107868  -32.465545403    4.439936546
    2.760793544    0.349065850  -36.777969415  -49.288894226    2.802339873
    2.951193099    0.349065850  -47.156021720  -58.297393277    1.312068682

   -3.141592654    0.698131701  -57.115558884  -58.750723131   -0.641878558
   -2.951193099    0.698131701  -67.539113905  -49.575771002   -0.787218337
   -2.760793544    0.698131701  -75.643317083  -35.166286485   -0.815667194
   -2.570393989    0.698131701  -80.939393183  -21.018928340   -0.921451251
   -2.379994435    0.698131701  -83.992327594  -12.246886155   -1.246871862
   -2.189594880    0.698131701  -86.083259839  -10.892292327   -1.824890316
   -1.999195325    0.698131701  -88.473180061  -14.664082389   -2.550028997
   -1.808795770    0.698131701  -91.646474948  -18.084712854   -3.202634446
   -1.618396215    0.698131701  -94.979019379  -15.577476009   -3.523050399
   -1.427996661    0.698131701  -97.038902297   -4.686904487   -3.320889229
   -1.237597106    0.698131701  -96.360687632   12.481392488   -2.572775650
   -1.047197551    0.698131701  -92.237351159   30.400257313   -1.445917610
   -0.856797996    0.698131701  -85.119725873   42.986980097   -0.213390767
   -0.666398442    0.698131701  -76.446070044   46.303730174    0.910517654
   -0.475998887    0.698131701  -68.095809666   39.744695599    1.916021294
   -0.285599332    0.698131701  -61.776108844   25.577788281    3.079566518
   -0.095199777    0.698131701  -58.576694081    7.693754184    4.868078922
    0.095199777    0.698131701  -58.771132251   -9.252986572    7.750272476
    0.285599332    0.698131701  -61.738970178  -20.720893465   11.908048722
    0.475998887    0.698131701  -66.066664353  -23.090308590   17.024166633
    0.666398442    0.698131701  -69.835600656  -14.899872860   22.244486209
    0.856797996    0.698131701  -71.144078741    2.181644017   26.404841724
    1.047197551    0.698131701  -68.714361342   23.387652218   28.446865314
    1.237597106    0.698131701  -62.355511853   42.453332280   27.864129161
    1.427996661    0.698131701  -53.024889990   53.905315435   24.895976437
    1.618396215    0.698131701  -42.486746784   54.968576642   20.390527498
    1.808795770    0.698131701  -32.732149097   45.937759220   15.407639122
    1.999195325    0.698131701  -25.469254045   29.324254458   10.806613082
    2.189594880    0.698131701  -21.834859782    8.369511426    7.039134775
    2.379994435    0.698131701  -22.355706663  -13.826210610    4.181040637
    2.570393989    0.698131701  -26.995489707  -34.418556948    2.114138569
    2.760793544    0.698131701  -35.171038095  -50.496692187    0.693054183
    2.951193099    0.698131701  -45.745511484  -59.211637403   -0.192194209

   -3.141592654    1.047197551  -58.323014942  -58.874432245   -5.360883187
   -2.951193099    1.047197551  -68.701026405  -49.006056825   -4.736557710
   -2.760793544    1.047197551  -76.660359465  -34.269247899   -3.688486863
   -2.570393989    1.047197551  -81.785804025  -20.176520015   -2.543394224
   -2.379994435    1.047197551  -84.705877591  -11.722541351   -1.566419465
   -2.189594880    1.047197551  -86.734224210  -10.751285419   -0.889529712
   -1.999195325    1.047197551  -89.125486780  -14.785145800   -0.514623689
   -1.808795770    1.047197551  -92.329265480  -18.245507067   -0.375270173
   -1.618396215    1.047197551  -95.679669092  -15.580997982   -0.395920383
   -1.427996661    1.047197551  -97.718199454   -4.464666279   -0.514952824
   -1.237597106    1.047197551  -96.980713857   12.851199867   -0.670040740
   -1.047197551    1.047197551  -92.783168740   30.777855357   -0.771461160
   -0.856797996    1.047197551  -85.597209023   43.334800259   -0.681654318
   -0.666398442    1.047197551  -76.845720207   46.831950227   -0.210855513
   -0.475998887    1.047197551  -68.337732887   40.993295415    0.864706704
   -0.285599332    1.047197551  -61.652770018   28.290865299    2.796297937
   -0.095199777    1.047197551  -57.740767258   12.555702859    5.783691417
    0.095199777    1.047197551  -56.782767249   -2.032846609    9.884568936
    0.285599332    1.047197551  -58.190082891  -11.723202967   14.854210226
    0.475998887    1.047197551  -60.743259287  -13.753178637   20.070806909
    0.666398442    1.047197551  -62.857064897   -7.191372506   24.598646316
    0.856797996    1.047197551  -63.003859301    6.413501800   27.452742703
    1.047197551    1.047197551  -60.187533191   23.151545704   27.939639856
    1.237597106    1.047197551  -54.289494359   37.993501104   25.954858428
    1.427996661    1.047197551  -46.110407882   46.555717900   22.003190566
    1.618396215    1.047197551  -37.105029240   46.516483080   16.975974486
    1.808795770    1.047197551  -28.937743409   37.916129606   11.783876204
    1.999195325    1.047197551  -23.087938054   22.577440888    7.058438742
    2.189594880    1.047197551  -20.599293782    3.065011691    3.073969862
    2.379994435    1.047197551  -22.006820741  -17.878646362   -0.145614403
    2.570393989    1.047197551  -27.316589370  -37.425473891   -2.634740111
    2.760793544    1.047197551  -35.972379949  -52.530023014   -4.369277291
    2.951193099    1.047197551  -46.841322321  -60.259985853   -5.281240324

   -3.141592654    1.396263402  -62.945624208  -58.750289089  -10.742773281
   -2.951193099    1.396263402  -73.103328521  -46.883646724   -9.769523471
   -2.760793544    1.396263402  -80.518333006  -30.800263465   -8.167904227
   -2.570393989    1.396263402  -84.923265257  -16.214829269   -6.313651232
   -2.379994435    1.396263402  -87.103337675   -8.016903976   -4.499265531
   -2.189594880    1.396263402  -88.491258637   -7.786919499   -2.867176825
   -1.999195325    1.396263402  -90.409378567  -12.805579093   -1.454575424
   -1.808795770    1.396263402  -93.339054223  -17.359061212   -0.290375591
   -1.618396215    1.396263402  -96.627176510  -15.810936664    0.557816399
   -1.427996661    1.396263402  -98.806558937   -5.681126491    1.027691275
   -1.237597106    1.396263402  -98.363949104   11.049914833    1.156593247
   -1.047197551    1.396263402  -94.510704092   29.084357000    1.137436209
   -0.856797996    1.396263402  -87.567656799   42.614677251    1.288888352
   -0.666398442    1.396263402  -78.794767648   47.883799108    1.957005322
   -0.475998887    1.396263402  -69.871896360   44.363055846    3.404309085
   -0.285599332    1.396263402  -62.309293001   34.122700328    5.763196268
   -0.095199777    1.396263402  -57.072904687   20.547560880    8.988003293
    0.095199777    1.396263402  -54.448606391    7.295198151   12.838017744
    0.285599332    1.396263402  -54.052889914   -2.368157815   16.825423786
    0.475998887    1.396263402  -54.949557561   -5.988297806   20.259054711
    0.666398442    1.396263402  -55.860092894   -2.525900793   22.391421959
    0.856797996    1.396263402  -55.492844067    7.067013043   22.679532220
    1.047197551    1.396263402  -52.937749167   19.850760182   20.988803654
    1.237597106    1.396263402  -47.973882053   31.695168907   17.677594558
    1.427996661    1.396263402  -41.165496666   38.698102380   13.421750487
    1.618396215    1.396263402  -33.696796481   38.412436142    8.940447411
    1.808795770    1.396263402  -27.028808064   30.337148895    4.734739680
    1.999195325    1.396263402  -22.554773395   15.693107887    0.989947633
    2.189594880    1.396263402  -21.323258102   -3.289615389   -2.330838021
    2.379994435    1.396263402  -23.899895066  -23.795175237   -5.297670950
    2.570393989    1.396263402  -30.277974193  -42.652627913   -7.848615722
    2.760793544    1.396263402  -39.820263875  -56.495425959   -9.762740596
    2.951193099    1.396263402  -51.274337337  -62.339024833  -10.772783679

   -3.141592654    1.745329252  -68.965695496  -58.491954977  -16.330510275
   -2.951193099    1.745329252  -78.871588445  -44.580203515  -15.498329114
   -2.760793544    1.745329252  -85.703138119  -27.107082196  -13.721330012
   -2.570393989    1.745329252  -89.336416319  -11.930750932  -11.338385745
   -2.379994435    1.745329252  -90.698067199   -3.794949384   -8.645885869
   -2.189594880    1.745329252  -91.322244416   -4.038247612   -5.825416927
   -1.999195325    1.745329252  -92.592043846   -9.780577036   -2.995782268
   -1.808795770    1.745329252  -95.029622732  -15.245657362   -0.314992358
   -1.618396215    1.745329252  -98.011058317  -14.711238893    1.982221886
   -1.427996661    1.745329252 -100.069078709   -5.466407657    3.667176531
   -1.237597106    1.745329252  -99.632845229   10.864734076    4.665065782
   -1.047197551    1.745329252  -95.791623548   29.272442407    5.149402011
   -0.856797996    1.745329252  -88.709889556   43.997373468    5.502537311
   -0.666398442    1.745329252  -79.511813182   51.016865477    6.157587602
   -0.475998887    1.745329252  -69.812457875   49.363780859    7.411017048
   -0.285599332    1.745329252  -61.144949506   40.623550181    9.325846947
   -0.095199777    1.745329252  -54.587384422   27.764571149   11.697991729
    0.095199777    1.745329252  -50.608592648   14.089895588   14.110993007
    0.285599332    1.745329252  -49.062902666    2.693363569   15.998835850
    0.475998887    1.745329252  -49.256814684   -3.833146797   16.793534474
    0.666398442    1.745329252  -50.088159205   -3.871563561   16.107292792
    0.856797996    1.745329252  -50.295666410    2.498478282   13.921394030
    1.047197551    1.745329252  -48.832983947   13.184580346   10.612958676
    1.237597106    1.745329252  -45.219834034   24.410668014    6.837408571
    1.427996661    1.745329252  -39.755575218   32.009711247    3.229082332
    1.618396215    1.745329252  -33.457856629   32.814183847    0.155336192
    1.808795770    1.745329252  -27.766412549   25.590649667   -2.386474026
    1.999195325    1.745329252  -24.164460810   11.172530560   -4.672007662
    2.189594880    1.745329252  -23.816719213   -8.103710543   -7.024951127
    2.379994435    1.745329252  -27.346250753  -28.943647600   -9.591718189
    2.570393989    1.745329252  -34.698864268  -47.607588735  -12.220919572
    2.760793544    1.745329252  -45.098840765  -60.383367761  -14.511015455
    2.951193099    1.745329252  -57.125378994  -64.342909495  -15.987797801

   -3.141592654    2.094395102  -75.534828658  -58.664679603  -18.015131792
   -2.951193099    2.094395102  -85.265998398  -42.635135346  -17.248794706
   -2.760793544    2.094395102  -91.561272367  -23.524926874  -15.446625415
   -2.570393989    2.094395102  -94.405795281   -7.331433535  -12.884228514
   -2.379994435    2.094395102  -94.835941567    1.317281083   -9.803384556
   -2.189594880    2.094395102  -94.466104196    1.238729904   -6.339704584
   -1.999195325    2.094395102  -94.739618793   -4.650872327   -2.585266068
   -1.808795770    2.094395102  -96.244296978  -10.649901915    1.287659918
   -1.618396215    2.094395102  -98.433719869  -11.050092763    4.964315243
   -1.427996661    2.094395102  -99.901515808   -2.939896865    8.063248084
   -1.237597106    2.094395102  -99.078075235   12.466261969   10.306081864
   -1.047197551    2.094395102  -94.973324835   30.551074860   11.662255230
   -0.856797996    2.094395102  -87.618358842   45.695904994   12.361887877
   -0.666398442    2.094395102  -78.012710196   53.637408153   12.762638773
   -0.475998887    2.094395102  -67.720287038   52.923430493   13.153144191
   -0.285599332    2.094395102  -58.323133821   44.594102519   13.612313467
   -0.095199777    2.094395102  -51.041874941   31.218955308   13.951496967
    0.095199777    2.094395102  -46.540956768   15.935137558   13.782523953
    0.285599332    2.094395102  -44.872969321    2.007774967   12.650617234
    0.475998887    2.094395102  -45.475358102   -7.445145695   10.255180230
    0.666398442    2.094395102  -47.247892272   -9.994090940    6.647225723
    0.856797996    2.094395102  -48.770358203   -4.940735002    2.323625544
    1.047197551    2.094395102  -48.723453385    6.024978264   -1.921312257
    1.237597106    2.094395102  -46.336482717   18.853595036   -5.301221400
    1.427996661    2.094395102  -41.728087926   28.579302470   -7.400830447
    1.618396215    2.094395102  -35.908844167   31.079725929   -8.335876949
    1.808795770    2.094395102  -30.469134980   24.481797920   -8.655327341
    1.999195325    2.094395102  -27.113146463    9.535117741   -9.048511983
    2.189594880    2.094395102  -27.189475605  -10.976073999  -10.033720561
    2.379994435    2.094395102  -31.388038678  -33.025236297  -11.755244711
    2.570393989    2.094395102  -39.580268433  -52.175780536  -13.954150226
    2.760793544    2.094395102  -50.811221004  -64.343607090  -16.096440072
    2.951193099    2.094395102  -63.451148934  -66.683284348  -17.590051145

   -3.141592654    2.443460953  -81.592788191  -59.075077695  -12.094782279
   -2.951193099    2.443460953  -91.227628737  -41.251804020  -10.766994455
   -2.760793544    2.443460953  -97.104032417  -20.566869898   -8.703854346
   -2.570393989    2.443460953  -99.257594167   -3.076150270   -6.164278458
   -2.379994435    2.443460953  -98.767344423    6.710640791   -3.317979306
   -2.189594880    2.443460953  -97.268533494    7.682371273   -0.173943819
   -1.999195325    2.443460953  -96.230215631    2.624355099    3.333744001
   -1.808795770    2.443460953  -96.309108640   -3.064993306    7.170196936
   -1.618396215    2.443460953  -97.084989784   -3.929681146   11.069357276
   -1.427996661    2.443460953  -97.302807346    2.955042636   14.566127167
   -1.237597106    2.443460953  -95.510183703   16.712947237   17.180034349
   -1.047197551    2.443460953  -90.752663447   33.202627031   18.633317669
   -0.856797996    2.443460953  -83.012149737   47.171202547   18.957970669
   -0.666398442    2.443460953  -73.198350821   54.404099318   18.421389669
   -0.475998887    2.443460953  -62.806816321   53.193215361   17.332080930
   -0.285599332    2.443460953  -53.418726384   44.153320665   15.844990393
   -0.095199777    2.443460953  -46.333568575   29.477675821   13.865345484
    0.095199777    2.443460953  -42.345452793   12.171607113   11.116816792
    0.285599332    2.443460953  -41.626325583   -4.229117929    7.330580467
    0.475998887    2.443460953  -43.640952756  -15.933894277    2.506311265
    0.666398442    2.443460953  -47.164015860  -19.630254265   -2.916248356
    0.856797996    2.443460953  -50.494893267  -13.977677910   -8.088056270
    1.047197551    2.443460953  -51.968967954   -0.653040243  -12.045612599
    1.237597106    2.443460953  -50.541668335   15.529362985  -14.121616922
    1.427996661    2.443460953  -46.253212729   28.414379675  -14.262520404
    1.618396215    2.443460953  -40.257426274   32.838758976  -13.034302596
    1.808795770    2.443460953  -34.433097533   26.497698408  -11.341415945
    1.999195325    2.443460953  -30.785987477   10.402908780  -10.027935111
    2.189594880    2.443460953  -30.867365744  -11.930545292   -9.583433660
    2.379994435    2.443460953  -35.415233857  -35.645205392  -10.037102878
    2.570393989    2.443460953  -44.205120251  -55.662189545  -11.038087923
    2.760793544    2.443460953  -56.098033793  -67.623316225  -12.037794311
    2.951193099    2.443460953  -69.264446423  -68.803353149  -12.501852301

   -3.141592654    2.792526803  -84.612046296  -57.842248119    0.513118716
   -2.951193099    2.792526803  -93.896967320  -38.867826756    2.573461086
   -2.760793544    2.792526803  -99.231263036  -17.320360930    4.601021523
   -2.570393989    2.792526803 -100.707035743    0.763379631    6.481080709
   -2.379994435    2.792526803  -99.435307727   11.090734786    8.323973487
   -2.189594880    2.792526803  -97.038859446   12.763601543   10.434809710
   -1.999195325    2.792526803  -94.952506608    8.558120358   13.121633274
   -1.808795770    2.792526803  -93.828832526    3.570077311   16.450064166
   -1.618396215    2.792526803  -93.317764699    2.819552940   20.095558983
   -1.427996661    2.792526803  -92.308902760    8.931954556   23.410689463
   -1.237597106    2.792526803  -89.520603641   21.074593236   25.682464663
   -1.047197551    2.792526803  -84.128652321   35.466565619   26.431532446
   -0.856797996    2.792526803  -76.160882443   47.320598411   25.586745089
   -0.666398442    2.792526803  -66.498043483   52.719048868   23.432323480
   -0.475998887    2.792526803  -56.578692916   49.945290381   20.400778362
   -0.285599332    2.792526803  -47.953223704   39.371983162   16.820629885
   -0.095199777    2.792526803  -41.940292603   22.954785319   12.788584775
    0.095199777    2.792526803  -39.376985121    3.715893990    8.213375931
    0.285599332    2.792526803  -40.438666987  -14.388321013    3.014446546
    0.475998887    2.792526803  -44.481306712  -26.853347373   -2.634128535
    0.666398442    2.792526803  -50.031213936  -29.685724628   -8.174504090
    0.856797996    2.792526803  -55.048884693  -21.348363829  -12.764507115
    1.047197551    2.792526803  -57.563223238   -4.066685949  -15.595136034
    1.237597106    2.792526803  -56.390023216   16.197075317  -16.275261594
    1.427996661    2.792526803  -51.665395836   32.072647589  -15.033922850
    1.618396215    2.792526803  -44.829379527   37.693881088  -12.610651983
    1.808795770    2.792526803  -38.109158734   30.815730522   -9.904645351
    1.999195325    2.792526803  -33.784685912   13.098308498   -7.595672449
    2.189594880    2.792526803  -33.533193976  -11.096460173   -5.949417564
    2.379994435    2.792526803  -38.068352254  -36.225615222   -4.837530081
    2.570393989    2.792526803  -47.039885109  -56.839358785   -3.914788024
    2.760793544    2.792526803  -59.144135984  -68.533373304   -2.822574373
    2.951193099    2.792526803  -72.402877716  -68.790114271   -1.347025849
