#! FIELDS phi psi file.free der_phi der_psi
#! SET min_phi -pi
#! SET max_phi pi
#! SET nbins_phi  33
#! SET periodic_phi true
#! SET min_psi -pi
#! SET max_psi pi
#! SET nbins_psi  18
#! SET periodic_psi true
   -3.141592654   -3.141592654  -69.865879978  -55.068528089   14.015490641
   -2.951193099   -3.141592654  -78.755849531  -37.431012118   16.761298600
   -2.760793544   -3.141592654  -83.899303867  -16.612587537   18.789646150
   -2.570393989   -3.141592654  -85.245335540    1.578299351   20.087627639
   -2.379994435   -3.141592654  -83.746422541   12.792350681   20.943656362
   -2.189594880   -3.141592654  -80.896996437   15.889423264   21.839530877
   -1.999195325   -3.141592654  -78.064917467   13.251466845   23.204075836
   -1.808795770   -3.141592654  -75.923836966    9.462524991   25.144377233
   -1.618396215   -3.141592654  -74.246745284    8.981397252   27.316605730
   -1.427996661   -3.141592654  -72.144461095   14.027392846   29.025891833
   -1.237597106   -3.141592654  -68.603025150   23.692031949   29.528492003
   -1.047197551   -3.141592654  -63.038057931   34.566422715   28.360756634
   -0.856797996   -3.141592654  -55.610923030   42.567843343   25.531481914
   -0.666398442   -3.141592654  -47.190363174   44.564548607   21.463485760
   -0.475998887   -3.141592654  -39.070140415   39.415449823   16.766191171
   -0.285599332   -3.141592654  -32.576284887   27.741068831   11.937223633
   -0.095199777   -3.141592654  -28.784312682   11.463482599    7.202061268
    0.095199777   -3.141592654  -28.309315041   -6.544452461    2.526597218
    0.285599332   -3.141592654  -31.133482356  -22.480526163   -2.183990625
    0.475998887   -3.141592654  -36.447942960  -31.991804671   -6.842758264
    0.666398442   -3.141592654  -42.654486758  -31.394532098  -11.043069792
    0.856797996   -3.141592654  -47.675822203  -19.735451701  -14.148927215
    1.047197551   -3.141592654  -49.635348592   -0.045993767  -15.572245035
    1.237597106   -3.141592654  -47.590314807   21.077444606  -15.103608531
    1.427996661   -3.141592654  -41.987446556   36.207045072  -13.040816503
    1.618396215   -3.141592654  -34.516326075   40.185303886  -10.045690636
    1.808795770   -3.141592654  -27.471172978   31.884293177   -6.819700107
    1.999195325   -3.141592654  -22.995165990   13.855058954   -3.799779549
    2.189594880   -3.141592654  -22.525762715   -9.374657736   -1.059730796
    2.379994435   -3.141592654  -26.582325510  -32.886677389    1.594095024
    2.570393989   -3.141592654  -34.781361252  -52.186349719    4.411206827
    2.760793544   -3.141592654  -45.951564046  -63.568321220    7.515435683
    2.951193099   -3.141592654  -58.324628242  -64.610169184   10.812069626

   -3.141592654   -2.792526803  -63.359484755  -49.293785177   21.336343218
   -2.951193099   -2.792526803  -71.315567022  -33.487928086   24.261530768
   -2.760793544   -2.792526803  -75.901066692  -14.676084059   25.995268871
   -2.570393989   -2.792526803  -77.035963593    1.990691533   26.668181783
   -2.379994435   -2.792526803  -75.526495963   12.683706894   26.737976326
   -2.189594880   -2.792526803  -72.656986041   16.375716988   26.799749274
   -1.999195325   -2.792526803  -69.614579987   15.028843903   27.305401127
   -1.808795770   -2.792526803  -67.014928659   12.402996271   28.320024601
   -1.618396215   -2.792526803  -64.740661833   12.088694062   29.452306176
   -1.427996661   -2.792526803  -62.147844074   15.821063523   30.004976517
   -1.237597106   -2.792526803  -58.501181874   22.834460407   29.289438497
   -1.047197551   -2.792526803  -53.410022951   30.434235804   26.930878404
   -0.856797996   -2.792526803  -47.065741236   35.454948708   23.022366145
   -0.666398442   -2.792526803  -40.208671810   35.470044083   18.041835058
   -0.475998887   -2.792526803  -33.914397890   29.524428219   12.627618805
   -0.285599332   -2.792526803  -29.304557175   17.965441586    7.292323520
   -0.095199777   -2.792526803  -27.326316530    2.226965420    2.288744750
    0.095199777   -2.792526803  -28.550903682  -15.150630413   -2.372919105
    0.285599332   -2.792526803  -32.948062846  -30.353920193   -6.736149939
    0.475998887   -2.792526803  -39.662827579  -38.716620648  -10.699232370
    0.666398442   -2.792526803  -46.983765240  -36.229747401  -13.920799525
    0.856797996   -2.792526803  -52.684648999  -21.915006484  -15.928482657
    1.047197551   -2.792526803  -54.777259285    0.749538130  -16.347673339
    1.237597106   -2.792526803  -52.322714719   24.475130419  -15.144893529
    1.427996661   -2.792526803  -45.898313836   41.262744196  -12.666769392
    1.618396215   -2.792526803  -37.392323675   45.842432732   -9.473997297
    1.808795770   -2.792526803  -29.272618225   37.448202159   -6.066636485
    1.999195325   -2.792526803  -23.759327287   19.213760934   -2.672047350
    2.189594880   -2.792526803  -22.264354070   -3.883699404    0.773050274
    2.379994435   -2.792526803  -25.227114017  -26.833465610    4.479823508
    2.570393989   -2.792526803  -32.203253028  -45.406108439    8.590714048
    2.760793544   -2.792526803  -42.032106285  -56.355434243   13.023372935
    2.951193099   -2.792526803  -53.043893452  -57.677747910   17.435977963

   -3.141592654   -2.443460953  -55.727174166  -43.176993989   20.805131329
   -2.951193099   -2.443460953  -62.713722371  -29.484241583   23.128824536
   -2.760793544   -2.443460953  -66.743443476  -12.798028618   24.294173006
   -2.570393989   -2.443460953  -67.679700507    2.339097427   24.506351048
   -2.379994435   -2.443460953  -66.173450447   12.475372145   24.191863179
   -2.189594880   -2.443460953  -63.320390818   16.536052513   23.816554392
   -1.999195325   -2.443460953  -60.173168460   15.976772518   23.676891913
   -1.808795770   -2.443460953  -57.339837370   13.785555080   23.750072264
   -1.618396215   -2.443460953  -54.839406116   12.871544546   23.685796981
   -1.427996661   -2.443460953  -52.257073815   14.730823635   22.953741553
   -1.237597106   -2.443460953  -49.077370900   18.926976739   21.095979724
   -1.047197551   -2.443460953  -45.021284318   23.528137924   17.949921489
   -0.856797996   -2.443460953  -40.233065966   26.191991367   13.734289769
   -0.666398442   -2.443460953  -35.272962574   25.043924506    8.941895360
   -0.475998887   -2.443460953  -30.975719869   19.168523771    4.135107827
   -0.285599332   -2.443460953  -28.258826551    8.551108568   -0.293774676
   -0.095199777   -2.443460953  -27.954119247   -5.916912238   -4.208516698
    0.095199777   -2.443460953  -30.611751859  -22.077882448   -7.683867573
    0.285599332   -2.443460953  -36.223287195  -36.180828877  -10.822045286
    0.475998887   -2.443460953  -43.937019262  -43.323245540  -13.582835158
    0.666398442   -2.443460953  -51.988807352  -39.207455164  -15.715305647
    0.856797996   -2.443460953  -58.062868896  -22.768709473  -16.858810099
    1.047197551   -2.443460953  -60.096839335    2.227415035  -16.725464180
    1.237597106   -2.443460953  -57.157292349   28.014804872  -15.291188676
    1.427996661   -2.443460953  -49.914935314   46.188539935  -12.815474529
    1.618396215   -2.443460953  -40.398389655   51.423065655   -9.714684674
    1.808795770   -2.443460953  -31.191828744   43.246715805   -6.351337710
    1.999195325   -2.443460953  -24.555915770   25.237967873   -2.880529482
    2.189594880   -2.443460953  -21.868800198    2.669140084    0.750619954
    2.379994435   -2.443460953  -23.509211390  -19.477043666    4.673846235
    2.570393989   -2.443460953  -29.009060532  -37.310372305    8.917125518
    2.760793544   -2.443460953  -37.263359831  -48.044005104   13.292966627
    2.951193099   -2.443460953  -46.738468592  -50.014164807   17.408372476

   -3.141592654   -2.094395102  -49.474472092  -38.633401196   14.824534044
   -2.951193099   -2.094395102  -55.763920672  -26.734064388   16.168601168
   -2.760793544   -2.094395102  -59.437884741  -11.777057428   16.734147784
   -2.570393989   -2.094395102  -60.314000690    2.034489984   16.714219472
   -2.379994435   -2.094395102  -58.948403337   11.395300960   16.352174784
   -2.189594880   -2.094395102  -56.336581767   15.138812270   15.832696035
   -1.999195325   -2.094395102  -53.470064821   14.416556607   15.206097873
   -1.808795770   -2.094395102  -50.965197757   11.826935066   14.364170706
   -1.618396215   -2.094395102  -48.915671998    9.998496165   13.087045923
   -1.427996661   -2.094395102  -47.009958862   10.433734280   11.148414768
   -1.237597106   -2.094395102  -44.803890876   13.014579716    8.447002470
   -1.047197551   -2.094395102  -42.007660171   16.316156603    5.094836499
   -0.856797996   -2.094395102  -38.660442478   18.424808007    1.406026982
   -0.666398442   -2.094395102  -35.160531336   17.631612400   -2.222731103
   -0.475998887   -2.094395102  -32.183621057   12.801174081   -5.455857276
   -0.285599332   -2.094395102  -30.557445020    3.471360132   -8.153654973
   -0.095199777   -2.094395102  -31.112677037   -9.928047415  -10.377471925
    0.095199777   -2.094395102  -34.466446129  -25.442383843  -12.312368760
    0.285599332   -2.094395102  -40.683440067  -39.191228134  -14.110166684
    0.475998887   -2.094395102  -48.934340433  -45.896617216  -15.764651617
    0.666398442   -2.094395102  -57.401322968  -40.895945334  -17.070929429
    0.856797996   -2.094395102  -63.666691187  -22.991504065  -17.711343651
    1.047197551   -2.094395102  -65.572630785    3.826147903  -17.393585428
    1.237597106   -2.094395102  -62.157045802   31.369437192  -16.018015855
    1.427996661   -2.094395102  -54.142462166   50.846189987  -13.712388635
    1.618396215   -2.094395102  -43.660310385   56.812039480  -10.770755434
    1.808795770   -2.094395102  -33.391825997   48.964400142   -7.502380710
    1.999195325   -2.094395102  -25.644712907   31.195648193   -4.107147585
    2.189594880   -2.094395102  -21.790550048    8.993546518   -0.647951310
    2.379994435   -2.094395102  -22.182204321  -12.689994158    2.874424469
    2.570393989   -2.094395102  -26.355638656  -30.225542173    6.401071169
    2.760793544   -2.094395102  -33.268446229  -41.150145449    9.749281976
    2.951193099   -2.094395102  -41.501918437  -43.987263917   12.641462344

   -3.141592654   -1.745329252  -45.973442138  -36.872044349    7.453390271
   -2.951193099   -1.745329252  -52.040050283  -26.121093696    7.581347478
   -2.760793544   -1.745329252  -55.682096441  -12.003951749    7.315849860
   -2.570393989   -1.745329252  -56.653163792    1.308793152    6.836869238
   -2.379994435   -1.745329252  -55.457145534   10.350881982    6.221951279
   -2.189594880   -1.745329252  -53.078577521   13.698407376    5.407910932
   -1.999195325   -1.745329252  -50.547372638   12.266916056    4.241628205
   -1.808795770   -1.745329252  -48.552059158    8.559720925    2.578781956
   -1.618396215   -1.745329252  -47.255817198    5.331377731    0.379260168
   -1.427996661   -1.745329252  -46.370151756    4.438227204   -2.248291998
   -1.237597106   -1.745329252  -45.394521650    6.216670294   -5.063065803
   -1.047197551   -1.745329252  -43.901701400    9.596380291   -7.754418150
   -0.856797996   -1.745329252  -41.751892997   12.714247729  -10.033579889
   -0.666398442   -1.745329252  -39.188079297   13.587502919  -11.721980017
   -0.475998887   -1.745329252  -36.807150532   10.563736627  -12.790904398
   -0.285599332   -1.745329252  -35.461305992    2.676154131  -13.376365975
   -0.095199777   -1.745329252  -36.084157292   -9.964378421  -13.714076124
    0.095199777   -1.745329252  -39.428720841  -25.406275542  -14.061326789
    0.285599332   -1.745329252  -45.669272226  -39.509078917  -14.583654563
    0.475998887   -1.745329252  -54.019908275  -46.586269315  -15.281934408
    0.666398442   -1.745329252  -62.626798425  -41.589834429  -15.975122793
    0.856797996   -1.745329252  -68.978532850  -23.093917299  -16.362552997
    1.047197551   -1.745329252  -70.803058692    4.852358756  -16.127632383
    1.237597106   -1.745329252  -67.059487957   33.797992291  -15.076637402
    1.427996661   -1.745329252  -58.452698001   54.584210868  -13.201873002
    1.618396215   -1.745329252  -47.160486926   61.502637608  -10.681298036
    1.808795770   -1.745329252  -35.942244696   54.177312121   -7.785267536
    1.999195325   -1.745329252  -27.178995300   36.607572737   -4.770478091
    2.189594880   -1.745329252  -22.290484589   14.417450201   -1.819461795
    2.379994435   -1.745329252  -21.659943395   -7.412405196    0.942716203
    2.570393989   -1.745329252  -24.860958670  -25.346170816    3.391377066
    2.760793544   -1.745329252  -30.909870363  -37.026052664    5.373263107
    2.951193099   -1.745329252  -38.458186568  -40.962146211    6.743983873

   -3.141592654   -1.396263402  -46.206059703  -38.543660030    4.625764355
   -2.951193099   -1.396263402  -52.608164700  -27.877180624    4.078262431
   -2.760793544   -1.396263402  -56.548931524  -13.335802234    3.189543182
   -2.570393989   -1.396263402  -57.718825094    0.525885456    2.119898362
   -2.379994435   -1.396263402  -56.645211156    9.751263494    0.893982039
   -2.189594880   -1.396263402  -54.417666100   12.585962330   -0.620227107
   -1.999195325   -1.396263402  -52.202701863    9.965939378   -2.617389928
   -1.808795770   -1.396263402  -50.786483926    4.774186401   -5.201601172
   -1.618396215   -1.396263402  -50.335333528    0.336742043   -8.261207795
   -1.427996661   -1.396263402  -50.456088667   -0.973731820  -11.450123481
   -1.237597106   -1.396263402  -50.469316080    1.419962052  -14.291431237
   -1.047197551   -1.396263402  -49.757277034    6.320827950  -16.343668136
   -0.856797996   -1.396263402  -48.044658981   11.430354740  -17.358861847
   -0.666398442   -1.396263402  -45.536687023   14.228148995  -17.354824956
   -0.475998887   -1.396263402  -42.889888712   12.589027954  -16.578408642
   -0.285599332   -1.396263402  -41.088743197    5.292740754  -15.412115111
   -0.095199777   -1.396263402  -41.223276314   -7.578657401  -14.236546488
    0.095199777   -1.396263402  -44.187990680  -23.882673490  -13.342993647
    0.285599332   -1.396263402  -50.247588923  -39.147026328  -12.854592085
    0.475998887   -1.396263402  -58.634664433  -47.276657856  -12.716944986
    0.666398442   -1.396263402  -67.435457872  -42.824824036  -12.729422861
    0.856797996   -1.396263402  -74.013164434  -24.097703264  -12.622444769
    1.047197551   -1.396263402  -75.941694466    4.870856651  -12.141582369
    1.237597106   -1.396263402  -72.051442862   35.363008390  -11.140345201
    1.427996661   -1.396263402  -62.990100415   57.749821185   -9.605957710
    1.618396215   -1.396263402  -50.970928754   65.867781551   -7.651451076
    1.808795770   -1.396263402  -38.859627725   59.065882746   -5.451755156
    1.999195325   -1.396263402  -29.171297661   41.324616863   -3.178538361
    2.189594880   -1.396263402  -23.445795582   18.411326250   -0.968125503
    2.379994435   -1.396263402  -22.154370376   -4.516082306    1.061038296
    2.570393989   -1.396263402  -24.926827978  -23.768297032    2.773818047
    2.760793544   -1.396263402  -30.806237259  -36.814842437    4.010687561
    2.951193099   -1.396263402  -38.431526702  -41.924648108    4.637987891

   -3.141592654   -1.047197551  -47.666100424  -41.590644584    3.966352643
   -2.951193099   -1.047197551  -54.659959282  -30.955734206    2.702429106
   -2.760793544   -1.047197551  -59.150357963  -15.986353897    1.016155914
   -2.570393989   -1.047197551  -60.774274989   -1.624230831   -0.886908646
   -2.379994435   -1.047197551  -60.091099850    7.700489382   -2.936626947
   -2.189594880   -1.047197551  -58.297330692    9.968468518   -5.237552984
   -1.999195325   -1.047197551  -56.678886308    6.267858709   -7.964167926
   -1.808795770   -1.047197551  -56.072268132    0.033334857  -11.164045324
   -1.618396215   -1.047197551  -56.570907075   -4.726791011  -14.599902257
   -1.427996661   -1.047197551  -57.595653446   -5.198047082  -17.750396719
   -1.237597106   -1.047197551  -58.242124293   -0.849840590  -19.993400507
   -1.047197551   -1.047197551  -57.724088267    6.593001321  -20.867174654
   -0.856797996   -1.047197551  -55.724750386   14.082809441  -20.272352533
   -0.666398442   -1.047197551  -52.544038923   18.469743344  -18.502857425
   -0.475998887   -1.047197551  -49.023432580   17.329725500  -16.107140036
   -0.285599332   -1.047197551  -46.354689690    9.518002246  -13.677659117
   -0.095199777   -1.047197551  -45.792565632   -4.574190855  -11.641104346
    0.095199777   -1.047197551  -48.325352532  -22.358478194  -10.167871027
    0.285599332   -1.047197551  -54.225353299  -38.934620313   -9.166254734
    0.475998887   -1.047197551  -62.658286397  -47.865867754   -8.392157282
    0.666398442   -1.047197551  -71.592025687  -43.517473745   -7.592127060
    0.856797996   -1.047197551  -78.254804998  -24.206411593   -6.626541300
    1.047197551   -1.047197551  -80.106825347    5.820362368   -5.501365156
    1.237597106   -1.047197551  -75.920217033   37.508381278   -4.317523274
    1.427996661   -1.047197551  -66.350740851   60.871725293   -3.166090489
    1.618396215   -1.047197551  -53.678951656   69.506001458   -2.066924758
    1.808795770   -1.047197551  -40.868853127   62.676788228   -0.968107373
    1.999195325   -1.047197551  -30.534231177   44.430276604    0.199181279
    2.189594880   -1.047197551  -24.294202851   20.657860650    1.454627975
    2.379994435   -1.047197551  -22.676662897   -3.370057998    2.721778564
    2.570393989   -1.047197551  -25.348310673  -23.872249905    3.823801241
    2.760793544   -1.047197551  -31.369158204  -38.182854076    4.520987351
    2.951193099   -1.047197551  -39.361488386  -44.356685345    4.599402135

   -3.141592654   -0.698131701  -47.676125034  -44.585044252    2.254435253
   -2.951193099   -0.698131701  -55.313860734  -34.653376673    0.236169057
   -2.760793544   -0.698131701  -60.542380907  -19.981251957   -2.235734752
   -2.570393989   -0.698131701  -62.934543688   -5.687375813   -4.911847982
   -2.379994435   -0.698131701  -63.036244421    3.478554854   -7.666003607
   -2.189594880   -0.698131701  -62.085560403    5.281780540  -10.548175684
   -1.999195325   -0.698131701  -61.421259118    0.933533221  -13.669903343
   -1.808795770   -0.698131701  -61.873088711   -5.647746534  -16.981788413
   -1.618396215   -0.698131701  -63.419667968   -9.860545088  -20.115160175
   -1.427996661   -0.698131701  -65.274240377   -8.575263700  -22.431883537
   -1.237597106   -0.698131701  -66.313583958   -1.476501890  -23.290455007
   -1.047197551   -0.698131701  -65.622772290    9.012049320  -22.367245834
   -0.856797996   -0.698131701  -62.912245447   18.975158027  -19.844100831
   -0.666398442   -0.698131701  -58.658406523   24.616327051  -16.343641197
   -0.475998887   -0.698131701  -53.959947073   23.327487654  -12.671059124
   -0.285599332   -0.698131701  -50.255104693   14.261967750   -9.500176440
   -0.095199777   -0.698131701  -48.954552192   -1.595923590   -7.135943521
    0.095199777   -0.698131701  -51.079867817  -20.980738578   -5.467755432
    0.285599332   -0.698131701  -56.819423581  -38.490832011   -4.080561418
    0.475998887   -0.698131701  -65.189010039  -47.512259321   -2.516446169
    0.666398442   -0.698131701  -74.008087077  -42.599312497   -0.542460537
    0.856797996   -0.698131701  -80.418737011  -22.490741256    1.700027070
    1.047197551   -0.698131701  -81.879532817    8.139006073    3.770901175
    1.237597106   -0.698131701  -77.225125226   40.021089391    5.190280644
    1.427996661   -0.698131701  -67.188379499   63.214317330    5.723233506
    1.618396215   -0.698131701  -54.101052602   71.516074498    5.496221379
    1.808795770   -0.698131701  -40.939139606   64.374770467    4.896369075
    1.999195325   -0.698131701  -30.304464093   45.893829661    4.345637914
    2.189594880   -0.698131701  -23.807084756   21.884680969    4.099473385
    2.379994435   -0.698131701  -21.989641952   -2.534049921    4.161034903
    2.570393989   -0.698131701  -24.561472503  -23.713070077    4.315955901
    2.760793544   -0.698131701  -30.640885717  -39.000335414    4.233159344
    2.951193099   -0.698131701  -38.896300496  -46.311787945    3.602273557

   -3.141592654   -0.349065850  -47.215491302  -48.179126867    0.833181528
   -2.951193099   -0.349065850  -55.642709129  -39.265386640   -1.354401404
   -2.760793544   -0.349065850  -61.807404530  -25.104858844   -3.945009473
   -2.570393989   -0.349065850  -65.186502721  -10.875587195   -6.728452782
   -2.379994435   -0.349065850  -66.267031172   -1.616728280   -9.573678556
   -2.189594880   -0.349065850  -66.284538920    0.184754378  -12.467635255
   -1.999195325   -0.349065850  -66.595406308   -4.186591752  -15.409391981
   -1.808795770   -0.349065850  -67.995701897  -10.372311965  -18.221483231
   -1.618396215   -0.349065850  -70.333185236  -13.254310212  -20.448968834
   -1.427996661   -0.349065850  -72.619171614   -9.542593953  -21.468346861
   -1.237597106   -0.349065850  -73.552723455    0.652465960  -20.786166536
   -1.047197551   -0.349065850  -72.169671525   14.037723733  -18.338466620
   -0.856797996   -0.349065850  -68.308027582   25.803244051  -14.597293010
   -0.666398442   -0.349065850  -62.707184659   31.667795840  -10.397635654
   -0.475998887   -0.349065850  -56.762647192   29.164192975   -6.598279521
   -0.285599332   -0.349065850  -52.129472558   18.117712870   -3.732722491
   -0.095199777   -0.349065850  -50.279146491    0.410339749   -1.820085235
    0.095199777   -0.349065850  -52.130732248  -19.918089348   -0.405394318
    0.285599332   -0.349065850  -57.660424406  -37.152658998    1.194047169
    0.475998887   -0.349065850  -65.669429793  -44.967782779    3.512502859
    0.666398442   -0.349065850  -73.869197338  -38.705864897    6.610750203
    0.856797996   -0.349065850  -79.461829161  -17.988371368    9.973374331
    1.047197551   -0.349065850  -80.102828909   12.021629771   12.730817142
    1.237597106   -0.349065850  -74.853791367   42.254828051   14.103578791
    1.427996661   -0.349065850  -64.579590127   63.495055125   13.807134602
    1.618396215   -0.349065850  -51.590917785   70.333669624   12.164054511
    1.808795770   -0.349065850  -38.722345242   62.637599258    9.884929898
    1.999195325   -0.349065850  -28.404247317   44.411376822    7.692844138
    2.189594880   -0.349065850  -22.131778026   21.020088763    6.028249082
    2.379994435   -0.349065850  -20.428874814   -2.932834136    4.954718937
    2.570393989   -0.349065850  -23.072041740  -24.167060490    4.243115393
    2.760793544   -0.349065850  -29.293635093  -40.141010296    3.526443244
    2.951193099   -0.349065850  -37.871657954  -48.619036378    2.458922194

   -3.141592654    0.000000000  -47.067512558  -51.493080781   -0.957089616
   -2.951193099    0.000000000  -56.209849299  -43.405771697   -2.920337117
   -2.760793544    0.000000000  -63.220827865  -29.785227165   -5.136709642
   -2.570393989    0.000000000  -67.518126705  -15.795592837   -7.480210864
   -2.379994435    0.000000000  -69.543168133   -6.600522186   -9.868765346
   -2.189594880    0.000000000  -70.507356627   -4.749772834  -12.271059562
   -1.999195325    0.000000000  -71.732129056   -8.767924091  -14.605073938
   -1.808795770    0.000000000  -73.918138010  -13.889148747  -16.599622357
   -1.618396215    0.000000000  -76.743318434  -14.680259569  -17.768284896
   -1.427996661    0.000000000  -79.028175556   -7.998525958  -17.574945216
   -1.237597106    0.000000000  -79.363897767    5.335618489  -15.732930587
   -1.047197551    0.000000000  -76.846894176   21.046822893  -12.436038815
   -0.856797996    0.000000000  -71.550494494   33.571867892   -8.354802344
   -0.666398442    0.000000000  -64.535703307   38.496919015   -4.365534324
   -0.475998887    0.000000000  -57.477065640   33.923150427   -1.182757891
   -0.285599332    0.000000000  -52.153844283   20.666795302    0.950200078
   -0.095199777    0.000000000  -49.966090465    1.609446662    2.338194902
    0.095199777    0.000000000  -51.603639978  -18.610173404    3.684658452
    0.285599332    0.000000000  -56.759459584  -34.351415764    5.747281463
    0.475998887    0.000000000  -64.034890764  -40.063515773    8.932853347
    0.666398442    0.000000000  -71.136317395  -32.284123196   13.010760313
    0.856797996    0.000000000  -75.483532144  -11.667689279   17.115005195
    1.047197551    0.000000000  -75.083088869   16.338261936   20.092439927
    1.237597106    0.000000000  -69.310488921   43.321383050   21.049972638
    1.427996661    0.000000000  -59.154575950   61.295392470   19.779074527
    1.618396215    0.000000000  -46.815463786   65.960753179   16.812081365
    1.808795770    0.000000000  -34.863686711   57.636771267   13.101579965
    1.999195325    0.000000000  -25.453081251   40.040106700    9.557689197
    2.189594880    0.000000000  -19.902424964   17.840778437    6.720734562
    2.379994435    0.000000000  -18.697050933   -5.043438176    4.685038901
    2.570393989    0.000000000  -21.682445801  -25.760354319    3.228180748
    2.760793544    0.000000000  -28.211210529  -41.881261438    1.997795886
    2.951193099    0.000000000  -37.178096455  -51.030397316    0.669863747

   -3.141592654    0.349065850  -46.413636389  -53.069889608   -1.445302030
   -2.951193099    0.349065850  -55.929333391  -45.750972056   -2.510724842
   -2.760793544    0.349065850  -63.466249552  -32.938699099   -3.677599258
   -2.570393989    0.349065850  -68.432285128  -19.629379106   -4.991395102
   -2.379994435    0.349065850  -71.234077142  -10.878623238   -6.474460085
   -2.189594880    0.349065850  -73.027798553   -9.109571358   -8.093218455
   -1.999195325    0.349065850  -75.046838447  -12.629618027   -9.693355705
   -1.808795770    0.349065850  -77.857011960  -16.432206209  -10.956438846
   -1.618396215    0.349065850  -80.970963024  -15.042277086  -11.455892182
   -1.427996661    0.349065850  -83.072663595   -5.682919806  -10.825674355
   -1.237597106    0.349065850  -82.724992745   10.083142200   -8.977307550
   -1.047197551    0.349065850  -79.149025974   27.190053120   -6.211467834
   -0.856797996    0.349065850  -72.665286349   39.656990597   -3.132864860
   -0.666398442    0.349065850  -64.602536651   43.260114130   -0.379185534
   -0.475998887    0.349065850  -56.811276340   36.853392154    1.665970045
   -0.285599332    0.349065850  -51.075731772   22.213921868    3.071913799
   -0.095199777    0.349065850  -48.631267114    2.999672881    4.325457492
    0.095199777    0.349065850  -49.901377715  -15.912644685    6.125826526
    0.285599332    0.349065850  -54.331523563  -29.333804416    9.034275709
    0.475998887    0.349065850  -60.422741443  -32.762324559   13.138257996
    0.666398442    0.349065850  -66.009750910  -23.998892103   17.878323302
    0.856797996    0.349065850  -68.853600527   -4.563466391   22.168960019
    1.047197551    0.349065850  -67.385684562   20.145826444   24.812661267
    1.237597106    0.349065850  -61.300850361   42.730769528   25.034055839
    1.427996661    0.349065850  -51.658019107   56.686748934   22.819730534
    1.618396215    0.349065850  -40.461081587   58.900367566   18.882201826
    1.808795770    0.349065850  -29.930513002   50.081359557   14.282143068
    1.999195325    0.349065850  -21.877168333   33.535071085    9.962876504
    2.189594880    0.349065850  -17.400036544   13.122083727    6.462732716
    2.379994435    0.349065850  -16.919979005   -7.993949924    3.883429076
    2.570393989    0.349065850  -20.335732692  -27.432936653    2.050118640
    2.760793544    0.349065850  -27.113653442  -42.940442358    0.697792949
    2.951193099    0.349065850  -36.275202319  -52.108776621   -0.410521555

   -3.141592654    0.698131701  -45.757063968  -53.501732156   -2.042999567
   -2.951193099    0.698131701  -55.383752349  -46.501265733   -2.136748676
   -2.760793544    0.698131701  -63.110496430  -34.184569758   -2.130211919
   -2.570393989    0.698131701  -68.364981238  -21.399843158   -2.220340836
   -2.379994435    0.698131701  -71.545563103  -13.055490105   -2.545206794
   -2.189594880    0.698131701  -73.772629759  -11.427658925   -3.124739676
   -1.999195325    0.698131701  -76.214962657  -14.675381803   -3.835263713
   -1.808795770    0.698131701  -79.348142683  -17.691019600   -4.435946792
   -1.618396215    0.698131701  -82.588830712  -15.052694502   -4.654988302
   -1.427996661    0.698131701  -84.556020585   -4.265050825   -4.301503551
   -1.237597106    0.698131701  -83.819247988   12.663863199   -3.361495907
   -1.047197551    0.698131701  -79.690811383   30.272296580   -2.011872507
   -0.856797996    0.698131701  -72.635010421   42.467066054   -0.533191688
   -0.666398442    0.698131701  -64.107158997   45.295824362    0.854518528
   -0.475998887    0.698131701  -56.000930768   38.203641879    2.125754568
   -0.285599332    0.698131701  -50.019953744   23.601221442    3.524536614
   -0.095199777    0.698131701  -47.219327630    5.551042973    5.471130687
    0.095199777    0.698131701  -47.808720988  -11.182964749    8.386624737
    0.285599332    0.698131701  -51.096252311  -22.091276001   12.424802583
    0.475998887    0.698131701  -55.619493191  -23.763946449   17.271096510
    0.666398442    0.698131701  -59.464306489  -15.073228895   22.108465848
    0.856797996    0.698131701  -60.799513824    1.970388626   25.833324736
    1.047197551    0.698131701  -58.470665653   22.431887392   27.456902512
    1.237597106    0.698131701  -52.413575213   40.186450233   26.531052734
    1.427996661    0.698131701  -43.653176931   50.227836452   23.327134807
    1.618396215    0.698131701  -33.911691088   50.433026941   18.693448318
    1.808795770    0.698131701  -25.019589308   41.639533448   13.666017014
    1.999195325    0.698131701  -18.450921968   26.547218083    9.071583521
    2.189594880    0.698131701  -15.115039275    8.146310428    5.337437354
    2.379994435    0.698131701  -15.397384178  -11.087384951    2.527006407
    2.570393989    0.698131701  -19.259514250  -29.117185477    0.518011357
    2.760793544    0.698131701  -26.267016750  -43.755199204   -0.838277305
    2.951193099    0.698131701  -35.540185499  -52.532888425   -1.656291087

   -3.141592654    1.047197551  -47.253873476  -53.904016256   -6.678758832
   -2.951193099    1.047197551  -56.883776889  -46.157211667   -6.371519430
   -2.760793544    1.047197551  -64.500155609  -33.421917867   -5.539303262
   -2.570393989    1.047197551  -69.600394489  -20.598057302   -4.489065588
   -2.379994435    1.047197551  -72.648892384  -12.503960765   -3.505813191
   -2.189594880    1.047197551  -74.804085873  -11.221510427   -2.756908474
   -1.999195325    1.047197551  -77.232470435  -14.698981567   -2.268204605
   -1.808795770    1.047197551  -80.372910031  -17.698951293   -1.969348848
   -1.618396215    1.047197551  -83.593716757  -14.805067458   -1.765622598
   -1.427996661    1.047197551  -85.478975130   -3.653209443   -1.581288096
   -1.237597106    1.047197551  -84.593949973   13.579433493   -1.362709546
   -1.047197551    1.047197551  -80.273863946   31.331025640   -1.052976818
   -0.856797996    1.047197551  -73.011802470   43.568763995   -0.564558331
   -0.666398442    1.047197551  -64.263205149   46.550910709    0.242464244
   -0.475998887    1.047197551  -55.872931257   40.030794387    1.551312830
   -0.285599332    1.047197551  -49.440084486   26.628451736    3.588994982
   -0.095199777    1.047197551  -45.898693673   10.385929937    6.548152037
    0.095199777    1.047197551  -45.374668528   -4.340453199   10.496128133
    0.285599332    1.047197551  -47.202198903  -13.755043345   15.216403789
    0.475998887    1.047197551  -50.093825634  -15.241003514   20.129057946
    0.666398442    1.047197551  -52.440259407   -8.170864041   24.350169917
    0.856797996    1.047197551  -52.754502518    5.551285077   26.945514024
    1.047197551    1.047197551  -50.140169692   21.793870323   27.262743717
    1.237597106    1.047197551  -44.594771126   35.590102453   25.216494095
    1.427996661    1.047197551  -36.990666781   42.950594034   21.304232124
    1.618396215    1.047197551  -28.756073154   42.163479872   16.385716675
    1.808795770    1.047197551  -21.414125287   33.811385389   11.328242055
    1.999195325    1.047197551  -16.226309149   19.938821970    6.720757592
    2.189594880    1.047197551  -14.017851484    2.894634638    2.802622455
    2.379994435    1.047197551  -15.185838559  -15.180655506   -0.431192084
    2.570393989    1.047197551  -19.734751939  -32.259209523   -3.039015507
    2.760793544    1.047197551  -27.256538986  -46.007726052   -5.005793393
    2.951193099    1.047197551  -36.871799162  -53.855632844   -6.241283447

   -3.141592654    1.396263402  -51.882027746  -54.817829857  -11.591026306
   -2.951193099    1.396263402  -61.481199234  -44.953948580  -11.194326314
   -2.760793544    1.396263402  -68.702963930  -30.588023049   -9.949291842
   -2.570393989    1.396263402  -73.171438483  -16.934279040   -8.201882303
   -2.379994435    1.396263402  -75.508122735   -8.809189731   -6.296202436
   -2.189594880    1.396263402  -77.004486563   -8.066694476   -4.466527349
   -1.999195325    1.396263402  -78.909058286  -12.381188610   -2.827992343
   -1.808795770    1.396263402  -81.697472911  -16.328190689   -1.437672695
   -1.618396215    1.396263402  -84.748037096  -14.381648110   -0.349431521
   -1.427996661    1.396263402  -86.633436815   -4.048815707    0.397537415
   -1.237597106    1.396263402  -85.875552206   12.705381431    0.840324188
   -1.047197551    1.396263402  -81.722528735   30.548536208    1.137578819
   -0.856797996    1.396263402  -74.543429749   43.591792275    1.550571821
   -0.666398442    1.396263402  -65.658636218   48.044346044    2.374077648
   -0.475998887    1.396263402  -56.804505120   43.466254974    3.845802077
   -0.285599332    1.396263402  -49.517368075   32.157185786    6.110262692
   -0.095199777    1.396263402  -44.737881190   17.793681531    9.163755959
    0.095199777    1.396263402  -42.674336328    4.267464787   12.823553546
    0.285599332    1.396263402  -42.835867723   -5.093074438   16.663626967
    0.475998887    1.396263402  -44.188448945   -7.997052795   20.043531743
    0.666398442    1.396263402  -45.406230564   -3.759173410   22.247734244
    0.856797996    1.396263402  -45.226564323    6.245912710   22.737424078
    1.047197551    1.396263402  -42.840261772   18.788781516   21.354047190
    1.237597106    1.396263402  -38.155635792   29.750063480   18.405792984
    1.427996661    1.396263402  -31.828546009   35.601333200   14.506387613
    1.618396215    1.396263402  -25.037054739   34.522592228   10.317272799
    1.808795770    1.396263402  -19.115248410   26.596327793    6.302257678
    1.999195325    1.396263402  -15.245067785   13.299586271    2.630807781
    2.189594880    1.396263402  -14.259952505   -3.354933991   -0.741792494
    2.379994435    1.396263402  -16.594546398  -21.187588104   -3.901404113
    2.570393989    1.396263402  -22.253879259  -37.850985224   -6.811313342
    2.760793544    1.396263402  -30.761699925  -50.654543537   -9.258647355
    2.951193099    1.396263402  -41.118541595  -56.877413128  -10.932417887

   -3.141592654    1.745329252  -57.849773216  -56.073072757  -16.396567450
   -2.951193099    1.745329252  -67.457388190  -43.823914718  -16.254279954
   -2.760793544    1.745329252  -74.269527540  -27.528028957  -14.900855584
   -2.570393989    1.745329252  -78.033020779  -12.728725267  -12.640223132
   -2.379994435    1.745329252  -79.524350215   -4.255771696   -9.835935270
   -2.189594880    1.745329252  -80.170781812   -3.775000783   -6.791210161
   -1.999195325    1.745329252  -81.315974844   -8.748521086   -3.732752151
   -1.808795770    1.745329252  -83.495702677  -13.598876807   -0.866909254
   -1.618396215    1.745329252  -86.121707892  -12.656876092    1.579001524
   -1.427996661    1.745329252  -87.766251364   -3.206896564    3.400890627
   -1.237597106    1.745329252  -86.899776889   13.087586353    4.527144826
   -1.047197551    1.745329252  -82.665272758   31.130428912    5.099572781
   -0.856797996    1.745329252  -75.298313781   45.079636734    5.450658544
   -0.666398442    1.745329252  -66.000736776   50.935787735    5.981499899
   -0.475998887    1.745329252  -56.446931362   47.914177478    6.999565622
   -0.285599332    1.745329252  -48.180220394   37.921116248    8.628477728
   -0.095199777    1.745329252  -42.222572891   24.278517088   10.755494724
    0.095199777    1.745329252  -38.927255052   10.538483680   13.058523750
    0.285599332    1.745329252  -38.004877006   -0.179507502   15.044762995
    0.475998887    1.745329252  -38.639056755   -5.523444435   16.178631938
    0.666398442    1.745329252  -39.672747983   -4.334439113   16.057210523
    0.856797996    1.745329252  -39.886993188    2.779089254   14.598590438
    1.047197551    1.745329252  -38.367017544   13.360053653   12.081346190
    1.237597106    1.745329252  -34.801789912   23.626682775    9.045524251
    1.427996661    1.745329252  -29.618833493   29.832817828    6.024150113
    1.618396215    1.745329252  -23.852994099   29.527725683    3.322890566
    1.808795770    1.745329252  -18.822783844   22.145549388    0.930679716
    1.999195325    1.745329252  -15.794136229    8.809746754   -1.396677573
    2.189594880    1.745329252  -15.710845363   -8.392802506   -3.945196110
    2.379994435    1.745329252  -19.068964416  -26.867694618   -6.849223602
    2.570393989    1.745329252  -25.839509532  -43.720489322   -9.976718396
    2.760793544    1.745329252  -35.416890912  -55.843937580  -12.940216681
    2.951193099    1.745329252  -46.620816518  -60.428043560  -15.225519686

   -3.141592654    2.094395102  -64.243999844  -57.727376613  -17.072094513
   -2.951193099    2.094395102  -73.928690296  -42.997477891  -16.980026919
   -2.760793544    2.094395102  -80.367420232  -24.521216634  -15.598193162
   -2.570393989    2.094395102  -83.399488856   -8.170805344  -13.166588696
   -2.379994435    2.094395102  -83.929380565    1.179357513   -9.995810831
   -2.189594880    2.094395102  -83.503326381    1.970781303   -6.349466722
   -1.999195325    2.094395102  -83.562488087   -3.161611733   -2.439067846
   -1.808795770    2.094395102  -84.728764007   -8.615053695    1.498078021
   -1.618396215    2.094395102  -86.495461007   -8.673751368    5.138529759
   -1.427996661    2.094395102  -87.494995603   -0.429398940    8.116335282
   -1.237597106    2.094395102  -86.204656979   14.811482417   10.162744308
   -1.047197551    2.094395102  -81.703180658   32.306735387   11.240916772
   -0.856797996    2.094395102  -74.109908342   46.379612944   11.575321251
   -0.666398442    2.094395102  -64.507962816   52.879480955   11.546113972
   -0.475998887    2.094395102  -54.506530535   50.652560525   11.505722154
   -0.285599332    2.094395102  -45.663103482   41.147094098   11.632729765
   -0.095199777    2.094395102  -39.096514458   27.310069926   11.845871038
    0.095199777    2.094395102  -35.312706535   12.479250342   11.840700660
    0.285599332    2.094395102  -34.192263675   -0.159569304   11.198242184
    0.475998887    2.094395102  -35.044237681   -7.855602715    9.591848703
    0.666398442    2.094395102  -36.732303750   -8.760770000    6.987709273
    0.856797996    2.094395102  -37.918201764   -2.796171801    3.754228162
    1.047197551    2.094395102  -37.465858343    7.946635017    0.541875245
    1.237597106    2.094395102  -34.826253804   19.446978165   -1.991673224
    1.427996661    2.094395102  -30.285077139   27.260576332   -3.511909337
    1.618396215    2.094395102  -24.885945860   28.118554490   -4.150997839
    1.808795770    2.094395102  -20.088702294   20.931419871   -4.413784342
    1.999195325    2.094395102  -17.355421103    6.778816842   -4.916886641
    2.189594880    2.094395102  -17.790517850  -11.856208342   -6.121721935
    2.379994435    2.094395102  -21.948966838  -31.748051665   -8.163645849
    2.570393989    2.094395102  -29.736400510  -49.363610436  -10.819375753
    2.760793544    2.094395102  -40.378400119  -61.177582426  -13.587081174
    2.951193099    2.094395102  -52.477693553  -64.324108179  -15.847695132

   -3.141592654    2.443460953  -69.852855514  -59.267689792  -10.926383762
   -2.951193099    2.443460953  -79.627078441  -42.400575913  -10.130523804
   -2.760793544    2.443460953  -85.752844297  -21.880069375   -8.400220703
   -2.570393989    2.443460953  -88.112650736   -3.815334237   -5.968959760
   -2.379994435    2.443460953  -87.678684934    6.892023801   -3.067213004
   -2.189594880    2.443460953  -86.061321691    8.715946566    0.184712324
   -1.999195325    2.443460953  -84.767511038    4.225474537    3.745253755
   -1.808795770    2.443460953  -84.510673463   -1.170686859    7.512926355
   -1.618396215    2.443460953  -84.913892163   -1.931851713   11.204157109
   -1.427996661    2.443460953  -84.755467239    4.885022971   14.365478012
   -1.237597106    2.443460953  -82.624185643   18.295593763   16.539612094
   -1.047197551    2.443460953  -77.631402618   34.029437871   17.475291895
   -0.856797996    2.443460953  -69.841404479   46.813057738   17.244016625
   -0.666398442    2.443460953  -60.230864827   52.615786538   16.178387230
   -0.475998887    2.443460953  -50.310418109   50.096108294   14.678564208
   -0.285599332    2.443460953  -41.596612691   40.300977186   13.003842432
   -0.095199777    2.443460953  -35.248193643   25.766434603   11.145725922
    0.095199777    2.443460953  -31.874160160    9.606215410    8.867943044
    0.285599332    2.443460953  -31.469159780   -4.851958697    5.877137044
    0.475998887    2.443460953  -33.389443375  -14.314348536    2.082878820
    0.666398442    2.443460953  -36.415943103  -16.149464156   -2.212188745
    0.856797996    2.443460953  -38.986188637   -9.676928901   -6.310169434
    1.047197551    2.443460953  -39.675768299    3.054046256   -9.375591131
    1.237597106    2.443460953  -37.706865241   17.353336970  -10.819657399
    1.427996661    2.443460953  -33.309175924   27.721604885  -10.603501626
    1.618396215    2.443460953  -27.666311747   29.978985273   -9.252178512
    1.808795770    2.443460953  -22.502447835   22.684329313   -7.596393098
    1.999195325    2.443460953  -19.549418268    7.179812521   -6.407956271
    2.189594880    2.443460953  -20.090046325  -13.395228042   -6.138102410
    2.379994435    2.443460953  -24.720606445  -35.084721622   -6.826057521
    2.570393989    2.443460953  -33.259795609  -53.762672973   -8.165758670
    2.760793544    2.443460953  -44.758525854  -65.584208629   -9.643331585
    2.951193099    2.443460953  -57.612243739  -67.682439583  -10.704920305

   -3.141592654    2.792526803  -72.431712027  -58.652719222    0.748718663
   -2.951193099    2.792526803  -81.956932671  -40.437494878    2.511044347
   -2.760793544    2.792526803  -87.596345917  -18.795860112    4.430872661
   -2.570393989    2.792526803  -89.288353429    0.064901817    6.377371362
   -2.379994435    2.792526803  -88.057039916   11.372031785    8.375667605
   -2.189594880    2.792526803  -85.530655481   13.794173948   10.613843222
   -1.999195325    2.792526803  -83.209112761    9.935548193   13.299252505
   -1.808795770    2.792526803  -81.817568131    4.973880712   16.440518127
   -1.618396215    2.792526803  -81.052332930    4.068006418   19.709080108
   -1.427996661    2.792526803  -79.831848483    9.891613862   22.492623948
   -1.237597106    2.792526803  -76.906563877   21.521796318   24.139330034
   -1.047197551    2.792526803  -71.504712959   35.079827412   24.244645442
   -0.856797996    2.792526803  -63.715339588   45.809286021   22.821314480
   -0.666398442    2.792526803  -54.454624135   50.028187532   20.241758793
   -0.475998887    2.792526803  -45.137606329   46.406126973   17.020884659
   -0.285599332    2.792526803  -37.212746236   35.706507339   13.549671586
   -0.095199777    2.792526803  -31.834637070   20.128092203    9.947293587
    0.095199777    2.792526803  -29.654964413    2.663632234    6.092193323
    0.285599332    2.792526803  -30.698310548  -13.075088064    1.817125307
    0.475998887    2.792526803  -34.260719054  -23.169562982   -2.833830428
    0.666398442    2.792526803  -38.933539838  -24.321009060   -7.447551042
    0.856797996    2.792526803  -42.869011595  -15.584323714  -11.301784304
    1.047197551    2.792526803  -44.370675537    0.565911339  -13.649134271
    1.237597106    2.792526803  -42.530182004   18.429492906  -14.091277598
    1.427996661    2.792526803  -37.658178671   31.398040952  -12.794525771
    1.618396215    2.792526803  -31.195074520   34.633210726  -10.414898881
    1.808795770    2.792526803  -25.181712052   26.734160129   -7.783791322
    1.999195325    2.792526803  -21.601239481    9.623079906   -5.553072727
    2.189594880    2.792526803  -21.854871921  -12.799565094   -4.005063014
    2.379994435    2.792526803  -26.521795367  -35.958820009   -3.056388588
    2.570393989    2.792526803  -35.310273786  -55.366783931   -2.405776885
    2.760793544    2.792526803  -47.117061269  -67.078112998   -1.701927030
    2.951193099    2.792526803  -60.184658916  -68.341803398   -0.682479085
