#! FIELDS phi psi file.free der_phi der_psi
#! SET min_phi -pi
#! SET max_phi pi
#! SET nbins_phi  33
#! SET periodic_phi true
#! SET min_psi -pi
#! SET max_psi pi
#! SET nbins_psi  18
#! SET periodic_psi true
   -3.141592654   -3.141592654  -97.047995688  -53.126435452   16.692099320
   -2.951193099   -3.141592654 -105.408790752  -34.105000182   19.210339812
   -2.760793544   -3.141592654 -109.917906461  -13.579042228   20.800970420
   -2.570393989   -3.141592654 -110.817515269    3.064578897   21.585546242
   -2.379994435   -3.141592654 -109.208081318   12.473069123   22.004748362
   -2.189594880   -3.141592654 -106.541124711   14.427807155   22.675383425
   -1.999195325   -3.141592654 -104.012558598   11.692453958   24.123961260
   -1.808795770   -3.141592654 -102.106375434    8.639201492   26.515586287
   -1.618396215   -3.141592654 -100.480800457    9.263201299   29.508816458
   -1.427996661   -3.141592654  -98.216628611   15.404753441   32.338894714
   -1.237597106   -3.141592654  -94.314091674   26.063805894   34.101966042
   -1.047197551   -3.141592654  -88.198258194   37.967704514   34.099426591
   -0.856797996   -3.141592654  -80.015165009   47.091382156   32.072458719
   -0.666398442   -3.141592654  -70.634822943   50.049501464   28.217274089
   -0.475998887   -3.141592654  -61.429668308   45.137332554   23.033730549
   -0.285599332   -3.141592654  -53.922467119   32.393489843   17.074186089
   -0.095199777   -3.141592654  -49.468845421   13.484012344   10.782360925
    0.095199777   -3.141592654  -48.961181434   -8.400066155    4.446923299
    0.285599332   -3.141592654  -52.546069347  -28.624500718   -1.690394422
    0.475998887   -3.141592654  -59.390982674  -41.742372123   -7.292572441
    0.666398442   -3.141592654  -67.666981719  -43.042117604  -11.857868704
    0.856797996   -3.141592654  -74.897007782  -30.878251802  -14.830052653
    1.047197551   -3.141592654  -78.727360109   -8.185088920  -15.831850584
    1.237597106   -3.141592654  -77.788874307   17.777508389  -14.902213590
    1.427996661   -3.141592654  -72.301745251   38.203123874  -12.521268089
    1.618396215   -3.141592654  -64.031699145   46.208849384   -9.400677073
    1.808795770   -3.141592654  -55.656695448   39.304214132   -6.161184483
    1.999195325   -3.141592654  -49.871409568   19.736148330   -3.094558887
    2.189594880   -3.141592654  -48.595928785   -6.979656441   -0.153505713
    2.379994435   -3.141592654  -52.550722244  -34.072880085    2.889541961
    2.570393989   -3.141592654  -61.194735892  -55.311456993    6.215994856
    2.760793544   -3.141592654  -72.954617695  -66.276962601    9.811477496
    2.951193099   -3.141592654  -85.651569374  -65.141969909   13.432241294

   -3.141592654   -2.792526803  -89.485649754  -48.332364703   24.814903934
   -2.951193099   -2.792526803  -97.137554335  -31.498068505   27.175450021
   -2.760793544   -2.792526803 -101.352972417  -13.028516762   28.232831641
   -2.570393989   -2.792526803 -102.285861383    2.341430888   28.293152920
   -2.379994435   -2.792526803 -100.839622041   11.707179287   27.960598117
   -2.189594880   -2.792526803  -98.219751335   14.881915027   27.923231810
   -1.999195325   -2.792526803  -95.420101469   14.151571923   28.672562017
   -1.808795770   -2.792526803  -92.855412853   12.996942958   30.275837753
   -1.618396215   -2.792526803  -90.298901432   14.435648714   32.294162408
   -1.427996661   -2.792526803  -87.108639657   19.649014552   33.914752576
   -1.237597106   -2.792526803  -82.632330031   27.591053936   34.248976578
   -1.047197551   -2.792526803  -76.588156854   35.578129167   32.667464663
   -0.856797996   -2.792526803  -69.261676743   40.536612758   29.013886982
   -0.666398442   -2.792526803  -61.479065571   40.012441529   23.612322770
   -0.475998887   -2.792526803  -54.420973704   32.858793494   17.112059134
   -0.285599332   -2.792526803  -49.356521358   19.241466169   10.222243136
   -0.095199777   -2.792526803  -47.395732656    0.627588484    3.533151320
    0.095199777   -2.792526803  -49.234867771  -20.055651662   -2.564558421
    0.285599332   -2.792526803  -54.865942760  -38.340358296   -7.802530106
    0.475998887   -2.792526803  -63.321915679  -48.830912443  -11.930235927
    0.666398442   -2.792526803  -72.649934458  -46.919085977  -14.658737044
    0.856797996   -2.792526803  -80.289479151  -31.281684888  -15.745535359
    1.047197551   -2.792526803  -83.888337705   -5.439963843  -15.137457493
    1.237597106   -2.792526803  -82.197555648   22.760901392  -13.098146850
    1.427996661   -2.792526803  -75.644416772   44.233853297  -10.139911356
    1.618396215   -2.792526803  -66.207979712   52.316239535   -6.811146821
    1.808795770   -2.792526803  -56.699926164   45.094527398   -3.452385704
    1.999195325   -2.792526803  -49.829774217   25.411445263   -0.082391483
    2.189594880   -2.792526803  -47.446316250   -0.935420641    3.508846465
    2.379994435   -2.792526803  -50.184757269  -27.320653794    7.547657166
    2.570393989   -2.792526803  -57.478917754  -47.951735303   12.060423857
    2.760793544   -2.792526803  -67.821850394  -58.896456232   16.782671565
    2.951193099   -2.792526803  -79.179846425  -58.627507448   21.217161817

   -3.141592654   -2.443460953  -81.029210401  -43.207219444   22.656459184
   -2.951193099   -2.443460953  -87.921052878  -28.653619830   24.409714839
   -2.760793544   -2.443460953  -91.794010214  -12.184809871   25.036711831
   -2.570393989   -2.443460953  -92.693585816    2.020747055   24.874418962
   -2.379994435   -2.443460953  -91.331953440   11.329471120   24.420365357
   -2.189594880   -2.443460953  -88.709230896   15.413339486   24.151744847
   -1.999195325   -2.443460953  -85.683325009   15.999709091   24.340729805
   -1.808795770   -2.443460953  -82.668115621   15.742781223   24.931679290
   -1.618396215   -2.443460953  -79.593661393   16.887004785   25.518512009
   -1.427996661   -2.443460953  -76.089871221   20.231055333   25.467538075
   -1.237597106   -2.443460953  -71.795410800   24.930266294   24.152691983
   -1.047197551   -2.443460953  -66.626957600   29.029088096   21.214407749
   -0.856797996   -2.443460953  -60.900946617   30.418414568   16.707460903
   -0.666398442   -2.443460953  -55.297965165   27.498750486   11.078894654
   -0.475998887   -2.443460953  -50.726354032   19.536435718    5.008567367
   -0.285599332   -2.443460953  -48.153002597    6.635461347   -0.841177253
   -0.095199777   -2.443460953  -48.433708651  -10.167394675   -5.986894622
    0.095199777   -2.443460953  -52.106728672  -28.457173259  -10.188275090
    0.285599332   -2.443460953  -59.093046237  -44.154934498  -13.365077518
    0.475998887   -2.443460953  -68.408889510  -52.040865513  -15.487469382
    0.666398442   -2.443460953  -78.104624304  -47.580699340  -16.499111438
    0.856797996   -2.443460953  -85.641431377  -29.566074885  -16.351826307
    1.047197551   -2.443460953  -88.720781625   -1.781266500  -15.080061815
    1.237597106   -2.443460953  -86.202180810   27.683097937  -12.890545341
    1.427996661   -2.443460953  -78.652516071   49.674237503  -10.112393584
    1.618396215   -2.443460953  -68.173110044   57.787191851   -7.069219268
    1.808795770   -2.443460953  -57.626851426   50.562521896   -3.925980218
    1.999195325   -2.443460953  -49.687830092   31.245677397   -0.634710251
    2.189594880   -2.443460953  -46.120478138    5.722531094    2.975641239
    2.379994435   -2.443460953  -47.494308239  -19.662719251    7.024396472
    2.570393989   -2.443460953  -53.256370862  -39.625201120   11.417324421
    2.760793544   -2.443460953  -62.009648795  -50.697548548   15.810255869
    2.951193099   -2.443460953  -71.897079821  -51.552286069   19.707694968

   -3.141592654   -2.094395102  -74.648250456  -39.476200438   14.122834115
   -2.951193099   -2.094395102  -80.989424307  -26.589186181   15.147331210
   -2.760793544   -2.094395102  -84.609643328  -11.538607685   15.569257213
   -2.570393989   -2.094395102  -85.484655513    1.719191764   15.615478287
   -2.379994435   -2.094395102  -84.230793699   10.579606418   15.483942685
   -2.189594880   -2.094395102  -81.763466532   14.568029029   15.269663533
   -1.999195325   -2.094395102  -78.899898769   15.117838388   14.938523689
   -1.808795770   -2.094395102  -76.079087746   14.499299054   14.338233588
   -1.618396215   -2.094395102  -73.325868620   14.635749479   13.229100484
   -1.427996661   -2.094395102  -70.405892970   16.242056348   11.357249636
   -1.237597106   -2.094395102  -67.078396241   18.735424367    8.560797478
   -1.047197551   -2.094395102  -63.299377927   20.711247185    4.882173399
   -0.856797996   -2.094395102  -59.308206576   20.687183845    0.597023351
   -0.666398442   -2.094395102  -55.602836975   17.521387366   -3.848093482
   -0.475998887   -2.094395102  -52.856512222   10.533743755   -7.966123393
   -0.285599332   -2.094395102  -51.830332601   -0.495542256  -11.392956485
   -0.095199777   -2.094395102  -53.258977781  -15.076897459  -13.965749255
    0.095199777   -2.094395102  -57.664058023  -31.282006313  -15.726266867
    0.285599332   -2.094395102  -65.020645020  -45.281675723  -16.820784116
    0.475998887   -2.094395102  -74.419627772  -51.824917294  -17.387859608
    0.666398442   -2.094395102  -83.962940458  -46.210092779  -17.472469534
    0.856797996   -2.094395102  -91.134613981  -27.095885155  -17.032047323
    1.047197551   -2.094395102  -93.646332155    1.690306425  -15.981390134
    1.237597106   -2.094395102  -90.388850968   31.926306644  -14.304996116
    1.427996661   -2.094395102  -81.983548114   54.362584387  -12.078826814
    1.618396215   -2.094395102  -70.589540361   62.674894380   -9.451247139
    1.808795770   -2.094395102  -59.096831932   55.624419330   -6.557270373
    1.999195325   -2.094395102  -50.161745099   36.678781877   -3.464187843
    2.189594880   -2.094395102  -45.505255264   11.747026143   -0.185935574
    2.379994435   -2.094395102  -45.672316964  -13.048974341    3.235600649
    2.570393989   -2.094395102  -50.144289190  -32.785371229    6.645543915
    2.760793544   -2.094395102  -57.622865150  -44.277595051    9.775014869
    2.951193099   -2.094395102  -66.383183725  -46.241884303   12.329149174

   -3.141592654   -1.745329252  -71.788174149  -37.889259605    5.299094510
   -2.951193099   -1.745329252  -77.914011936  -25.866298689    5.370920212
   -2.760793544   -1.745329252  -81.452428568  -11.361825990    5.293689542
   -2.570393989   -1.745329252  -82.325781162    1.577368956    5.196924916
   -2.379994435   -1.745329252  -81.128290449   10.109189409    5.023663262
   -2.189594880   -1.745329252  -78.800543106   13.510947738    4.550695715
   -1.999195325   -1.745329252  -76.226507315   13.055340963    3.507153577
   -1.808795770   -1.745329252  -73.930152686   10.986840480    1.712887707
   -1.618396215   -1.745329252  -72.009371286    9.381365861   -0.841416822
   -1.427996661   -1.745329252  -70.255216511    9.295856211   -3.987447204
   -1.237597106   -1.745329252  -68.374730811   10.617384416   -7.433336326
   -1.047197551   -1.745329252  -66.181184851   12.368492548  -10.823711473
   -0.856797996   -1.745329252  -63.709837721   13.259162300  -13.815563104
   -0.666398442   -1.745329252  -61.249838229   12.008496825  -16.132584485
   -0.475998887   -1.745329252  -59.323709259    7.472820527  -17.606719924
   -0.285599332   -1.745329252  -58.647093763   -1.156496123  -18.224577714
   -0.095199777   -1.745329252  -60.015542382  -13.907219469  -18.126643121
    0.095199777   -1.745329252  -64.089640773  -29.116881991  -17.584956136
    0.285599332   -1.745329252  -71.005863635  -42.935112962  -16.909109429
    0.475998887   -1.745329252  -79.987478119  -49.838984329  -16.341536767
    0.666398442   -1.745329252  -89.201379636  -44.727670974  -15.961641163
    0.856797996   -1.745329252  -96.122195462  -25.868629469  -15.662857903
    1.047197551   -1.745329252  -98.389661395    3.104148486  -15.191325317
    1.237597106   -1.745329252  -94.809469046   33.954140925  -14.285528113
    1.427996661   -1.745329252  -85.939287136   57.219715525  -12.784169021
    1.618396215   -1.745329252  -73.921650485   66.337382277  -10.699192532
    1.808795770   -1.745329252  -61.667678527   59.912014697   -8.180774269
    1.999195325   -1.745329252  -51.871988831   41.385852312   -5.441297190
    2.189594880   -1.745329252  -46.294398960   16.672777652   -2.685826160
    2.379994435   -1.745329252  -45.521444733   -8.157547025   -0.103411947
    2.570393989   -1.745329252  -49.092057472  -28.280252767    2.115529885
    2.760793544   -1.745329252  -55.780265310  -40.547085553    3.795014441
    2.951193099   -1.745329252  -63.928044893  -43.566018486    4.838127665

   -3.141592654   -1.396263402  -73.190475799  -39.289217682    3.089796638
   -2.951193099   -1.396263402  -79.563242350  -26.964445207    2.495605286
   -2.760793544   -1.396263402  -83.244187096  -11.742702992    1.830699867
   -2.570393989   -1.396263402  -84.125051306    1.805062656    1.180350296
   -2.379994435   -1.396263402  -82.875650244   10.280481015    0.400655476
   -2.189594880   -1.396263402  -80.596043343   12.672458848   -0.834224375
   -1.999195325   -1.396263402  -78.345281698   10.395725148   -2.858869293
   -1.808795770   -1.396263402  -76.757283896    6.212206493   -5.817087387
   -1.618396215   -1.396263402  -75.921298016    2.883066786   -9.541625813
   -1.427996661   -1.396263402  -75.493995342    2.054779791  -13.570773117
   -1.237597106   -1.396263402  -74.962604300    3.909628961  -17.296419488
   -1.047197551   -1.396263402  -73.899152330    7.383263192  -20.149458175
   -0.856797996   -1.396263402  -72.146494434   10.779487660  -21.768537677
   -0.666398442   -1.396263402  -69.896741684   12.264805276  -22.064380280
   -0.475998887   -1.396263402  -67.682862723   10.134659798  -21.194836651
   -0.285599332   -1.396263402  -66.328423607    3.147769778  -19.494729647
   -0.095199777   -1.396263402  -66.801392316   -8.987274842  -17.376849873
    0.095199777   -1.396263402  -69.965929121  -24.651210370  -15.262501894
    0.285599332   -1.396263402  -76.148244707  -39.808245138  -13.485423915
    0.475998887   -1.396263402  -84.703099905  -48.512143851  -12.226393493
    0.666398442   -1.396263402  -93.829859475  -45.067556529  -11.468150593
    0.856797996   -1.396263402 -100.919652214  -27.146456069  -11.016860108
    1.047197551   -1.396263402 -103.434081122    1.963306893  -10.567765912
    1.237597106   -1.396263402  -99.974012257   33.960826360   -9.839130470
    1.427996661   -1.396263402  -90.944424809   58.909643029   -8.662518843
    1.618396215   -1.396263402  -78.446951895   69.609682949   -7.035495464
    1.808795770   -1.396263402  -65.464738694   64.147325722   -5.084911645
    1.999195325   -1.396263402  -54.834978966   45.766581280   -2.996381736
    2.189594880   -1.396263402  -48.469150172   20.459133995   -0.955177822
    2.379994435   -1.396263402  -47.074469987   -5.482185700    0.861703383
    2.570393989   -1.396263402  -50.263680223  -26.972074168    2.277023458
    2.760793544   -1.396263402  -56.833160870  -40.574723718    3.136386755
    2.951193099   -1.396263402  -65.089151475  -44.586631990    3.377259692

   -3.141592654   -1.047197551  -75.601511985  -42.328789896    4.160947290
   -2.951193099   -1.047197551  -82.521277290  -29.575702186    2.573924150
   -2.760793544   -1.047197551  -86.623397955  -13.544476353    0.856874337
   -2.570393989   -1.047197551  -87.780556792    0.616363808   -0.828272516
   -2.379994435   -1.047197551  -86.756669239    8.940001784   -2.562696494
   -2.189594880   -1.047197551  -84.825349835   10.201827506   -4.648109205
   -1.999195325   -1.047197551  -83.210126027    6.132535938   -7.421567809
   -1.808795770   -1.047197551  -82.604132474    0.248440814  -11.004649030
   -1.618396215   -1.047197551  -82.996259869   -3.833250573  -15.128380125
   -1.427996661   -1.047197551  -83.802898729   -3.925457087  -19.153921472
   -1.237597106   -1.047197551  -84.220852760    0.132925438  -22.293441194
   -1.047197551   -1.047197551  -83.589462019    6.705235293  -23.909005612
   -0.856797996   -1.047197551  -81.659240379   13.261878506  -23.750936615
   -0.666398442   -1.047197551  -78.685030014   17.222810123  -22.010942399
   -0.475998887   -1.047197551  -75.378291955   16.440127998  -19.204923791
   -0.285599332   -1.047197551  -72.792685688    9.578659270  -15.972126415
   -0.095199777   -1.047197551  -72.116334723   -3.506101820  -12.868408253
    0.095199777   -1.047197551  -74.389096595  -20.854995307  -10.251356549
    0.285599332   -1.047197551  -80.036163560  -37.989003710   -8.227001431
    0.475998887   -1.047197551  -88.420053427  -48.459382824   -6.699799437
    0.666398442   -1.047197551  -97.653939268  -46.113318702   -5.469649798
    0.856797996   -1.047197551 -104.972527256  -28.351406566   -4.348472140
    1.047197551   -1.047197551 -107.656229899    1.502897985   -3.223059165
    1.237597106   -1.047197551 -104.162435281   34.818390279   -2.067388371
    1.427996661   -1.047197551  -94.833674942   61.151764233   -0.891422017
    1.618396215   -1.047197551  -81.805413184   72.838184952    0.296304337
    1.808795770   -1.047197551  -68.166200440   67.693156653    1.503394324
    1.999195325   -1.047197551  -56.886178148   48.939498080    2.730924318
    2.189594880   -1.047197551  -49.996781542   22.705053579    3.936016789
    2.379994435   -1.047197551  -48.293063370   -4.525612663    4.995887931
    2.570393989   -1.047197551  -51.437223927  -27.460915914    5.711854200
    2.760793544   -1.047197551  -58.232122619  -42.407231051    5.867067688
    2.951193099   -1.047197551  -66.935462158  -47.356764647    5.334177752

   -3.141592654   -0.698131701  -75.677437550  -46.466569887    3.674327968
   -2.951193099   -0.698131701  -83.411561730  -33.894414632    0.977851916
   -2.760793544   -0.698131701  -88.314644228  -17.591383035   -1.865053660
   -2.570393989   -0.698131701  -90.209040360   -3.114569955   -4.599589115
   -2.379994435   -0.698131701  -89.896474931    5.100241870   -7.216065920
   -2.189594880   -0.698131701  -88.758377214    5.611591526   -9.947457206
   -1.999195325   -0.698131701  -88.123909624    0.403177811  -13.073369422
   -1.808795770   -0.698131701  -88.700469196   -6.325625174  -16.638637607
   -1.618396215   -0.698131701  -90.344918349  -10.177344382  -20.262909788
   -1.427996661   -0.698131701  -92.218696951   -8.527145401  -23.202169629
   -1.237597106   -0.698131701  -93.237566088   -1.399085898  -24.650139230
   -1.047197551   -0.698131701  -92.553141064    8.807430467  -24.113655077
   -0.856797996   -0.698131701  -89.903480834   18.565837487  -21.653007975
   -0.666398442   -0.698131701  -85.708494912   24.487321826  -17.852477949
   -0.475998887   -0.698131701  -80.957184421   24.078075232  -13.574558010
   -0.285599332   -0.698131701  -76.997583444   16.172167546   -9.625586867
   -0.095199777   -0.698131701  -75.240188672    1.160390890   -6.480627255
    0.095199777   -0.698131701  -76.826238436  -18.277282998   -4.181677413
    0.285599332   -0.698131701  -82.146344201  -37.007431576   -2.400609964
    0.475998887   -0.698131701  -90.425708176  -48.183172160   -0.672171291
    0.666398442   -0.698131701  -99.599215829  -45.634106245    1.329896586
    0.856797996   -0.698131701 -106.755150850  -27.077926411    3.600897385
    1.047197551   -0.698131701 -109.106105818    3.687790598    5.822644123
    1.237597106   -0.698131701 -105.127593556   37.646709933    7.570879550
    1.427996661   -0.698131701  -95.232489237   64.191270403    8.583375286
    1.618396215   -0.698131701  -81.636405555   75.705206001    8.896110348
    1.808795770   -0.698131701  -67.488077478   70.141741400    8.784658265
    1.999195325   -0.698131701  -55.793402932   50.825536556    8.575845072
    2.189594880   -0.698131701  -48.609256397   23.887277537    8.457895884
    2.379994435   -0.698131701  -46.763660373   -4.254909319    8.388252931
    2.570393989   -0.698131701  -49.963050561  -28.347303342    8.127666085
    2.760793544   -0.698131701  -57.050152899  -44.593735823    7.364553506
    2.951193099   -0.698131701  -66.287165552  -50.731124341    5.881317279

   -3.141592654   -0.349065850  -74.701287752  -51.873978380    2.663571155
   -2.951193099   -0.349065850  -83.529494707  -39.845215868   -0.486655457
   -2.760793544   -0.349065850  -89.562565120  -23.402115059   -3.716268270
   -2.570393989   -0.349065850  -92.516632529   -8.408650229   -6.779376721
   -2.379994435   -0.349065850  -93.168119908    0.214618521   -9.631361836
   -2.189594880   -0.349065850  -92.954687322    0.715301943  -12.417764808
   -1.999195325   -0.349065850  -93.278642821   -4.770088556  -15.292709357
   -1.808795770   -0.349065850  -94.845083938  -11.426718005  -18.173725276
   -1.618396215   -0.349065850  -97.375058421  -14.153475137  -20.603887582
   -1.427996661   -0.349065850  -99.791437712  -10.026161701  -21.871746103
   -1.237597106   -0.349065850 -100.777849219    0.539775376  -21.346267726
   -1.047197551   -0.349065850  -99.387148107   14.193437426  -18.841445704
   -0.856797996   -0.349065850  -95.460915576   26.337063106  -14.777462297
   -0.666398442   -0.349065850  -89.695971440   32.888085758  -10.036819074
   -0.475998887   -0.349065850  -83.429145642   31.329783437   -5.613824728
   -0.285599332   -0.349065850  -78.296754243   21.119044711   -2.214582643
   -0.095199777   -0.349065850  -75.837369262    3.640989080   -0.004191464
    0.095199777   -0.349065850  -77.126112384  -17.432650984    1.412947259
    0.285599332   -0.349065850  -82.331182990  -36.396649023    2.772204247
    0.475998887   -0.349065850  -90.407803305  -46.496038638    4.759361644
    0.666398442   -0.349065850  -99.102767457  -42.295459377    7.630941355
    0.856797996   -0.349065850 -105.490403626  -22.508086874   11.041414644
    1.047197551   -0.349065850 -106.940060916    8.350979740   14.202989824
    1.237597106   -0.349065850 -102.160753683   41.222731067   16.302818436
    1.427996661   -0.349065850  -91.743000559   66.067341089   16.926717216
    1.618396215   -0.349065850  -77.944666713   76.035812991   16.222543275
    1.808795770   -0.349065850  -63.830722959   69.579128596   14.738594180
    1.999195325   -0.349065850  -52.274192625   50.026547008   13.084010426
    2.189594880   -0.349065850  -45.238587248   23.133120500   11.631394811
    2.379994435   -0.349065850  -43.545623218   -5.169170174   10.406737036
    2.570393989   -0.349065850  -46.975285812  -29.948092281    9.168312521
    2.760793544   -0.349065850  -54.475870336  -47.406704869    7.584892863
    2.951193099   -0.349065850  -64.384068784  -54.971231167    5.423358390

   -3.141592654    0.000000000  -73.951013628  -57.409058630    0.977534715
   -2.951193099    0.000000000  -83.878673421  -45.750034884   -1.935450666
   -2.760793544    0.000000000  -91.031632724  -29.172819680   -4.806083806
   -2.570393989    0.000000000  -95.046631709  -13.755480490   -7.470135778
   -2.379994435    0.000000000  -96.675727314   -4.731029270   -9.910682421
   -2.189594880    0.000000000  -97.379457970   -3.986297749  -12.221542148
   -1.999195325    0.000000000  -98.572767377   -9.141941206  -14.444014935
   -1.808795770    0.000000000 -100.894554098  -14.831272656  -16.384013474
   -1.618396215    0.000000000 -103.895062396  -15.485968777  -17.556785012
   -1.427996661    0.000000000 -106.281331238   -8.234056113  -17.365108722
   -1.237597106    0.000000000 -106.595484873    5.777150701  -15.432758694
   -1.047197551    0.000000000 -103.932902366   22.086830212  -11.895504411
   -0.856797996    0.000000000  -98.383061322   35.162015574   -7.436191288
   -0.666398442    0.000000000  -91.009743400   40.642537067   -3.023463494
   -0.475998887    0.000000000  -83.491947215   36.549508539    0.488264283
   -0.285599332    0.000000000  -77.644949955   23.443357128    2.728138118
   -0.095199777    0.000000000  -74.958333480    3.927679241    3.941753482
    0.095199777    0.000000000  -76.254310726  -17.478722273    4.875584218
    0.285599332    0.000000000  -81.352194693  -34.962185410    6.425275093
    0.475998887    0.000000000  -88.918420396  -42.494173419    9.191634644
    0.666398442    0.000000000  -96.611595354  -35.940147766   13.130035312
    0.856797996    0.000000000 -101.673095764  -15.273599061   17.493182072
    1.047197551    0.000000000 -101.821784624   14.436620787   21.137497183
    1.237597106    0.000000000  -96.126491611   44.574023409   23.068374065
    1.427996661    0.000000000  -85.377067515   66.239031798   22.901470781
    1.618396215    0.000000000  -71.800006488   73.736459479   20.978097745
    1.808795770    0.000000000  -58.258053219   66.098253502   18.097820621
    1.999195325    0.000000000  -47.383638135   46.491196086   15.080326022
    2.189594880    0.000000000  -40.980455292   20.052517174   12.423502077
    2.379994435    0.000000000  -39.838386167   -7.940279970   10.204974186
    2.570393989    0.000000000  -43.806765155  -32.933926474    8.203988746
    2.760793544    0.000000000  -51.939773571  -51.137059104    6.110901791
    2.951193099    0.000000000  -62.651014668  -59.685515569    3.711236637

   -3.141592654    0.349065850  -72.483944814  -61.018758422    0.437654456
   -2.951193099    0.349065850  -83.141200232  -49.760395765   -1.256603610
   -2.760793544    0.349065850  -91.086169252  -33.436799533   -2.839121116
   -2.570393989    0.349065850  -95.926583783  -18.134118969   -4.346376726
   -2.379994435    0.349065850  -98.391709398   -9.111867211   -5.847895869
   -2.189594880    0.349065850  -99.916567209   -8.178039581   -7.386878254
   -1.999195325    0.349065850 -101.857993659  -12.702379512   -8.883433724
   -1.808795770    0.349065850 -104.738961536  -16.993195014  -10.070138752
   -1.618396215    0.349065850 -107.947133633  -15.367898276  -10.529686053
   -1.427996661    0.349065850 -110.046456245   -5.297408909   -9.872610694
   -1.237597106    0.349065850 -109.546171833   11.273328750   -7.974628355
   -1.047197551    0.349065850 -105.678241685   28.990331640   -5.125721040
   -0.856797996    0.349065850  -98.811407911   41.805511461   -1.959189392
   -0.666398442    0.349065850  -90.322219739   45.521813681    0.823420426
   -0.475998887    0.349065850  -82.105537583   38.994251594    2.770953544
   -0.285599332    0.349065850  -75.996434951   23.916428833    3.919185844
   -0.095199777    0.349065850  -73.298048719    3.869856228    4.780321777
    0.095199777    0.349065850  -74.508893056  -16.229986817    6.143052442
    0.285599332    0.349065850  -79.122906755  -30.966185960    8.700220047
    0.475998887    0.349065850  -85.629284318  -35.431270754   12.679904601
    0.666398442    0.349065850  -91.762706218  -26.929206618   17.628910222
    0.856797996    0.349065850  -95.093159132   -6.533793207   22.500324546
    1.047197551    0.349065850  -93.796640780   20.515684783   26.045075182
    1.237597106    0.349065850  -87.328088990   46.483199784   27.354002557
    1.427996661    0.349065850  -76.627556527   63.946217041   26.231873904
    1.618396215    0.349065850  -63.794544445   68.505930857   23.214223369
    1.808795770    0.349065850  -51.384334408   59.745092718   19.236491628
    1.999195325    0.349065850  -41.700566823   40.537218207   15.191737529
    2.189594880    0.349065850  -36.326324331   15.254061237   11.629033840
    2.379994435    0.349065850  -35.983994473  -11.593561468    8.695488397
    2.570393989    0.349065850  -40.574627787  -35.912968019    6.274784065
    2.760793544    0.349065850  -49.256058207  -54.007296799    4.173961365
    2.951193099    0.349065850  -60.537467892  -62.849750689    2.248270436

   -3.141592654    0.698131701  -71.016706523  -62.481868382   -0.227580573
   -2.951193099    0.698131701  -81.962498444  -51.332003539   -0.371445943
   -2.760793544    0.698131701  -90.229242336  -35.237010926   -0.361731349
   -2.570393989    0.698131701  -95.436738831  -20.174907191   -0.429675666
   -2.379994435    0.698131701  -98.306807048  -11.297541021   -0.731342993
   -2.189594880    0.698131701 -100.247213585  -10.308843049   -1.290412851
   -1.999195325    0.698131701 -102.565411778  -14.463044697   -1.988194862
   -1.808795770    0.698131701 -105.714124481  -17.972028402   -2.605833503
   -1.618396215    0.698131701 -109.003743705  -15.194859438   -2.904323091
   -1.427996661    0.698131701 -110.948775176   -3.860571582   -2.724574333
   -1.237597106    0.698131701 -110.076049267   13.652085889   -2.064314870
   -1.047197551    0.698131701 -105.718783903   31.605063092   -1.088347907
   -0.856797996    0.698131701  -98.396465620   43.855787308   -0.035365615
   -0.666398442    0.698131701  -89.613700418   46.524223126    0.933311381
   -0.475998887    0.698131701  -81.297960364   39.132734715    1.855634328
   -0.285599332    0.698131701  -75.177313696   24.094308997    3.027002268
   -0.095199777    0.698131701  -72.333743052    5.457422688    4.897932926
    0.095199777    0.698131701  -73.003434684  -11.964124439    7.900478279
    0.285599332    0.698131701  -76.499243926  -23.490481307   12.186979159
    0.475998887    0.698131701  -81.319390100  -25.421782013   17.438888754
    0.666398442    0.698131701  -85.448068177  -16.278799988   22.829725098
    0.856797996    0.698131701  -86.888875387    2.232152347   27.232749124
    1.047197551    0.698131701  -84.282371210   25.229343470   29.605356586
    1.237597106    0.698131701  -77.388799175   46.211073782   29.412902361
    1.427996661    0.698131701  -67.178217227   59.294948688   26.820441843
    1.618396215    0.698131701  -55.517249898   61.187088307   22.580596628
    1.808795770    0.698131701  -44.594350096   51.747704878   17.675762657
    1.999195325    0.698131701  -36.371902702   33.371694337   12.940143409
    2.189594880    0.698131701  -32.219816497    9.632100175    8.862910730
    2.379994435    0.698131701  -32.794311849  -15.640763572    5.602106174
    2.570393989    0.698131701  -38.031026510  -38.722606870    3.134508696
    2.760793544    0.698131701  -47.163960042  -56.012060492    1.391969043
    2.951193099    0.698131701  -58.781953645  -64.431868687    0.304989540

   -3.141592654    1.047197551  -72.310291989  -62.402409026   -5.201398908
   -2.951193099    1.047197551  -83.165259553  -50.509857222   -4.229779560
   -2.760793544    1.047197551  -91.242955769  -34.138518382   -2.901495373
   -2.570393989    1.047197551  -96.249818926  -19.218061799   -1.594386606
   -2.379994435    1.047197551  -98.971315730  -10.712262436   -0.566168105
   -2.189594880    1.047197551 -100.838150516  -10.103823490    0.096539858
   -1.999195325    1.047197551 -103.142880194  -14.492788713    0.434286359
   -1.808795770    1.047197551 -106.304769167  -18.055194717    0.520864464
   -1.618396215    1.047197551 -109.606029715  -15.230056834    0.400202391
   -1.427996661    1.047197551 -111.554290224   -3.877469625    0.086857288
   -1.237597106    1.047197551 -110.691439408   13.534438256   -0.377117073
   -1.047197551    1.047197551 -106.372164796   31.310644127   -0.868253087
   -0.856797996    1.047197551  -99.114884718   43.506570557   -1.154456669
   -0.666398442    1.047197551  -90.373601684   46.529012081   -0.926245176
   -0.475998887    1.047197551  -81.970065095   40.189074795    0.134359568
   -0.285599332    1.047197551  -75.484017572   26.999637972    2.303053127
   -0.095199777    1.047197551  -71.858885168   10.832019250    5.724186760
    0.095199777    1.047197551  -71.258799603   -4.050738655   10.346194099
    0.285599332    1.047197551  -73.057263695  -13.771751130   15.807592567
    0.475998887    1.047197551  -75.972064033  -15.443843621   21.402760558
    0.666398442    1.047197551  -78.335062343   -8.050229802   26.164483205
    0.856797996    1.047197551  -78.525786607    6.878211686   29.124140027
    1.047197551    1.047197551  -75.461422829   25.332189304   29.627765226
    1.237597106    1.047197551  -68.970626610   42.018799373   27.604962589
    1.427996661    1.047197551  -59.870316591   52.099853615   23.566561505
    1.618396215    1.047197551  -49.728840018   52.706220836   18.380993406
    1.808795770    1.047197551  -40.420612971   43.461360501   12.929055282
    1.999195325    1.047197551  -33.683868663   26.134558385    7.838826374
    2.189594880    1.047197551  -30.785811437    3.700998623    3.431441416
    2.379994435    1.047197551  -32.367996514  -20.311834002   -0.177320282
    2.570393989    1.047197551  -38.379830953  -42.193723101   -2.917263205
    2.760793544    1.047197551  -48.058748403  -58.263079770   -4.693465081
    2.951193099    1.047197551  -59.988161343  -65.447229351   -5.435300346

   -3.141592654    1.396263402  -77.346670705  -61.181034594  -10.706858172
   -2.951193099    1.396263402  -87.774576656  -47.356461686   -9.183425407
   -2.760793544    1.396263402  -95.136002551  -29.917618543   -7.201315435
   -2.570393989    1.396263402  -99.312747136  -14.857445605   -5.178074887
   -2.379994435    1.396263402 -101.248019931   -6.904224627   -3.365621921
   -2.189594880    1.396263402 -102.474564894   -7.225073808   -1.821711274
   -1.999195325    1.396263402 -104.333885856  -12.712462239   -0.511638858
   -1.808795770    1.396263402 -107.270080221  -17.486465193    0.553634377
   -1.618396215    1.396263402 -110.585641588  -15.962486915    1.269614959
   -1.427996661    1.396263402 -112.792594375   -5.834440809    1.516963413
   -1.237597106    1.396263402 -112.385880801   10.794430456    1.312027753
   -1.047197551    1.396263402 -108.595265613   28.659560957    0.895468574
   -0.856797996    1.396263402 -101.743383106   42.087585694    0.705605207
   -0.666398442    1.396263402  -93.067011046   47.412546395    1.230574685
   -0.475998887    1.396263402  -84.217171866   44.066009563    2.833529485
   -0.285599332    1.396263402  -76.695311752   33.959660428    5.653951753
   -0.095199777    1.396263402  -71.490049036   20.329408842    9.552136240
    0.095199777    1.396263402  -68.928264061    6.814498550   14.126223835
    0.285599332    1.396263402  -68.655363679   -3.184575178   18.717953134
    0.475998887    1.396263402  -69.727432670   -6.979968602   22.508434801
    0.666398442    1.396263402  -70.811655681   -3.286083866   24.696200205
    0.856797996    1.396263402  -70.520467874    7.122147245   24.762239379
    1.047197551    1.396263402  -67.828851404   21.305714551   22.651528554
    1.237597106    1.396263402  -62.424331974   34.876350582   18.822882950
    1.427996661    1.396263402  -54.855994357   43.401129838   14.034585870
    1.618396215    1.396263402  -46.408626655   43.782476254    9.048959629
    1.808795770    1.396263402  -38.756619675   35.044447232    4.376618107
    1.999195325    1.396263402  -33.558169214   18.386491025    0.207872583
    2.189594880    1.396263402  -32.077831615   -3.452476848   -3.462517540
    2.379994435    1.396263402  -34.960805005  -26.776806877   -6.637150433
    2.570393989    1.396263402  -42.105733780  -47.525058593   -9.176080658
    2.760793544    1.396263402  -52.640431502  -61.798784236  -10.818467331
    2.951193099    1.396263402  -65.027671145  -66.645670904  -11.335112151

   -3.141592654    1.745329252  -83.711070840  -59.494539436  -16.677381531
   -2.951193099    1.745329252  -93.632766208  -43.854702636  -15.218535936
   -2.760793544    1.745329252 -100.222101008  -25.459666575  -13.028694883
   -2.570393989    1.745329252 -103.526099887  -10.266329869  -10.478485316
   -2.379994435    1.745329252 -104.618800339   -2.709785421   -7.809642093
   -2.189594880    1.745329252 -105.105193706   -3.672516747   -5.106436672
   -1.999195325    1.745329252 -106.360604972   -9.950506723   -2.404912838
   -1.808795770    1.745329252 -108.860748915  -15.708989562    0.166617465
   -1.618396215    1.745329252 -111.946212817  -15.349066313    2.350373977
   -1.427996661    1.745329252 -114.143176396   -6.306039734    3.875558005
   -1.237597106    1.745329252 -113.888340186    9.787214153    4.656849439
   -1.047197551    1.745329252 -110.263197651   28.103397239    4.914801654
   -0.856797996    1.745329252 -103.383845314   43.096725242    5.134625037
   -0.666398442    1.745329252  -94.297677965   50.789551047    5.860089294
   -0.475998887    1.745329252  -84.558515987   50.002925917    7.450366897
   -0.285599332    1.745329252  -75.697794399   41.939805195    9.941584473
   -0.095199777    1.745329252  -68.863413738   29.236523577   13.014274496
    0.095199777    1.745329252  -64.637272573   15.107763057   16.083727587
    0.285599332    1.745329252  -62.976044004    2.833895903   18.417950791
    0.475998887    1.745329252  -63.232242120   -4.611301589   19.333009480
    0.666398442    1.745329252  -64.270308922   -5.177257990   18.404228831
    0.856797996    1.745329252  -64.718678959    1.406067505   15.659971520
    1.047197551    1.745329252  -63.374675952   13.155291293   11.587616766
    1.237597106    1.745329252  -59.613079055   26.048097405    6.980346543
    1.427996661    1.745329252  -53.671249409   35.311809596    2.593749014
    1.618396215    1.745329252  -46.639954765   37.012777673   -1.131185368
    1.808795770    1.745329252  -40.165402156   29.353367130   -4.175226066
    1.999195325    1.745329252  -35.998727662   13.134771302   -6.819154967
    2.189594880    1.745329252  -35.517907158   -8.735033486   -9.382337777
    2.379994435    1.745329252  -39.408606707  -32.007271848  -11.976317316
    2.570393989    1.745329252  -47.496525994  -52.049495623  -14.399802755
    2.760793544    1.745329252  -58.755442911  -64.724015341  -16.232581823
    2.951193099    1.745329252  -71.492062481  -67.306795042  -17.055325014

   -3.141592654    2.094395102  -90.538590206  -58.396651618  -18.770775946
   -2.951193099    2.094395102 -100.072398910  -40.974308914  -17.457335374
   -2.760793544    2.094395102 -105.990541658  -21.401423589  -15.296316240
   -2.570393989    2.094395102 -108.456514157   -5.607200057  -12.585347484
   -2.379994435    2.094395102 -108.633445772    2.205952555   -9.519197859
   -2.189594880    2.094395102 -108.172907808    1.330397897   -6.151661669
   -1.999195325    2.094395102 -108.482141454   -5.063881643   -2.499599059
   -1.808795770    2.094395102 -110.091136395  -11.315674143    1.305840309
   -1.618396215    2.094395102 -112.422889874  -11.901317269    4.955303553
   -1.427996661    2.094395102 -114.074364778   -4.038568467    8.055232190
   -1.237597106    2.094395102 -113.483159405   11.126877413   10.327351546
   -1.047197551    2.094395102 -109.634126937   29.257341492   11.764854078
   -0.856797996    2.094395102 -102.478077950   44.986112523   12.642002578
   -0.666398442    2.094395102  -92.907331878   54.041613417   13.351001882
   -0.475998887    2.094395102  -82.412785273   54.620782764   14.176066121
   -0.285599332    2.094395102  -72.593230518   47.218397357   15.135819525
   -0.095199777    2.094395102  -64.785351865   33.951784745   15.937783222
    0.095199777    2.094395102  -59.827418106   17.844152178   16.075773799
    0.285599332    2.094395102  -57.930322325    2.418492453   15.000014393
    0.475998887    2.094395102  -58.612532330   -8.681506321   12.363031524
    0.666398442    2.094395102  -60.745285706  -12.430123948    8.228720718
    0.856797996    2.094395102  -62.773037087   -7.638478638    3.161466416
    1.047197551    2.094395102  -63.173998621    4.191938632   -1.940447717
    1.237597106    2.094395102  -60.978589748   18.764381821   -6.174357790
    1.427996661    2.094395102  -56.196842180   30.435913837   -9.024647912
    1.618396215    2.094395102  -49.883830134   34.210047086  -10.544009672
    1.808795770    2.094395102  -43.827880938   27.555173554  -11.261616830
    1.999195325    2.094395102  -40.005178301   11.153146538  -11.876749587
    2.189594880    2.094395102  -39.982017452  -11.611183691  -12.921390304
    2.379994435    2.094395102  -44.507133493  -35.710596186  -14.535573913
    2.570393989    2.094395102  -53.323096323  -55.820305838  -16.442540267
    2.760793544    2.094395102  -65.224365231  -67.518093056  -18.107553768
    2.951193099    2.094395102  -78.330688027  -68.292655529  -18.988686042

   -3.141592654    2.443460953  -96.851919388  -57.877608501  -12.654467663
   -2.951193099    2.443460953 -106.136769366  -38.936389193  -11.024117567
   -2.760793544    2.443460953 -111.543603085  -18.129368953   -8.785449444
   -2.570393989    2.443460953 -113.288809528   -1.340017576   -6.196921131
   -2.379994435    2.443460953 -112.563029827    7.420268121   -3.393107440
   -2.189594880    2.443460953 -111.014841914    7.537442742   -0.329234113
   -1.999195325    2.443460953 -110.053811440    2.024973596    3.116945407
   -1.808795770    2.443460953 -110.262337619   -3.803603506    6.957788667
   -1.618396215    2.443460953 -111.181101155   -4.714261399   10.958370032
   -1.427996661    2.443460953 -111.555354946    2.076678116   14.665570580
   -1.237597106    2.443460953 -109.937087656   15.763023874   17.593507546
   -1.047197551    2.443460953 -105.343321431   32.489068380   19.441371923
   -0.856797996    2.443460953  -97.672818080   47.233352922   20.202650597
   -0.666398442    2.443460953  -87.732211728   55.722551431   20.090477936
   -0.475998887    2.443460953  -76.960076615   55.825689721   19.349233089
   -0.285599332    2.443460953  -66.983400592   47.556488564   18.070198431
   -0.095199777    2.443460953  -59.253493371   32.642844788   16.112767354
    0.095199777    2.443460953  -54.771169817   14.021711287   13.184302759
    0.285599332    2.443460953  -53.886261089   -4.425956695    9.034396792
    0.475998887    2.443460953  -56.145625461  -18.279331180    3.706867438
    0.666398442    2.443460953  -60.277886735  -23.544519596   -2.302656850
    0.856797996    2.443460953  -64.416215897  -18.338336663   -8.092269712
    1.047197551    2.443460953  -66.656542019   -4.134922767  -12.655729534
    1.237597106    2.443460953  -65.718838602   13.985044657  -15.290175367
    1.427996661    2.443460953  -61.504405776   29.144380596  -15.908501907
    1.618396215    2.443460953  -55.191880565   35.241980259  -15.044332001
    1.808795770    2.443460953  -48.851219629   29.245568649  -13.577116886
    1.999195325    2.443460953  -44.764681625   12.051892158  -12.341107572
    2.189594880    2.443460953  -44.711227319  -12.231316495  -11.831953787
    2.379994435    2.443460953  -49.496250574  -37.728307896  -12.093095452
    2.570393989    2.443460953  -58.772142275  -58.466919519  -12.792134579
    2.760793544    2.443460953  -71.157663000  -69.786366321  -13.408326711
    2.951193099    2.443460953  -84.591185912  -69.356985787  -13.453467753

   -3.141592654    2.792526803  -99.963296942  -56.413825578    1.008115945
   -2.951193099    2.792526803 -108.868602988  -36.470330013    3.097006693
   -2.760793544    2.792526803 -113.729997056  -14.924068287    5.068914474
   -2.570393989    2.792526803 -114.813369766    2.380876409    6.840022996
   -2.379994435    2.792526803 -113.331765549   11.656514103    8.555359008
   -2.189594880    2.792526803 -110.910889087   12.508846860   10.555163535
   -1.999195325    2.792526803 -108.913973359    7.953107763   13.188212728
   -1.808795770    2.792526803 -107.904907209    3.008802223   16.568115825
   -1.618396215    2.792526803 -107.479788997    2.464568135   20.415312758
   -1.427996661    2.792526803 -106.518555725    8.766492415   24.102934052
   -1.237597106    2.792526803 -103.744146637   21.084392825   26.893006671
   -1.047197551    2.792526803  -98.318355835   35.843906060   28.228894192
   -0.856797996    2.792526803  -90.214622102   48.421585613   27.921469826
   -0.666398442    2.792526803  -80.248959491   54.813179679   26.127515309
   -0.475998887    2.792526803  -69.841573259   52.905216539   23.182922799
   -0.285599332    2.792526803  -60.616618691   42.555465841   19.384310182
   -0.095199777    2.792526803  -54.052108775   25.375494374   14.876212685
    0.095199777    2.792526803  -51.175893771    4.438143880    9.679225186
    0.285599332    2.792526803  -52.306291593  -15.882979955    3.851433806
    0.475998887    2.792526803  -56.839431940  -30.451132500   -2.316803385
    0.666398442    2.792526803  -63.220040327  -34.657676440   -8.210761235
    0.856797996    2.792526803  -69.223137049  -26.520252434  -13.002971592
    1.047197551    2.792526803  -72.636483551   -8.140138462  -15.950256090
    1.237597106    2.792526803  -72.048960785   14.227503547  -16.735207921
    1.427996661    2.792526803  -67.466161252   32.515036509  -15.625197965
    1.618396215    2.792526803  -60.354485926   39.959661882  -13.343595944
    1.808795770    2.792526803  -53.127660597   33.605700733  -10.733925694
    1.999195325    2.792526803  -48.337694311   14.979488976   -8.418579835
    2.189594880    2.792526803  -47.891065183  -11.002308977   -6.638758513
    2.379994435    2.792526803  -52.577394167  -37.811007991   -5.285393362
    2.570393989    2.792526803  -61.936333632  -59.118315410   -4.065531246
    2.760793544    2.792526803  -74.436243414  -70.216158065   -2.684131147
    2.951193099    2.792526803  -87.879802311  -68.969441747   -0.982324252
