#! FIELDS phi psi file.free der_phi der_psi
#! SET min_phi -pi
#! SET max_phi pi
#! SET nbins_phi  33
#! SET periodic_phi true
#! SET min_psi -pi
#! SET max_psi pi
#! SET nbins_psi  18
#! SET periodic_psi true
   -3.141592654   -3.141592654  -70.696961251  -54.719528575   14.047575477
   -2.951193099   -3.141592654  -79.532594470  -37.218327870   16.828892659
   -2.760793544   -3.141592654  -84.650374165  -16.568598058   18.857413926
   -2.570393989   -3.141592654  -86.004789273    1.442968224   20.115455406
   -2.379994435   -3.141592654  -84.543887025   12.542450360   20.901302656
   -2.189594880   -3.141592654  -81.742904390   15.649240245   21.716393991
   -1.999195325   -3.141592654  -78.944602152   13.155219928   23.010562786
   -1.808795770   -3.141592654  -76.801907631    9.579714119   24.906340910
   -1.618396215   -3.141592654  -75.083395548    9.288082873   27.067430934
   -1.427996661   -3.141592654  -72.912428156   14.421162062   28.800928197
   -1.237597106   -3.141592654  -69.298045666   24.040262796   29.361737396
   -1.047197551   -3.141592654  -63.679632352   34.767326277   28.281727143
   -0.856797996   -3.141592654  -56.232806913   42.569672668   25.558756965
   -0.666398442   -3.141592654  -47.831989829   44.357934081   21.595690603
   -0.475998887   -3.141592654  -39.771163135   38.995675013   16.974007709
   -0.285599332   -3.141592654  -33.380503625   27.065709613   12.164953274
   -0.095199777   -3.141592654  -29.748401233   10.439289227    7.381399100
    0.095199777   -3.141592654  -29.511029920   -8.037315978    2.599045514
    0.285599332   -3.141592654  -32.671173271  -24.525452538   -2.244510440
    0.475998887   -3.141592654  -38.425911796  -34.552249124   -7.019317677
    0.666398442   -3.141592654  -45.152830020  -34.245144265  -11.281181024
    0.856797996   -3.141592654  -50.711656599  -22.445021774  -14.377251907
    1.047197551   -3.141592654  -53.130114934   -2.063773046  -15.729452371
    1.237597106   -3.141592654  -51.362443610   20.248969597  -15.160268244
    1.427996661   -3.141592654  -45.781818674   36.813017346  -13.006892195
    1.618396215   -3.141592654  -38.065647774   42.099604759   -9.962041822
    1.808795770   -3.141592654  -30.566211917   34.644010530   -6.737898700
    1.999195325   -3.141592654  -25.533700250   16.835771431   -3.760867393
    2.189594880   -3.141592654  -24.521318201   -6.728026845   -1.080095101
    2.379994435   -3.141592654  -28.132838578  -30.886917301    1.525572305
    2.570393989   -3.141592654  -36.016895883  -50.863619823    4.325251721
    2.760793544   -3.141592654  -46.987154935  -62.756495648    7.448347957
    2.951193099   -3.141592654  -59.237001493  -64.097139054   10.791099738

   -3.141592654   -2.792526803  -64.174203719  -48.957569172   21.402061372
   -2.951193099   -2.792526803  -72.080129258  -33.310939358   24.309709275
   -2.760793544   -2.792526803  -76.650839626  -14.711799621   26.008065133
   -2.570393989   -2.792526803  -77.813631238    1.732782972   26.623712254
   -2.379994435   -2.792526803  -76.367952166   12.290956127   26.619791320
   -2.189594880   -2.792526803  -73.573360121   16.006444549   26.603107013
   -1.999195325   -2.792526803  -70.585493959   14.847902379   27.039156328
   -1.808795770   -2.792526803  -67.994581427   12.497825541   28.003696509
   -1.618396215   -2.792526803  -65.676883861   12.438510292   29.112233156
   -1.427996661   -2.792526803  -63.001404832   16.316973735   29.671909576
   -1.237597106   -2.792526803  -59.257631618   23.332083272   28.997039011
   -1.047197551   -2.792526803  -54.081410470   30.813711476   26.713193781
   -0.856797996   -2.792526803  -47.682912992   35.635023366   22.906121797
   -0.666398442   -2.792526803  -40.814982775   35.398913897   18.036438724
   -0.475998887   -2.792526803  -34.561930426   29.153775072   12.716418454
   -0.285599332   -2.792526803  -30.056310980   17.229143331    7.434718756
   -0.095199777   -2.792526803  -28.259136024    1.047333057    2.435196842
    0.095199777   -2.792526803  -29.755539880  -16.834134048   -2.257402583
    0.285599332   -2.792526803  -34.521662346  -32.540620913   -6.649915873
    0.475998887   -2.792526803  -41.692686570  -41.293198711  -10.596890164
    0.666398442   -2.792526803  -49.521866329  -38.935544187  -13.725614202
    0.856797996   -2.792526803  -55.718734868  -24.342079566  -15.562414088
    1.047197551   -2.792526803  -58.208990985   -0.922586613  -15.766563222
    1.237597106   -2.792526803  -55.967693420   23.958230813  -14.362889159
    1.427996661   -2.792526803  -49.516308352   42.063173386  -11.757425473
    1.618396215   -2.792526803  -40.742971616   47.794628933   -8.547520159
    1.808795770   -2.792526803  -32.176111529   40.101330544   -5.232718262
    1.999195325   -2.792526803  -26.136468579   21.995108196   -2.006352040
    2.189594880   -2.792526803  -24.140116696   -1.463317888    1.245633053
    2.379994435   -2.792526803  -26.698824229  -25.030641374    4.781130191
    2.570393989   -2.792526803  -33.391849747  -44.218652881    8.769767687
    2.760793544   -2.792526803  -43.040077890  -55.613112038   13.132941777
    2.951193099   -2.792526803  -53.937061137  -57.188620297   17.515054428

   -3.141592654   -2.443460953  -56.516512251  -42.895518186   20.818498570
   -2.951193099   -2.443460953  -63.464639062  -29.378434931   23.089280637
   -2.760793544   -2.443460953  -67.496014122  -12.935098221   24.199363666
   -2.570393989   -2.443460953  -68.482439908    1.950831621   24.351336751
   -2.379994435   -2.443460953  -67.066701391   11.935607745   23.971699649
   -2.189594880   -2.443460953  -64.316729691   16.021911989   23.528090309
   -1.999195325   -2.443460953  -61.250015733   15.670674723   23.321226174
   -1.808795770   -2.443460953  -58.446224546   13.788623398   23.333461457
   -1.618396215   -2.443460953  -55.915855393   13.172925002   23.221279727
   -1.427996661   -2.443460953  -53.255268334   15.230367416   22.463814691
   -1.237597106   -2.443460953  -49.972179892   19.488250265   20.614318632
   -1.047197551   -2.443460953  -45.813034266   24.031540865   17.519816091
   -0.856797996   -2.443460953  -40.942292614   26.541383561   13.398682205
   -0.666398442   -2.443460953  -35.937253328   25.154526942    8.729817893
   -0.475998887   -2.443460953  -31.648638327   18.952301535    4.049915917
   -0.285599332   -2.443460953  -29.011400193    7.916499207   -0.273519924
   -0.095199777   -2.443460953  -28.873128561   -7.040104812   -4.113390455
    0.095199777   -2.443460953  -31.792812352  -23.704618040   -7.529668219
    0.285599332   -2.443460953  -37.757149848  -38.243264006  -10.589716808
    0.475998887   -2.443460953  -45.892167147  -45.650006831  -13.216010087
    0.666398442   -2.443460953  -54.391069244  -41.523747274  -15.138182422
    0.856797996   -2.443460953  -60.877076266  -24.716072518  -16.009911309
    1.047197551   -2.443460953  -63.216737678    1.020751377  -15.592688424
    1.237597106   -2.443460953  -60.413008936   27.826127140  -13.931917798
    1.427996661   -2.443460953  -53.102018117   47.087373412  -11.349961774
    1.618396215   -2.443460953  -43.323741172   53.221032019   -8.294042167
    1.808795770   -2.443460953  -33.719721354   45.546717363   -5.112007763
    1.999195325   -2.443460953  -26.635465109   27.572447604   -1.906623792
    2.189594880   -2.443460953  -23.532049695    4.659728390    1.442068539
    2.379994435   -2.443460953  -24.842181164  -18.010889584    5.121064201
    2.570393989   -2.443460953  -30.111830999  -36.342534468    9.184336719
    2.760793544   -2.443460953  -38.217507969  -47.424328652   13.441366286
    2.951193099   -2.443460953  -47.595203214  -49.592668124   17.479386645

   -3.141592654   -2.094395102  -50.280731434  -38.467915044   14.757839000
   -2.951193099   -2.094395102  -56.552066787  -26.725441952   16.039806195
   -2.760793544   -2.094395102  -60.244985820  -11.998493528   16.554131454
   -2.570393989   -2.094395102  -61.186869212    1.566276548   16.491421994
   -2.379994435   -2.094395102  -59.927527227   10.768973603   16.088161967
   -2.189594880   -2.094395102  -57.436633640   14.524163927   15.519916611
   -1.999195325   -2.094395102  -54.671237424   13.995224215   14.831288253
   -1.808795770   -2.094395102  -52.218589469   11.708772499   13.914086934
   -1.618396215   -2.094395102  -50.161386191   10.191071052   12.556336316
   -1.427996661   -2.094395102  -48.194904163   10.863321645   10.547991841
   -1.237597106   -2.094395102  -45.892764884   13.574043735    7.809217795
   -1.047197551   -2.094395102  -42.985708845   16.903811389    4.472783699
   -0.856797996   -2.094395102  -39.531860356   18.939424199    0.861688734
   -0.666398442   -2.094395102  -35.950129133   17.956915495   -2.635594230
   -0.475998887   -2.094395102  -32.939696031   12.806087318   -5.707451124
   -0.285599332   -2.094395102  -31.352898510    3.036594514   -8.241222370
   -0.095199777   -2.094395102  -32.038235400  -10.864712863  -10.313070969
    0.095199777   -2.094395102  -35.616516368  -26.851259416  -12.101849333
    0.285599332   -2.094395102  -42.137102871  -40.945442412  -13.735593876
    0.475998887   -2.094395102  -50.738549989  -47.785766840  -15.182701701
    0.666398442   -2.094395102  -59.557458731  -42.657551967  -16.229565613
    0.856797996   -2.094395102  -66.123586453  -24.343205019  -16.579672539
    1.047197551   -2.094395102  -68.227463851    3.132717112  -15.990948002
    1.237597106   -2.094395102  -64.868247578   31.482540393  -14.428054448
    1.427996661   -2.094395102  -56.754890408   51.751390713  -12.072005520
    1.618396215   -2.094395102  -46.038777858   58.319309773   -9.236302215
    1.808795770   -2.094395102  -35.450533928   50.758301294   -6.204989230
    1.999195325   -2.094395102  -27.361677157   32.939672524   -3.118219803
    2.189594880   -2.094395102  -23.201445078   10.434710685    0.030776683
    2.379994435   -2.094395102  -23.356987588  -11.656575823    3.293718711
    2.570393989   -2.094395102  -27.370057644  -29.560997175    6.630739318
    2.760793544   -2.094395102  -34.181928685  -40.734998929    9.849122378
    2.951193099   -2.094395102  -42.350828064  -43.712292599   12.648608489

   -3.141592654   -1.745329252  -46.799793829  -36.809655433    7.301668101
   -2.951193099   -1.745329252  -52.866554285  -26.199874390    7.380643034
   -2.760793544   -1.745329252  -56.542823931  -12.298013339    7.086986854
   -2.570393989   -1.745329252  -57.592867171    0.773092135    6.597351197
   -2.379994435   -1.745329252  -56.516933416    9.644088692    5.975986917
   -2.189594880   -1.745329252  -54.277320039   12.973535496    5.141521467
   -1.999195325   -1.745329252  -51.871820152   11.697511616    3.927069281
   -1.808795770   -1.745329252  -49.960037633    8.262640426    2.184558618
   -1.618396215   -1.745329252  -48.691326480    5.338262967   -0.116673976
   -1.427996661   -1.745329252  -47.777923779    4.713936513   -2.845522221
   -1.237597106   -1.745329252  -46.728865008    6.700349822   -5.731350095
   -1.047197551   -1.745329252  -45.129128541   10.222615609   -8.435167989
   -0.856797996   -1.745329252  -42.853262332   13.392781548  -10.654344731
   -0.666398442   -1.745329252  -40.165953425   14.179894084  -12.216587545
   -0.475998887   -1.745329252  -37.694278141   10.894523218  -13.116536120
   -0.285599332   -1.745329252  -36.323596411    2.584641750  -13.517330632
   -0.095199777   -1.745329252  -37.011079247  -10.556373223  -13.671049841
    0.095199777   -1.745329252  -40.513444398  -26.454048948  -13.834051868
    0.285599332   -1.745329252  -46.984819621  -40.855087531  -14.158629925
    0.475998887   -1.745329252  -55.602099907  -48.001984812  -14.633864096
    0.666398442   -1.745329252  -64.465756911  -42.832966914  -15.081364318
    0.856797996   -1.745329252  -71.020271558  -23.949763406  -15.224700623
    1.047197551   -1.745329252  -72.958248487    4.532528691  -14.789186957
    1.237597106   -1.745329252  -69.219404256   34.065961824  -13.628056926
    1.427996661   -1.745329252  -60.509794539   55.373148072  -11.767399201
    1.618396215   -1.745329252  -49.030649234   62.641637170   -9.390274852
    1.808795770   -1.745329252  -37.580207824   55.438779717   -6.737249457
    1.999195325   -1.745329252  -28.582426921   37.778958386   -4.010444765
    2.189594880   -1.745329252  -23.491646450   15.356160568   -1.333923168
    2.379994435   -1.745329252  -22.708865130   -6.753467717    1.207182446
    2.570393989   -1.745329252  -25.808480354  -24.930981158    3.497503556
    2.760793544   -1.745329252  -31.795150743  -36.775744553    5.369560543
    2.951193099   -1.745329252  -39.305750107  -40.810096996    6.658241263

   -3.141592654   -1.396263402  -47.085063251  -38.562123636    4.399929399
   -2.951193099   -1.396263402  -53.499700693  -28.001779981    3.814102530
   -2.760793544   -1.396263402  -57.479331277  -13.632392204    2.919249309
   -2.570393989   -1.396263402  -58.725555413    0.016574512    1.873379895
   -2.379994435   -1.396263402  -57.766903959    9.065660784    0.684005828
   -2.189594880   -1.396263402  -55.677946205   11.838649277   -0.806741155
   -1.999195325   -1.396263402  -53.599389550    9.304082155   -2.816079372
   -1.808795770   -1.396263402  -52.291264780    4.313025461   -5.458649484
   -1.618396215   -1.396263402  -51.903693423    0.135774082   -8.616542602
   -1.427996661   -1.396263402  -52.036479359   -0.897816931  -11.920733753
   -1.237597106   -1.396263402  -52.008595121    1.774722619  -14.861210144
   -1.047197551   -1.396263402  -51.203268489    6.938618238  -16.963231144
   -0.856797996   -1.396263402  -49.352926719   12.238757728  -17.958258117
   -0.666398442   -1.396263402  -46.684865758   15.068376407  -17.862693406
   -0.475998887   -1.396263402  -43.892386753   13.240624846  -16.939008760
   -0.285599332   -1.396263402  -42.001974195    5.551155200  -15.592161989
   -0.095199777   -1.396263402  -42.133853455   -7.815636174  -14.220569232
    0.095199777   -1.396263402  -45.188686553  -24.573470521  -13.123334603
    0.285599332   -1.396263402  -51.410590309  -40.129994736  -12.424340469
    0.475998887   -1.396263402  -59.994977442  -48.329669300  -12.070945580
    0.666398442   -1.396263402  -68.985425481  -43.732072128  -11.872336286
    0.856797996   -1.396263402  -75.707927511  -24.688811343  -11.580050001
    1.047197551   -1.396263402  -77.710262254    4.694525183  -10.968706742
    1.237597106   -1.396263402  -73.812193845   35.614116501   -9.920822971
    1.427996661   -1.396263402  -64.667588074   58.350813193   -8.441466159
    1.618396215   -1.396263402  -52.511614274   66.676270326   -6.640172970
    1.808795770   -1.396263402  -40.239749026   59.918332329   -4.663469140
    1.999195325   -1.396263402  -30.395835406   42.088929678   -2.637957976
    2.189594880   -1.396263402  -24.539916460   19.010758028   -0.654815713
    2.379994435   -1.396263402  -23.151906178   -4.102126172    1.195184256
    2.570393989   -1.396263402  -25.861599707  -23.518731312    2.779001225
    2.760793544   -1.396263402  -31.705556655  -36.685614359    3.921774350
    2.951193099   -1.396263402  -39.314108661  -41.873817425    4.473509017

   -3.141592654   -1.047197551  -48.648767106  -41.666442059    3.736347112
   -2.951193099   -1.047197551  -55.662137706  -31.090810739    2.426162121
   -2.760793544   -1.047197551  -60.187400675  -16.230228627    0.744348286
   -2.570393989   -1.047197551  -61.872615441   -2.033290266   -1.104752799
   -2.379994435   -1.047197551  -61.284135675    7.119017752   -3.072426484
   -2.189594880   -1.047197551  -59.612820622    9.278666949   -5.296965524
   -1.999195325   -1.047197551  -58.127325444    5.580938393   -7.984627623
   -1.808795770   -1.047197551  -57.642232529   -0.542834529  -11.201095971
   -1.618396215   -1.047197551  -58.233077980   -5.106890776  -14.707025176
   -1.427996661   -1.047197551  -59.306153898   -5.314347432  -17.960207731
   -1.237597106   -1.047197551  -59.944467468   -0.638755209  -20.306706806
   -1.047197551   -1.047197551  -59.351693838    7.165988816  -21.252566322
   -0.856797996   -1.047197551  -57.211593390   14.968207485  -20.676706733
   -0.666398442   -1.047197551  -53.844947558   19.499992264  -18.867152357
   -0.475998887   -1.047197551  -50.134124592   18.252720884  -16.379983083
   -0.285599332   -1.047197551  -47.319642736   10.092504245  -13.822221604
   -0.095199777   -1.047197551  -46.692843959   -4.479615308  -11.634696131
    0.095199777   -1.047197551  -49.252829963  -22.722783210   -9.997952556
    0.285599332   -1.047197551  -55.254826789  -39.613603249   -8.827133758
    0.475998887   -1.047197551  -63.831076881  -48.659797625   -7.884141178
    0.666398442   -1.047197551  -72.911626863  -44.239081859   -6.923033661
    0.856797996   -1.047197551  -79.693210840  -24.714907753   -5.815262471
    1.047197551   -1.047197551  -81.614913767    5.602308845   -4.582033590
    1.237597106   -1.047197551  -77.440665349   37.590404479   -3.342127656
    1.427996661   -1.047197551  -67.830581813   61.199336866   -2.202195539
    1.618396215   -1.047197551  -55.080298574   69.985065608   -1.187035033
    1.808795770   -1.047197551  -42.172836469   63.205138342   -0.233059676
    1.999195325   -1.047197551  -31.739357963   44.930023285    0.755062921
    2.189594880   -1.047197551  -25.411260182   21.078212698    1.828368218
    2.379994435   -1.047197551  -23.723718056   -3.060911094    2.932874287
    2.570393989   -1.047197551  -26.348361289  -23.689999173    3.897784927
    2.760793544   -1.047197551  -32.345998282  -38.118742950    4.477379281
    2.951193099   -1.047197551  -40.334783891  -44.377940964    4.452531753

   -3.141592654   -0.698131701  -48.767238074  -44.774458391    2.053439945
   -2.951193099   -0.698131701  -56.438005609  -34.812142376   -0.030896950
   -2.760793544   -0.698131701  -61.695938630  -20.144182033   -2.510166917
   -2.570393989   -0.698131701  -64.125521839   -5.933221013   -5.131048393
   -2.379994435   -0.698131701  -64.287120476    3.089097679   -7.786219898
   -2.189594880   -0.698131701  -63.424755660    4.749030217  -10.559497002
   -1.999195325   -0.698131701  -62.870965600    0.319437888  -13.596605874
   -1.808795770   -0.698131701  -63.440115344   -6.252720285  -16.870484311
   -1.618396215   -0.698131701  -65.092889519  -10.353443285  -20.016862688
   -1.427996661   -0.698131701  -67.021974412   -8.845256889  -22.386152539
   -1.237597106   -0.698131701  -68.082124142   -1.407094047  -23.316119138
   -1.047197551   -0.698131701  -67.338790397    9.499533033  -22.460887889
   -0.856797996   -0.698131701  -64.496288139   19.854794722  -19.984678221
   -0.666398442   -0.698131701  -60.049713277   25.721532209  -16.500184765
   -0.475998887   -0.698131701  -55.140320217   24.389008569  -12.808707796
   -0.285599332   -0.698131701  -51.259272736   15.013471075   -9.584653201
   -0.095199777   -0.698131701  -49.858759095   -1.311728027   -7.136206861
    0.095199777   -0.698131701  -51.975819520  -21.165645268   -5.358130634
    0.285599332   -0.698131701  -57.785571322  -39.017126922   -3.843347883
    0.475998887   -0.698131701  -66.272638976  -48.187536459   -2.143912519
    0.666398442   -0.698131701  -75.218967632  -43.232834843   -0.038738002
    0.856797996   -0.698131701  -81.733757305  -22.931812848    2.317425212
    1.047197551   -0.698131701  -83.252794653    7.973957455    4.470419622
    1.237597106   -0.698131701  -78.602396816   40.135415332    5.928209873
    1.427996661   -0.698131701  -68.522133562   63.536758525    6.448884787
    1.618396215   -0.698131701  -55.362251391   71.935888539    6.161503153
    1.808795770   -0.698131701  -42.119829112   64.786182788    5.465738293
    1.999195325   -0.698131701  -31.413117918   46.232053064    4.801894913
    2.189594880   -0.698131701  -24.860957468   22.120117350    4.441688589
    2.379994435   -0.698131701  -23.009590731   -2.417137656    4.394968367
    2.570393989   -0.698131701  -25.571204639  -23.724299712    4.443824107
    2.760793544   -0.698131701  -31.664064493  -39.126036107    4.250207407
    2.951193099   -0.698131701  -39.950479781  -46.501661790    3.504647885

   -3.141592654   -0.349065850  -48.377943226  -48.535283004    0.698567769
   -2.951193099   -0.349065850  -56.861922221  -39.499912611   -1.568423905
   -2.760793544   -0.349065850  -63.059545862  -25.227329154   -4.179241774
   -2.570393989   -0.349065850  -66.458013918  -10.977339061   -6.915773643
   -2.379994435   -0.349065850  -67.564636690   -1.804553004   -9.660759943
   -2.189594880   -0.349065850  -67.631337580   -0.147992683  -12.430052342
   -1.999195325   -0.349065850  -68.018857332   -4.651340092  -15.254409969
   -1.808795770   -0.349065850  -69.515002786  -10.902765988  -17.979892957
   -1.618396215   -0.349065850  -71.951677743  -13.746258534  -20.161744677
   -1.427996661   -0.349065850  -74.317612465   -9.866667789  -21.175859398
   -1.237597106   -0.349065850  -75.285487659    0.638484595  -20.522024321
   -1.047197551   -0.349065850  -73.866624110   14.437325656  -18.127488468
   -0.856797996   -0.349065850  -69.888403566   26.611237541  -14.454073810
   -0.666398442   -0.349065850  -64.105441972   32.734833644  -10.325093045
   -0.475998887   -0.349065850  -57.953088083   30.232113904   -6.585036206
   -0.285599332   -0.349065850  -53.137860237   18.924105136   -3.754268836
   -0.095199777   -0.349065850  -51.172826456    0.793164678   -1.844196679
    0.095199777   -0.349065850  -52.994115177  -19.972811641   -0.400370671
    0.285599332   -0.349065850  -58.567407994  -37.532336708    1.251507000
    0.475998887   -0.349065850  -66.665589046  -45.494309891    3.634208967
    0.666398442   -0.349065850  -74.965033930  -39.200273170    6.797526567
    0.856797996   -0.349065850  -80.637071446  -18.310795193   10.218273763
    1.047197551   -0.349065850  -81.316611699   11.943039632   13.022323538
    1.237597106   -0.349065850  -76.059169549   42.411306173   14.428531033
    1.427996661   -0.349065850  -65.738276391   63.808306489   14.152385455
    1.618396215   -0.349065850  -52.683618834   70.694716043   12.518120641
    1.808795770   -0.349065850  -39.749635938   62.951340327   10.237793357
    1.999195325   -0.349065850  -29.380743531   44.626038455    8.034300013
    2.189594880   -0.349065850  -23.078779594   21.113679080    6.344673030
    2.379994435   -0.349065850  -21.370807279   -2.978105423    5.225753399
    2.570393989   -0.349065850  -24.037089753  -24.366821170    4.441821745
    2.760793544   -0.349065850  -30.310447153  -40.478616565    3.624693347
    2.951193099   -0.349065850  -38.960325237  -49.020277507    2.438503328

   -3.141592654    0.000000000  -48.264525572  -52.029024445   -1.025519211
   -2.951193099    0.000000000  -57.490609585  -43.736662031   -3.062070869
   -2.760793544    0.000000000  -64.542186323  -29.889316942   -5.302984945
   -2.570393989    0.000000000  -68.844403413  -15.767490235   -7.613824790
   -2.379994435    0.000000000  -70.862817758   -6.582195564   -9.920025446
   -2.189594880    0.000000000  -71.833689754   -4.850590446  -12.209116452
   -1.999195325    0.000000000  -73.092248476   -9.020698969  -14.421047050
   -1.808795770    0.000000000  -75.338097843  -14.256087938  -16.302849090
   -1.618396215    0.000000000  -78.237007397  -15.069171939  -17.380395798
   -1.427996661    0.000000000  -80.588197851   -8.282780215  -17.127123054
   -1.237597106    0.000000000  -80.956768882    5.297266318  -15.265078063
   -1.047197551    0.000000000  -78.414790555   21.357854034  -11.995253497
   -0.856797996    0.000000000  -73.024278927   34.233816730   -7.988004082
   -0.666398442    0.000000000  -65.859065494   39.381067321   -4.107942257
   -0.475998887    0.000000000  -58.628477533   34.802671933   -1.045049077
   -0.285599332    0.000000000  -53.156908233   21.312535133    0.986191184
   -0.095199777    0.000000000  -50.880419143    1.882821222    2.312426798
    0.095199777    0.000000000  -52.502857764  -18.715480862    3.643182154
    0.285599332    0.000000000  -57.706711222  -34.728707041    5.725164272
    0.475998887    0.000000000  -65.066893383  -40.548236870    8.945117259
    0.666398442    0.000000000  -72.257429885  -32.711440781   13.052741411
    0.856797996    0.000000000  -76.669788057  -11.909082710   17.171326227
    1.047197551    0.000000000  -76.291747141   16.347672521   20.148651341
    1.237597106    0.000000000  -70.493622467   43.569686707   21.102323931
    1.427996661    0.000000000  -60.273266000   61.703562839   19.837656142
    1.618396215    0.000000000  -47.850008194   66.416719111   16.896980728
    1.808795770    0.000000000  -35.815431215   58.035915864   13.232452053
    1.999195325    0.000000000  -26.340037831   40.312763150    9.742296192
    2.189594880    0.000000000  -20.753143600   17.943163376    6.947273119
    2.379994435    0.000000000  -19.547232552   -5.147418867    4.922051409
    2.570393989    0.000000000  -22.573910841  -26.091774086    3.432872175
    2.760793544    0.000000000  -29.185456887  -42.408928477    2.129166371
    2.951193099    0.000000000  -38.263146412  -51.643038923    0.701866078

   -3.141592654    0.349065850  -47.617942719  -53.762876641   -1.402725628
   -2.951193099    0.349065850  -57.242482022  -46.182575026   -2.511386941
   -2.760793544    0.349065850  -64.831413901  -33.059166031   -3.691063828
   -2.570393989    0.349065850  -69.796734162  -19.526509145   -4.981678312
   -2.379994435    0.349065850  -72.569985479  -10.708698497   -6.408114011
   -2.189594880    0.349065850  -74.336331284   -9.009459278   -7.944978866
   -1.999195325    0.349065850  -76.348637461  -12.662638728   -9.448198917
   -1.808795770    0.349065850  -79.177298898  -16.588361945  -10.609418357
   -1.618396215    0.349065850  -82.327838520  -15.256296109  -11.012924419
   -1.427996661    0.349065850  -84.468216356   -5.856519579  -10.308039880
   -1.237597106    0.349065850  -84.140766832   10.062356758   -8.425705388
   -1.047197551    0.349065850  -80.547018287   27.407000991   -5.685099813
   -0.856797996    0.349065850  -73.997448942   40.119126889   -2.697727009
   -0.666398442    0.349065850  -65.829493442   43.877785516   -0.089032486
   -0.475998887    0.349065850  -57.918559868   37.461070318    1.789294557
   -0.285599332    0.349065850  -52.081991008   22.642967291    3.045838279
   -0.095199777    0.349065850  -49.581715344    3.146760808    4.197592022
    0.095199777    0.349065850  -50.851889968  -16.054658595    5.952794237
    0.285599332    0.349065850  -55.330767835  -29.688050907    8.858695216
    0.475998887    0.349065850  -61.499897956  -33.204561632   12.976492913
    0.666398442    0.349065850  -67.168651686  -24.394680234   17.721832525
    0.856797996    0.349065850  -70.073583774   -4.793313106   21.997916844
    1.047197551    0.349065850  -68.626913819   20.159789153   24.613446380
    1.237597106    0.349065850  -62.514390979   43.002234645   24.812858943
    1.427996661    0.349065850  -52.799021611   57.160325097   22.605391141
    1.618396215    0.349065850  -41.500737097   59.470717717   18.717315358
    1.808795770    0.349065850  -30.862076759   50.626867097   14.205390020
    1.999195325    0.349065850  -22.715904243   33.948517419    9.992118111
    2.189594880    0.349065850  -18.179650897   13.316949253    6.586492237
    2.379994435    0.349065850  -17.688639577   -8.084550838    4.064966569
    2.570393989    0.349065850  -21.151419079  -27.836804169    2.241701298
    2.760793544    0.349065850  -28.032830539  -43.608517365    0.857376080
    2.951193099    0.349065850  -37.335544138  -52.892796032   -0.307869057

   -3.141592654    0.698131701  -46.918335916  -54.273351687   -1.873807617
   -2.951193099    0.698131701  -56.665791529  -46.978088929   -1.968844618
   -2.760793544    0.698131701  -64.449315746  -34.308986354   -1.953610588
   -2.570393989    0.698131701  -69.699716468  -21.257755898   -2.022558767
   -2.379994435    0.698131701  -72.840308028  -12.804994364   -2.311563474
   -2.189594880    0.698131701  -75.021058878  -11.209966196   -2.839489646
   -1.999195325    0.698131701  -77.431234839  -14.560308717   -3.484097221
   -1.808795770    0.698131701  -80.552738742  -17.680705510   -4.009511388
   -1.618396215    0.698131701  -83.798447410  -15.106992398   -4.153924617
   -1.427996661    0.698131701  -85.777596595   -4.325404705   -3.743765750
   -1.237597106    0.698131701  -85.047660093   12.662848859   -2.787473085
   -1.047197551    0.698131701  -80.909519585   30.381691259   -1.482835471
   -0.856797996    0.698131701  -73.820749755   42.695281657   -0.117752252
   -0.666398442    0.698131701  -65.240944548   45.599029855    1.102021292
   -0.475998887    0.698131701  -57.076647471   38.492288556    2.186367084
   -0.285599332    0.698131701  -51.049698962   23.781470987    3.422119052
   -0.095199777    0.698131701  -48.230236577    5.561881880    5.261390318
    0.095199777    0.698131701  -48.834827735  -11.352239893    8.133124057
    0.285599332    0.698131701  -52.168852629  -22.402846483   12.173584996
    0.475998887    0.698131701  -56.759184693  -24.142760773   17.037405223
    0.666398442    0.698131701  -60.674588971  -15.418555591   21.879434351
    0.856797996    0.698131701  -62.063209727    1.772036814   25.584345086
    1.047197551    0.698131701  -59.750119961   22.476688007   27.172061601
    1.237597106    0.698131701  -53.657363470   40.515703812   26.218004778
    1.427996661    0.698131701  -44.809289229   50.804845131   23.019215788
    1.618396215    0.698131701  -34.942465503   51.149160807   18.438438131
    1.808795770    0.698131701  -25.912392757   42.346997853   13.506396346
    1.999195325    0.698131701  -19.221641012   27.099045532    9.027435720
    2.189594880    0.698131701  -15.805371270    8.421252896    5.399737372
    2.379994435    0.698131701  -16.068393370  -11.170720487    2.664496266
    2.570393989    0.698131701  -19.982448904  -29.576130948    0.692953974
    2.760793544    0.698131701  -27.107830103  -44.514306493   -0.655129875
    2.951193099    0.698131701  -36.540495228  -53.413745652   -1.479452619

   -3.141592654    1.047197551  -48.331367232  -54.648356699   -6.409907111
   -2.951193099    1.047197551  -58.077734564  -46.616642009   -6.053867018
   -2.760793544    1.047197551  -65.748527851  -33.538606444   -5.188008577
   -2.570393989    1.047197551  -70.843480658  -20.448956420   -4.118945641
   -2.379994435    1.047197551  -73.849528568  -12.232036702   -3.124244309
   -2.189594880    1.047197551  -75.951751491  -10.953762571   -2.360556114
   -1.999195325    1.047197551  -78.335175675  -14.499666545   -1.845418873
   -1.808795770    1.047197551  -81.445285009  -17.579397180   -1.506680916
   -1.618396215    1.047197551  -84.649949010  -14.752133588   -1.257028371
   -1.427996661    1.047197551  -86.530140501   -3.649679410   -1.038152611
   -1.237597106    1.047197551  -85.647573436   13.553265298   -0.819816552
   -1.047197551    1.047197551  -81.333689998   31.295980770   -0.566121197
   -0.856797996    1.047197551  -74.077538898   43.537540935   -0.195861148
   -0.666398442    1.047197551  -65.333931896   46.526694404    0.446589015
   -0.475998887    1.047197551  -56.948479900   40.000044975    1.579432622
   -0.285599332    1.047197551  -50.523588706   26.572212391    3.469530611
   -0.095199777    1.047197551  -46.996725196   10.286284920    6.336072068
    0.095199777    1.047197551  -46.496874801   -4.498359207   10.248214149
    0.285599332    1.047197551  -48.360460563  -13.977965852   14.966899563
    0.475998887    1.047197551  -51.299892492  -15.516198112   19.878289086
    0.666398442    1.047197551  -53.700170023   -8.450491592   24.069653233
    0.856797996    1.047197551  -54.061085626    5.357342586   26.597153720
    1.047197551    1.047197551  -51.466766605   21.794675079   26.822552435
    1.237597106    1.047197551  -45.895619400   35.867657206   24.692499252
    1.427996661    1.047197551  -38.210665912   43.515231952   20.740016901
    1.618396215    1.047197551  -29.846772179   42.935777677   15.847712695
    1.808795770    1.047197551  -22.349533218   34.641197948   10.881940776
    1.999195325    1.047197551  -17.012392337   20.647421772    6.408883535
    2.189594880    1.047197551  -14.693689261    3.319650644    2.635227030
    2.379994435    1.047197551  -15.816786596  -15.148686812   -0.470630307
    2.570393989    1.047197551  -20.399501547  -32.641902516   -2.976972474
    2.760793544    1.047197551  -28.027477253  -46.717710320   -4.863945836
    2.951193099    1.047197551  -37.794331711  -54.700855048   -6.031986354

   -3.141592654    1.396263402  -52.860600840  -55.429129289  -11.247238425
   -2.951193099    1.396263402  -62.555029701  -45.326438816  -10.766538057
   -2.760793544    1.396263402  -69.819727912  -30.672019703   -9.477876864
   -2.570393989    1.396263402  -74.281213152  -16.797497961   -7.723718467
   -2.379994435    1.396263402  -76.580208460   -8.570605466   -5.832564137
   -2.189594880    1.396263402  -78.029738107   -7.826585014   -4.018195569
   -1.999195325    1.396263402  -79.892521463  -12.185946039   -2.380140808
   -1.808795770    1.396263402  -82.648962245  -16.188379115   -0.970242853
   -1.618396215    1.396263402  -85.678510747  -14.302137976    0.150458030
   -1.427996661    1.396263402  -87.555663199   -4.044600662    0.925094711
   -1.237597106    1.396263402  -86.805466591   12.617951810    1.368038209
   -1.047197551    1.396263402  -82.678130905   30.368519770    1.618308887
   -0.856797996    1.396263402  -75.540210951   43.340004009    1.931162963
   -0.666398442    1.396263402  -66.706660351   47.764519939    2.614457764
   -0.475998887    1.396263402  -57.904783775   43.202870665    3.934382337
   -0.285599332    1.396263402  -50.663749151   31.938351170    6.066394862
   -0.095199777    1.396263402  -45.921758919   17.613867489    9.024441333
    0.095199777    1.396263402  -43.891832739    4.082553294   12.621136859
    0.285599332    1.396263402  -44.093925030   -5.346392945   16.405527454
    0.475998887    1.396263402  -45.505056494   -8.362419874   19.705162150
    0.666398442    1.396263402  -46.802066113   -4.216187346   21.782023050
    0.856797996    1.396263402  -46.710086739    5.805770232   22.098510825
    1.047197551    1.396263402  -44.392598683   18.536404574   20.524854428
    1.237597106    1.396263402  -39.724558912   29.850079748   17.417044058
    1.427996661    1.396263402  -33.337538057   36.132460191   13.437094546
    1.618396215    1.396263402  -26.407083336   35.428890324    9.274714913
    1.808795770    1.396263402  -20.290537089   27.697232337    5.389443849
    1.999195325    1.396263402  -16.211623063   14.348213352    1.918263446
    2.189594880    1.396263402  -15.050736670   -2.592395235   -1.227809101
    2.379994435    1.396263402  -17.280215763  -20.864797860   -4.170844094
    2.570393989    1.396263402  -22.923318244  -37.997692123   -6.890482960
    2.760793544    1.396263402  -31.496589156  -51.169714766   -9.173920439
    2.951193099    1.396263402  -41.970794805  -57.557016463  -10.706023288

   -3.141592654    1.745329252  -58.745321373  -56.447132877  -16.083355017
   -2.951193099    1.745329252  -68.411071338  -44.047664145  -15.844248860
   -2.760793544    1.745329252  -75.247025639  -27.560432523  -14.449346182
   -2.570393989    1.745329252  -79.001644174  -12.619561936  -12.200752092
   -2.379994435    1.745329252  -80.465061847   -4.085592700   -9.442401620
   -2.189594880    1.745329252  -81.078192077   -3.603414919   -6.448128830
   -1.999195325    1.745329252  -82.192292248   -8.594407397   -3.419039203
   -1.808795770    1.745329252  -84.344683115  -13.467589446   -0.548442417
   -1.618396215    1.745329252  -86.949235405  -12.568045291    1.932776880
   -1.427996661    1.745329252  -88.584165734   -3.202715752    3.802759445
   -1.237597106    1.745329252  -87.728559213   12.962232200    4.965087038
   -1.047197551    1.745329252  -83.531938934   30.859496673    5.539000031
   -0.856797996    1.745329252  -76.228219927   44.691201091    5.847122527
   -0.666398442    1.745329252  -67.010167321   50.502674523    6.297732946
   -0.475998887    1.745329252  -57.536373285   47.518781019    7.217444011
   -0.285599332    1.745329252  -49.336784384   37.615174780    8.749295197
   -0.095199777    1.745329252  -43.429317614   24.047943174   10.787147760
    0.095199777    1.745329252  -40.177125049   10.294695092   12.996886711
    0.285599332    1.745329252  -39.312383803   -0.564016617   14.859587103
    0.475998887    1.745329252  -40.041525797   -6.146524259   15.813299211
    0.666398442    1.745329252  -41.217009051   -5.188168915   15.444842587
    0.856797996    1.745329252  -41.604463902    1.850380550   13.690980978
    1.047197551    1.745329252  -40.247508197   12.626205008   10.879085061
    1.237597106    1.745329252  -36.780445460   23.370123801    7.615080047
    1.427996661    1.745329252  -31.585982527   30.222762760    4.491139379
    1.618396215    1.745329252  -25.684765843   30.535888988    1.840854735
    1.808795770    1.745329252  -20.420005079   23.551161358   -0.362443078
    1.999195325    1.745329252  -17.111773988   10.282446842   -2.413559524
    2.189594880    1.745329252  -16.767567781   -7.172734948   -4.660573236
    2.379994435    1.745329252  -19.935056962  -26.110081375   -7.285353919
    2.570393989    1.745329252  -26.610568478  -43.475009260  -10.174824855
    2.760793544    1.745329252  -36.182839354  -56.009653706  -12.938167552
    2.951193099    1.745329252  -47.441888025  -60.804937431  -15.052599587

   -3.141592654    2.094395102  -65.060741757  -57.864582027  -16.877652252
   -2.951193099    2.094395102  -74.766565265  -43.075009903  -16.679599297
   -2.760793544    2.094395102  -81.211306084  -24.514598762  -15.255176033
   -2.570393989    2.094395102  -84.236247421   -8.114968142  -12.844563404
   -2.379994435    2.094395102  -84.753766368    1.247729524   -9.738448485
   -2.189594880    2.094395102  -84.314101390    2.044641023   -6.167980176
   -1.999195325    2.094395102  -84.356929340   -3.060044200   -2.314178186
   -1.808795770    2.094395102  -85.500176998   -8.476029278    1.604450868
   -1.618396215    2.094395102  -87.238960758   -8.528675253    5.266641162
   -1.427996661    2.094395102  -88.215916144   -0.351430537    8.294632685
   -1.237597106    2.094395102  -86.923687734   14.739840678   10.400404407
   -1.047197551    2.094395102  -82.454097976   32.042050242   11.527632156
   -0.856797996    2.094395102  -74.928299344   45.942364555   11.888429367
   -0.666398442    2.094395102  -65.419751571   52.353511205   11.859628472
   -0.475998887    2.094395102  -55.518681222   50.139481136   11.795486324
   -0.285599332    2.094395102  -46.766351543   40.706738913   11.875101561
   -0.095199777    2.094395102  -40.278076400   26.913891202   12.010334677
    0.095199777    2.094395102  -36.574616132   12.002917485   11.881542261
    0.285599332    2.094395102  -35.565808991   -0.884743150   11.051769594
    0.475998887    2.094395102  -36.589919474   -8.949419276    9.183865875
    0.666398442    2.094395102  -38.520562345  -10.194348749    6.252054318
    0.856797996    2.094395102  -39.994937428   -4.338898891    2.658580121
    1.047197551    2.094395102  -39.816713655    6.681179094   -0.888814573
    1.237597106    2.094395102  -37.358758987   18.863602444   -3.666034391
    1.427996661    2.094395102  -32.841880315   27.609294322   -5.285221270
    1.618396215    2.094395102  -27.287006195   29.375496795   -5.859501820
    1.808795770    2.094395102  -22.185521401   22.802949123   -5.917117108
    1.999195325    2.094395102  -19.072440488    8.817958667   -6.129764361
    2.189594880    2.094395102  -19.138156928  -10.078306994   -7.021517942
    2.379994435    2.094395102  -23.005990488  -30.503159234   -8.773427788
    2.570393989    2.094395102  -30.613349919  -48.710377446  -11.179186376
    2.760793544    2.094395102  -41.178664578  -60.995553402  -13.732789387
    2.951193099    2.094395102  -53.271487079  -64.401705173  -15.807417492

   -3.141592654    2.443460953  -70.632583673  -59.173548594  -10.877127498
   -2.951193099    2.443460953  -80.392096454  -42.339005784   -9.985440899
   -2.760793544    2.443460953  -86.507722569  -21.844634838   -8.211124288
   -2.570393989    2.443460953  -88.864345087   -3.825537151   -5.792107520
   -2.379994435    2.443460953  -88.436086792    6.844781185   -2.944812230
   -2.189594880    2.443460953  -86.827497233    8.677509167    0.237394621
   -1.999195325    2.443460953  -85.535020477    4.258431405    3.740416885
   -1.808795770    2.443460953  -85.262597650   -1.040353624    7.481977933
   -1.618396215    2.443460953  -85.634124432   -1.740485876   11.184764765
   -1.427996661    2.443460953  -85.440415080    5.046620137   14.390660129
   -1.237597106    2.443460953  -83.289501377   18.322325957   16.631347288
   -1.047197551    2.443460953  -78.310071652   33.858022776   17.642097525
   -0.856797996    2.443460953  -70.571700822   46.447887504   17.481761953
   -0.666398442    2.443460953  -61.044127499   52.125825857   16.470731175
   -0.475998887    2.443460953  -51.221896000   49.566745064   14.995223496
   -0.285599332    2.443460953  -42.609028750   39.769331691   13.298865468
   -0.095199777    2.443460953  -36.365619956   25.176134249   11.357856571
    0.095199777    2.443460953  -33.120775658    8.807376975    8.925478926
    0.285599332    2.443460953  -32.902144780   -6.039804880    5.708019934
    0.475998887    2.443460953  -35.095035992  -15.995349449    1.628022866
    0.666398442    2.443460953  -38.483922098  -18.242167716   -2.984555739
    0.856797996    2.443460953  -41.468072189  -11.860342756   -7.392146943
    1.047197551    2.443460953  -42.543146252    1.278322931  -10.712968789
    1.237597106    2.443460953  -40.832272528   16.492154181  -12.315736250
    1.427996661    2.443460953  -36.484792824   28.079607422  -12.135147139
    1.618396215    2.443460953  -30.657780533   31.516298061  -10.696231599
    1.808795770    2.443460953  -25.116563826   25.025999955   -8.857164306
    1.999195325    2.443460953  -21.685063373    9.766574439   -7.435055237
    2.189594880    2.443460953  -21.752754083  -11.089870988   -6.926613431
    2.379994435    2.443460953  -25.998645455  -33.382775470   -7.400236419
    2.570393989    2.443460953  -34.277845783  -52.724504092   -8.556294329
    2.760793544    2.443460953  -45.631781943  -65.068329073   -9.872386333
    2.951193099    2.443460953  -58.419398952  -67.468235329  -10.786070200

   -3.141592654    2.792526803  -73.252581705  -58.411329778    0.766182674
   -2.951193099    2.792526803  -82.739815592  -40.283510889    2.608955139
   -2.760793544    2.792526803  -88.358112114  -18.739293296    4.560762885
   -2.570393989    2.792526803  -90.049299329    0.011223883    6.483145649
   -2.379994435    2.792526803  -88.835847995   11.246341500    8.412623574
   -2.189594880    2.792526803  -86.333320289   13.681486863   10.562813055
   -1.999195325    2.792526803  -84.024024517    9.932532418   13.169301018
   -1.808795770    2.792526803  -82.618530184    5.124508076   16.262372842
   -1.618396215    2.792526803  -81.812191574    4.336991316   19.523715838
   -1.427996661    2.792526803  -80.537007473   10.177063107   22.341553848
   -1.237597106    2.792526803  -77.565393643   21.701602432   24.058220624
   -1.047197551    2.792526803  -72.146342608   35.073168662   24.259148244
   -0.856797996    2.792526803  -64.377765712   45.600184113   22.942972503
   -0.666398442    2.792526803  -55.173353713   49.657291755   20.462465501
   -0.475998887    2.792526803  -45.938244301   45.922394790   17.307056137
   -0.285599332    2.792526803  -38.115829679   35.107219340   13.842021589
   -0.095199777    2.792526803  -32.868936570   19.326589951   10.169085925
    0.095199777    2.792526803  -30.873063421    1.503872763    6.165405533
    0.285599332    2.792526803  -32.183931645  -14.747533686    1.682015158
    0.475998887    2.792526803  -36.118655371  -25.401802543   -3.204143563
    0.666398442    2.792526803  -41.259136957  -26.954517804   -8.041443423
    0.856797996    2.792526803  -45.703977534  -18.216653730  -12.073970371
    1.047197551    2.792526803  -47.662338041   -1.499774101  -14.532638863
    1.237597106    2.792526803  -46.116750983   17.473836234  -15.012517795
    1.427996661    2.792526803  -41.294314948   31.853036691  -13.687023878
    1.618396215    2.792526803  -34.613489147   36.416677096  -11.229682935
    1.808795770    2.792526803  -28.166955254   29.404079439   -8.493902330
    1.999195325    2.792526803  -24.043266632   12.551560145   -6.152139903
    2.189594880    2.792526803  -23.761742604  -10.187497770   -4.499679923
    2.379994435    2.792526803  -27.990535803  -34.001532296   -3.455048910
    2.570393989    2.792526803  -36.474592555  -54.114373962   -2.709653159
    2.760793544    2.792526803  -48.098099385  -66.369749047   -1.903360213
    2.951193099    2.792526803  -61.064321850  -67.950371931   -0.772623254
