#! FIELDS phi psi file.free der_phi der_psi
#! SET min_phi -pi
#! SET max_phi pi
#! SET nbins_phi  33
#! SET periodic_phi true
#! SET min_psi -pi
#! SET max_psi pi
#! SET nbins_psi  18
#! SET periodic_psi true
   -3.141592654   -3.141592654 -106.205461713  -53.615166497   16.860597149
   -2.951193099   -3.141592654 -114.669659104  -34.720360713   19.227684654
   -2.760793544   -3.141592654 -119.310567328  -14.359267986   20.664447272
   -2.570393989   -3.141592654 -120.372985815    2.130779558   21.328003278
   -2.379994435   -3.141592654 -118.948906976   11.474335713   21.675598091
   -2.189594880   -3.141592654 -116.467016463   13.496969523   22.326041074
   -1.999195325   -3.141592654 -114.096403572   10.981334748   23.809315442
   -1.808795770   -3.141592654 -112.293634897    8.275828907   26.306132873
   -1.618396215   -3.141592654 -110.695162062    9.349879029   29.499336825
   -1.427996661   -3.141592654 -108.365043927   16.013788503   32.637534309
   -1.237597106   -3.141592654 -104.292807121   27.231303604   34.798281833
   -1.047197551   -3.141592654  -97.901612322   39.676614325   35.220687275
   -0.856797996   -3.141592654  -89.347763037   49.245458152   33.547950326
   -0.666398442   -3.141592654  -79.529331399   52.447510150   29.871561919
   -0.475998887   -3.141592654  -69.867393345   47.468543972   24.617060943
   -0.285599332   -3.141592654  -61.952709347   34.266195402   18.327095827
   -0.095199777   -3.141592654  -57.216063745   14.519770923   11.515182152
    0.095199777   -3.141592654  -56.610461745   -8.435407423    4.604968570
    0.285599332   -3.141592654  -60.303622063  -29.708673464   -2.007425263
    0.475998887   -3.141592654  -67.431910659  -43.575177185   -7.867860101
    0.666398442   -3.141592654  -76.090729659  -45.153644535  -12.438417447
    0.856797996   -3.141592654  -83.709474306  -32.787929729  -15.215663043
    1.047197551   -3.141592654  -87.854071083   -9.543202338  -15.933412241
    1.237597106   -3.141592654  -87.107620017   17.115035779  -14.747609004
    1.427996661   -3.141592654  -81.682320410   38.186896635  -12.214914820
    1.618396215   -3.141592654  -73.367525494   46.646571761   -9.062251563
    1.808795770   -3.141592654  -64.885367930   39.941840454   -5.871329098
    1.999195325   -3.141592654  -58.978605376   20.332581582   -2.869891617
    2.189594880   -3.141592654  -57.607358015   -6.591658038    0.042971173
    2.379994435   -3.141592654  -61.513978331  -33.958718705    3.111458321
    2.570393989   -3.141592654  -70.160153562  -55.443580848    6.491019679
    2.760793544   -3.141592654  -81.961882079  -66.576265154   10.117630954
    2.951193099   -3.141592654  -94.725309230  -65.542595188   13.705816093

   -3.141592654   -2.792526803  -98.567028130  -49.236843345   25.143793279
   -2.951193099   -2.792526803 -106.402760481  -32.527206231   27.320715101
   -2.760793544   -2.792526803 -110.822169034  -14.143791991   28.233355510
   -2.570393989   -2.792526803 -111.970596865    1.192035254   28.215817541
   -2.379994435   -2.792526803 -110.739089082   10.614251832   27.877304768
   -2.189594880   -2.792526803 -108.311356031   13.971772882   27.895536823
   -1.999195325   -2.792526803 -105.653907106   13.590614755   28.755126644
   -1.808795770   -2.792526803 -103.148419396   12.956417205   30.527447171
   -1.618396215   -2.792526803 -100.537755137   15.056908949   32.783759367
   -1.427996661   -2.792526803  -97.160085749   20.990813883   34.707204169
   -1.237597106   -2.792526803  -92.363260602   29.585821356   35.373046281
   -1.047197551   -2.792526803  -85.891805071   38.018722925   34.079882373
   -0.856797996   -2.792526803  -78.082213607   43.102851190   30.579030370
   -0.666398442   -2.792526803  -69.828273429   42.325609996   25.116353916
   -0.475998887   -2.792526803  -62.382280952   34.554798671   18.311669275
   -0.285599332   -2.792526803  -57.075950666   20.041528025   10.916610688
   -0.095199777   -2.792526803  -55.058301924    0.413082600    3.634229377
    0.095199777   -2.792526803  -57.028523737  -21.192130892   -2.992138423
    0.285599332   -2.792526803  -62.940060228  -40.095430846   -8.555092769
    0.475998887   -2.792526803  -71.753860806  -50.768481075  -12.730432977
    0.666398442   -2.792526803  -81.433208413  -48.618443271  -15.248514992
    0.856797996   -2.792526803  -89.348588227  -32.458472083  -15.965996725
    1.047197551   -2.792526803  -93.111462300   -5.993218684  -14.961696535
    1.237597106   -2.792526803  -91.469593379   22.771892148  -12.608410891
    1.427996661   -2.792526803  -84.871645638   44.658674940   -9.468251476
    1.618396215   -2.792526803  -75.328984739   52.969026567   -6.077956992
    1.808795770   -2.792526803  -65.688826588   45.795590952   -2.727727758
    1.999195325   -2.792526803  -58.692501813   26.007262544    0.618287902
    2.189594880   -2.792526803  -56.214911940   -0.559954455    4.202005733
    2.379994435   -2.792526803  -58.908527342  -27.235580371    8.247391006
    2.570393989   -2.792526803  -66.215439964  -48.177654520   12.751183760
    2.760793544   -2.792526803  -76.628316258  -59.404916865   17.413822875
    2.951193099   -2.792526803  -88.104855281  -59.363530539   21.722093148

   -3.141592654   -2.443460953  -90.114496656  -44.458517861   22.726292815
   -2.951193099   -2.443460953  -97.248149186  -29.931556235   24.361928841
   -2.760793544   -2.443460953 -101.358562613  -13.399054829   24.933526727
   -2.570393989   -2.443460953 -102.477588870    0.926437091   24.787541347
   -2.379994435   -2.443460953 -101.308080844   10.412011852   24.409711802
   -2.189594880   -2.443460953  -98.835793303   14.762368679   24.254770619
   -1.999195325   -2.443460953  -95.896452778   15.763304982   24.580625436
   -1.808795770   -2.443460953  -92.872295457   16.094845038   25.327773636
   -1.618396215   -2.443460953  -89.662795981   17.961877388   26.090014992
   -1.427996661   -2.443460953  -85.882876252   22.038683389   26.219553270
   -1.237597106   -2.443460953  -81.186100732   27.297612664   25.052245052
   -1.047197551   -2.443460953  -75.539433823   31.607133218   22.171298238
   -0.856797996   -2.443460953  -69.336776988   32.762884971   17.573565384
   -0.666398442   -2.443460953  -63.343345880   29.185293379   11.677116325
   -0.475998887   -2.443460953  -58.536699832   20.276191471    5.182676972
   -0.285599332   -2.443460953  -55.919886007    6.348240373   -1.170686875
   -0.095199777   -2.443460953  -56.342012077  -11.330148922   -6.782813436
    0.095199777   -2.443460953  -60.292825005  -30.151073418  -11.291782858
    0.285599332   -2.443460953  -67.616237696  -45.937569936  -14.535600505
    0.475998887   -2.443460953  -77.245547055  -53.504583042  -16.475025986
    0.666398442   -2.443460953  -87.168027926  -48.484753499  -17.121782914
    0.856797996   -2.443460953  -94.818626589  -29.877480906  -16.544718343
    1.047197551   -2.443460953  -97.908537209   -1.616035624  -14.895117775
    1.237597106   -2.443460953  -95.325817910   28.156384769  -12.453110391
    1.427996661   -2.443460953  -87.668052368   50.312000745   -9.559365643
    1.618396215   -2.443460953  -77.059560258   58.484903709   -6.501082922
    1.808795770   -2.443460953  -66.381139002   51.233511723   -3.388014510
    1.999195325   -2.443460953  -58.323776849   31.794456810   -0.128612681
    2.189594880   -2.443460953  -54.671936792    6.039396179    3.464005038
    2.379994435   -2.443460953  -56.015606931  -19.682309109    7.497039151
    2.570393989   -2.443460953  -61.818080937  -40.044439702   11.849273297
    2.760793544   -2.443460953  -70.687855560  -51.501218140   16.155629537
    2.951193099   -2.443460953  -80.757208342  -52.648485270   19.922672556

   -3.141592654   -2.094395102  -83.884973497  -40.821017660   13.543840989
   -2.951193099   -2.094395102  -90.473099132  -27.823226562   14.642549683
   -2.760793544   -2.094395102  -94.309226479  -12.575725418   15.211280940
   -2.570393989   -2.094395102  -95.360407990    0.894122687   15.448388572
   -2.379994435   -2.094395102  -94.243301271    9.965249743   15.513386978
   -2.189594880   -2.094395102  -91.869141797   14.212348222   15.466792866
   -1.999195325   -2.094395102  -89.038289453   15.150720725   15.259205057
   -1.808795770   -2.094395102  -86.159939272   15.091915010   14.736874855
   -1.618396215   -2.094395102  -83.229793110   15.904733331   13.663513055
   -1.427996661   -2.094395102  -80.004897531   18.146520073   11.779226151
   -1.237597106   -2.094395102  -76.272048190   21.024271196    8.903021506
   -1.047197551   -2.094395102  -72.052465358   22.961727392    5.054325881
   -0.856797996   -2.094395102  -67.673114717   22.431656800    0.497109262
   -0.666398442   -2.094395102  -63.713388414   18.395606493   -4.303977358
   -0.475998887   -2.094395102  -60.895871891   10.394910476   -8.808847167
   -0.285599332   -2.094395102  -59.983949664   -1.525965272  -12.573189043
   -0.095199777   -2.094395102  -61.666822807  -16.652474497  -15.349481470
    0.095199777   -2.094395102  -66.386476286  -32.938566000  -17.120296168
    0.285599332   -2.094395102  -74.029514480  -46.581860410  -18.024843161
    0.475998887   -2.094395102  -83.617502909  -52.495470165  -18.254961072
    0.666398442   -2.094395102  -93.223751441  -46.225447024  -17.952685268
    0.856797996   -2.094395102 -100.348570079  -26.639141483  -17.179834109
    1.047197551   -2.094395102 -102.748084279    2.363039016  -15.922847098
    1.237597106   -2.094395102  -99.357984741   32.616305791  -14.183699800
    1.427996661   -2.094395102  -90.826883711   54.984839164  -12.005651120
    1.618396215   -2.094395102  -79.321179268   63.222404019   -9.481399842
    1.808795770   -2.094395102  -67.730670664   56.095553827   -6.696443293
    1.999195325   -2.094395102  -58.715914930   37.024273767   -3.693731054
    2.189594880   -2.094395102  -54.013070854   11.864002639   -0.488249323
    2.379994435   -2.094395102  -54.188644579  -13.279224828    2.864142936
    2.570393989   -2.094395102  -58.742945913  -33.435324760    6.198165243
    2.760793544   -2.094395102  -66.382758672  -45.315785594    9.250800480
    2.951193099   -2.094395102  -75.366605345  -47.530681692   11.750649632

   -3.141592654   -1.745329252  -81.336124185  -38.968703832    4.338766841
   -2.951193099   -1.745329252  -87.645133179  -26.703568457    4.686146585
   -2.760793544   -1.745329252  -91.316720761  -11.941487430    4.943192372
   -2.570393989   -1.745329252  -92.280016636    1.187676905    5.174849104
   -2.379994435   -1.745329252  -91.144186754    9.838949679    5.266226453
   -2.189594880   -1.745329252  -88.855862886   13.374350917    4.957756861
   -1.999195325   -1.745329252  -86.285506842   13.173884274    3.972578701
   -1.808795770   -1.745329252  -83.927825732   11.532858692    2.141909354
   -1.618396215   -1.745329252  -81.852340099   10.459934147   -0.526202471
   -1.427996661   -1.745329252  -79.845110540   10.841134706   -3.851258133
   -1.237597106   -1.745329252  -77.645272652   12.361036869   -7.534737419
   -1.047197551   -1.745329252  -75.131353533   13.908428271  -11.211428726
   -0.856797996   -1.745329252  -72.416882089   14.208978153  -14.516779299
   -0.666398442   -1.745329252  -69.851171692   12.142324669  -17.134412998
   -0.475998887   -1.745329252  -67.976683087    6.810993740  -18.842177371
   -0.285599332   -1.745329252  -67.481767145   -2.354143606  -19.571033152
   -0.095199777   -1.745329252  -69.096860298  -15.233719537  -19.424618034
    0.095199777   -1.745329252  -73.401352714  -30.154978487  -18.676548650
    0.285599332   -1.745329252  -80.462397613  -43.397546299  -17.684901002
    0.475998887   -1.745329252  -89.468970666  -49.660031347  -16.777112382
    0.666398442   -1.745329252  -98.598805701  -44.075929683  -16.125034549
    0.856797996   -1.745329252 -105.373264144  -25.043278089  -15.687989391
    1.047197551   -1.745329252 -107.488224697    3.839173050  -15.228108999
    1.237597106   -1.745329252 -103.786759635   34.481019021  -14.451834103
    1.427996661   -1.745329252  -94.834226439   57.566680294  -13.138832648
    1.618396215   -1.745329252  -82.760310377   66.588666551  -11.245907806
    1.808795770   -1.745329252  -70.463046500   60.108689015   -8.892315154
    1.999195325   -1.745329252  -60.637254877   41.482376413   -6.288127836
    2.189594880   -1.745329252  -55.058789590   16.559044076   -3.650627535
    2.379994435   -1.745329252  -54.336042355   -8.593011150   -1.176337486
    2.570393989   -1.745329252  -58.023261439  -29.078437421    0.956256413
    2.760793544   -1.745329252  -64.891770503  -41.628850769    2.603186259
    2.951193099   -1.745329252  -73.257924024  -44.750811364    3.705217026

   -3.141592654   -1.396263402  -83.139258580  -39.759317090    2.421559812
   -2.951193099   -1.396263402  -89.567786713  -27.089806868    2.188962870
   -2.760793544   -1.396263402  -93.245948151  -11.628251351    1.929900710
   -2.570393989   -1.396263402  -94.095680249    1.976870831    1.650747806
   -2.379994435   -1.396263402  -92.819838223   10.365499874    1.144439289
   -2.189594880   -1.396263402  -90.533549065   12.665607079    0.051178588
   -1.999195325   -1.396263402  -88.282373705   10.429592835   -1.964626343
   -1.808795770   -1.396263402  -86.668030131    6.477332949   -5.029715459
   -1.618396215   -1.396263402  -85.748464958    3.497080183   -8.952134723
   -1.427996661   -1.396263402  -85.172579119    2.971372890  -13.245459969
   -1.237597106   -1.396263402  -84.453351879    4.911479596  -17.276467919
   -1.047197551   -1.396263402  -83.214140756    8.164141700  -20.445214802
   -0.856797996   -1.396263402  -81.354189115   11.084981243  -22.350912466
   -0.666398442   -1.396263402  -79.099383104   12.007047768  -22.857157608
   -0.475998887   -1.396263402  -76.978984283    9.438090021  -22.076783330
   -0.285599332   -1.396263402  -75.775623327    2.305552903  -20.315710206
   -0.095199777   -1.396263402  -76.394614511   -9.630313834  -17.990265309
    0.095199777   -1.396263402  -79.639913244  -24.832937419  -15.566674113
    0.285599332   -1.396263402  -85.804458158  -39.456590728  -13.457536934
    0.475998887   -1.396263402  -94.250491073  -47.772822103  -11.933311018
    0.666398442   -1.396263402 -103.222401020  -44.246023452  -11.045064764
    0.856797996   -1.396263402 -110.173197453  -26.559461093  -10.622107500
    1.047197551   -1.396263402 -112.612172374    2.151545435  -10.332494859
    1.237597106   -1.396263402 -109.151011168   33.801914982   -9.835176233
    1.427996661   -1.396263402 -100.169016816   58.601187947   -8.897487511
    1.618396215   -1.396263402  -87.727503759   69.348933696   -7.474092550
    1.808795770   -1.396263402  -74.782419432   64.009512428   -5.680892172
    1.999195325   -1.396263402  -64.171075580   45.679170795   -3.718765006
    2.189594880   -1.396263402  -57.828818833   20.264279868   -1.793911842
    2.379994435   -1.396263402  -56.492245559   -5.920679940   -0.088044522
    2.570393989   -1.396263402  -59.790043434  -27.675939017    1.245889325
    2.760793544   -1.396263402  -66.508760515  -41.414526999    2.099938078
    2.951193099   -1.396263402  -74.919534322  -45.340762195    2.456408585

   -3.141592654   -1.047197551  -85.850378831  -42.146963873    4.106857559
   -2.951193099   -1.047197551  -92.689173404  -28.938675103    2.855252639
   -2.760793544   -1.047197551  -96.644006993  -12.698921355    1.502016927
   -2.570393989   -1.047197551  -97.644210247    1.361355179    0.138034082
   -2.379994435   -1.047197551  -96.506280811    9.363037995   -1.371231049
   -2.189594880   -1.047197551  -94.528204413   10.279047087   -3.353004514
   -1.999195325   -1.047197551  -92.919321064    6.016533979   -6.143024086
   -1.808795770   -1.047197551  -92.334562132    0.170949886   -9.848644779
   -1.618396215   -1.047197551  -92.722551199   -3.702013439  -14.180643915
   -1.427996661   -1.047197551  -93.480732556   -3.566504515  -18.475207545
   -1.237597106   -1.047197551  -93.817656071    0.584242954  -21.912282334
   -1.047197551   -1.047197551  -93.107114107    7.037142796  -23.811396847
   -0.856797996   -1.047197551  -91.137986264   13.311949373  -23.873538353
   -0.666398442   -1.047197551  -88.183166203   16.972216412  -22.243641148
   -0.475998887   -1.047197551  -84.941341084   16.036257368  -19.407589972
   -0.285599332   -1.047197551  -82.426728299    9.273107886  -16.004217240
   -0.095199777   -1.047197551  -81.779457220   -3.481314999  -12.626622460
    0.095199777   -1.047197551  -84.006253215  -20.402726217   -9.703557687
    0.285599332   -1.047197551  -89.532126976  -37.210755851   -7.426076348
    0.475998887   -1.047197551  -97.756183157  -47.623518631   -5.770303131
    0.666398442   -1.047197551 -106.851173571  -45.550862985   -4.569625703
    0.856797996   -1.047197551 -114.108545392  -28.301711402   -3.622198907
    1.047197551   -1.047197551 -116.834345492    1.019979746   -2.762593252
    1.237597106   -1.047197551 -113.467594107   34.007137924   -1.896548670
    1.427996661   -1.047197551 -104.299731015   60.316803506   -0.972139817
    1.618396215   -1.047197551  -91.412327564   72.211265767    0.039135973
    1.808795770   -1.047197551  -77.866737598   67.318474974    1.149041896
    1.999195325   -1.047197551  -66.642659469   48.684411079    2.333697580
    2.189594880   -1.047197551  -59.805801373   22.369914687    3.514711394
    2.379994435   -1.047197551  -58.183827484   -5.064722119    4.548061230
    2.570393989   -1.047197551  -61.447035089  -28.158483237    5.246959735
    2.760793544   -1.047197551  -68.373047001  -43.048952231    5.436211188
    2.951193099   -1.047197551  -77.170863337  -47.672316336    5.034114374

   -3.141592654   -0.698131701  -85.942964858  -45.830553525    4.367710947
   -2.951193099   -0.698131701  -93.500876147  -32.726926724    1.868115962
   -2.760793544   -0.698131701  -98.156752131  -16.245031239   -0.767914545
   -2.570393989   -0.698131701  -99.809864036   -1.998117181   -3.330233884
   -2.379994435   -0.698131701  -99.329932272    5.705062052   -5.838444480
   -2.189594880   -0.698131701  -98.129707649    5.669541697   -8.537131326
   -1.999195325   -0.698131701  -97.522594485    0.091789055  -11.704358825
   -1.808795770   -0.698131701  -98.170762704   -6.727947328  -15.378612116
   -1.618396215   -0.698131701  -99.880579182  -10.439929644  -19.168642697
   -1.427996661   -0.698131701 -101.782033212   -8.562466234  -22.310623494
   -1.237597106   -0.698131701 -102.789025398   -1.268489750  -23.966961361
   -1.047197551   -0.698131701 -102.073909709    8.960948258  -23.603138156
   -0.856797996   -0.698131701  -99.401662478   18.628734978  -21.237217751
   -0.666398442   -0.698131701  -95.203968776   24.454882426  -17.424293189
   -0.475998887   -0.698131701  -90.458859564   24.063727345  -13.022770930
   -0.285599332   -0.698131701  -86.486441164   16.340339914   -8.866916500
   -0.095199777   -0.698131701  -84.669862875    1.615687647   -5.489216358
    0.095199777   -0.698131701  -86.142800844  -17.570031864   -3.004871350
    0.285599332   -0.698131701  -91.317726538  -36.241255690   -1.149585950
    0.475998887   -0.698131701  -99.466971058  -47.641939823    0.511404459
    0.666398442   -0.698131701 -108.579876631  -45.582812194    2.319455411
    0.856797996   -0.698131701 -115.783469284  -27.639291227    4.324053514
    1.047197551   -0.698131701 -118.292470940    2.616653474    6.278715976
    1.237597106   -0.698131701 -114.542914040   36.365729909    7.822446123
    1.427996661   -0.698131701 -104.882179975   63.059125293    8.730598741
    1.618396215   -0.698131701  -91.466049018   74.962137208    9.043311025
    1.808795770   -0.698131701  -77.418770173   69.795497664    9.008498134
    1.999195325   -0.698131701  -65.766211889   50.674570713    8.904368128
    2.189594880   -0.698131701  -58.613313014   23.662447320    8.870612844
    2.379994435   -0.698131701  -56.830764277   -4.707161757    8.840050693
    2.570393989   -0.698131701  -60.132989910  -28.950241890    8.586694681
    2.760793544   -0.698131701  -67.326984701  -45.062089124    7.841490364
    2.951193099   -0.698131701  -76.612816314  -50.734244514    6.430602451

   -3.141592654   -0.349065850  -84.696290285  -51.109287572    3.660820415
   -2.951193099   -0.349065850  -93.318008923  -38.497931293    0.560806063
   -2.760793544   -0.349065850  -99.069541841  -21.884387436   -2.613317236
   -2.570393989   -0.349065850 -101.754712138   -7.179534501   -5.637629069
   -2.379994435   -0.349065850 -102.225202533    0.846643978   -8.478758939
   -2.189594880   -0.349065850 -101.953129172    0.709348390  -11.283949664
   -1.999195325   -0.349065850 -102.324862744   -5.229516963  -14.205452639
   -1.808795770   -0.349065850 -103.997837140  -12.042581064  -17.158420883
   -1.618396215   -0.349065850 -106.637410325  -14.658284777  -19.680494884
   -1.427996661   -0.349065850 -109.126061593  -10.277558829  -21.045745255
   -1.237597106   -0.349065850 -110.134054369    0.545062939  -20.599496694
   -1.047197551   -0.349065850 -108.723485662   14.365832626  -18.127670384
   -0.856797996   -0.349065850 -104.755523459   26.582127438  -14.028504739
   -0.666398442   -0.349065850  -98.939533233   33.172529413   -9.180575250
   -0.475998887   -0.349065850  -92.611688708   31.689107763   -4.597581672
   -0.285599332   -0.349065850  -87.398811032   21.605237040   -1.027874677
   -0.095199777   -0.349065850  -84.834273577    4.243531837    1.307464263
    0.095199777   -0.349065850  -86.004762487  -16.826534386    2.750227682
    0.285599332   -0.349065850  -91.108746272  -35.985880964    4.005618213
    0.475998887   -0.349065850  -99.141956939  -46.491051834    5.768443297
    0.666398442   -0.349065850 -107.885462434  -42.829991767    8.344217221
    0.856797996   -0.349065850 -114.425634569  -23.563571846   11.460631295
    1.047197551   -0.349065850 -116.109954990    6.981737444   14.401720104
    1.237597106   -0.349065850 -111.593664206   39.884106463   16.402504971
    1.427996661   -0.349065850 -101.399148875   65.102549125   17.062648814
    1.618396215   -0.349065850  -87.732332636   75.619827690   16.510423838
    1.808795770   -0.349065850  -73.649726526   69.619845985   15.247007042
    1.999195325   -0.349065850  -62.064811312   50.212621728   13.818690603
    2.189594880   -0.349065850  -55.007920174   23.114812736   12.539323883
    2.379994435   -0.349065850  -53.353052289   -5.561167357   11.403236434
    2.570393989   -0.349065850  -56.884149472  -30.581497762   10.177610738
    2.760793544   -0.349065850  -64.498942777  -47.905614734    8.571991229
    2.951193099   -0.349065850  -74.455674062  -54.933375458    6.398592795

   -3.141592654    0.000000000  -83.623959956  -56.744813521    2.071523264
   -2.951193099    0.000000000  -93.361687265  -44.480765469   -0.927847790
   -2.760793544    0.000000000 -100.247557827  -27.730754314   -3.867063168
   -2.570393989    0.000000000 -104.008630436  -12.607591581   -6.590990889
   -2.379994435    0.000000000 -105.472247302   -4.179861108   -9.086120623
   -2.189594880    0.000000000 -106.131977462   -4.064707496  -11.445567659
   -1.999195325    0.000000000 -107.385724514   -9.660157230  -13.710614374
   -1.808795770    0.000000000 -109.823649314  -15.485864138  -15.687165122
   -1.618396215    0.000000000 -112.937886930  -15.990018723  -16.888111978
   -1.427996661    0.000000000 -115.390134363   -8.414836147  -16.707049209
   -1.237597106    0.000000000 -115.703340769    5.951605313  -14.754934082
   -1.047197551    0.000000000 -112.978719381   22.531983401  -11.156775845
   -0.856797996    0.000000000 -107.327751987   35.749592979   -6.594851776
   -0.666398442    0.000000000  -99.836886670   41.269417358   -2.053421727
   -0.475998887    0.000000000  -92.200136982   37.159964308    1.583658553
   -0.285599332    0.000000000  -86.240722210   24.001561337    3.907797879
   -0.095199777    0.000000000  -83.457114753    4.366334047    5.127910395
    0.095199777    0.000000000  -84.689255707  -17.276355164    5.965992938
    0.285599332    0.000000000  -89.781469742  -35.134033204    7.318557722
    0.475998887    0.000000000  -97.423560286  -43.136130758    9.820296527
    0.666398442    0.000000000 -105.283449709  -37.045865389   13.489081793
    0.856797996    0.000000000 -110.588885689  -16.701447935   17.651197043
    1.047197551    0.000000000 -111.018186752   12.963388820   21.222761500
    1.237597106    0.000000000 -105.579332998   43.404069751   23.234821881
    1.427996661    0.000000000  -94.998847013   65.663660299   23.288342069
    1.618396215    0.000000000  -81.465340355   73.837473193   21.676445303
    1.808795770    0.000000000  -67.853408390   66.666435863   19.129716078
    1.999195325    0.000000000  -56.858698504   47.098833183   16.394861703
    2.189594880    0.000000000  -50.370871525   20.270688135   13.912926359
    2.379994435    0.000000000  -49.241057272   -8.292066188   11.739298820
    2.570393989    0.000000000  -53.317841062  -33.666485256    9.673052967
    2.760793544    0.000000000  -61.590308566  -51.787229983    7.453753630
    2.951193099    0.000000000  -72.378140339  -59.784161667    4.918736919

   -3.141592654    0.349065850  -81.802871254  -60.722605968    1.467603887
   -2.951193099    0.349065850  -92.334328596  -48.798112665   -0.386797260
   -2.760793544    0.349065850 -100.065213376  -32.244584170   -2.103144164
   -2.570393989    0.349065850 -104.694208760  -17.182351208   -3.716917824
   -2.379994435    0.349065850 -107.025997583   -8.701432851   -5.294365033
   -2.189594880    0.349065850 -108.528196773   -8.339574212   -6.876433952
   -1.999195325    0.349065850 -110.540191910  -13.241413766   -8.387893693
   -1.808795770    0.349065850 -113.534977020  -17.599229787   -9.569820554
   -1.618396215    0.349065850 -116.840280514  -15.743088330  -10.013578692
   -1.427996661    0.349065850 -118.973038781   -5.266219511   -9.332983388
   -1.237597106    0.349065850 -118.424646747   11.726149352   -7.402810227
   -1.047197551    0.349065850 -114.438815741   29.735361794   -4.511098656
   -0.856797996    0.349065850 -107.416932881   42.647860085   -1.291770166
   -0.666398442    0.349065850  -98.771542288   46.289459425    1.547728969
   -0.475998887    0.349065850  -90.424325947   39.579621793    3.546744384
   -0.285599332    0.349065850  -84.225361750   24.262659010    4.727564945
   -0.095199777    0.349065850  -81.486995112    3.927242322    5.585512318
    0.095199777    0.349065850  -82.718445852  -16.521450710    6.893593527
    0.285599332    0.349065850  -87.424367917  -31.651018455    9.341040776
    0.475998887    0.349065850  -94.097180813  -36.491287896   13.175938737
    0.666398442    0.349065850 -100.458788128  -28.245969826   17.990784569
    0.856797996    0.349065850 -104.047026608   -7.888120161   22.797294610
    1.047197551    0.349065850 -102.988312340   19.415449202   26.394532939
    1.237597106    0.349065850  -96.680495591   45.931566963   27.889128933
    1.427996661    0.349065850  -86.016151746   64.126260135   27.060555771
    1.618396215    0.349065850  -73.080648390   69.362283907   24.386361581
    1.808795770    0.349065850  -60.467667122   60.932175779   20.728559477
    1.999195325    0.349065850  -50.567675675   41.520815553   16.912802878
    2.189594880    0.349065850  -45.064748352   15.557285767   13.446165613
    2.379994435    0.349065850  -44.744765882  -12.125867092   10.471073858
    2.570393989    0.349065850  -49.496962287  -37.005675388    7.903014183
    2.760793544    0.349065850  -58.394979489  -55.090133525    5.600393456
    2.951193099    0.349065850  -69.835219202  -63.369518198    3.466193680

   -3.141592654    0.698131701  -80.001818888  -62.642915395    0.738186184
   -2.951193099    0.698131701  -90.905155317  -50.785075563    0.436015428
   -2.760793544    0.698131701  -99.031101530  -34.393771830    0.301814931
   -2.570393989    0.698131701 -104.085292563  -19.479566717    0.111770516
   -2.379994435    0.698131701 -106.860295460  -11.029296106   -0.279330597
   -2.189594880    0.698131701 -108.793890092  -10.496127136   -0.886969004
   -1.999195325    0.698131701 -111.178054505  -14.932051319   -1.596558187
   -1.808795770    0.698131701 -114.421512323  -18.454308456   -2.204742708
   -1.618396215    0.698131701 -117.783555248  -15.441242254   -2.495218221
   -1.427996661    0.698131701 -119.740688725   -3.740418194   -2.328988004
   -1.237597106    0.698131701 -118.809330562   14.122950071   -1.714120282
   -1.047197551    0.698131701 -114.338672192   32.285401326   -0.811182264
   -0.856797996    0.698131701 -106.880818109   44.561802301    0.160256364
   -0.666398442    0.698131701  -97.972095870   47.117683366    1.066145650
   -0.475998887    0.698131701  -89.559029764   39.551177408    1.970061125
   -0.285599332    0.698131701  -83.376538496   24.317736703    3.178738168
   -0.095199777    0.698131701  -80.510761968    5.450552001    5.131910118
    0.095199777    0.698131701  -81.208153760  -12.269042313    8.232900534
    0.285599332    0.698131701  -84.794421551  -24.147384060   12.603476761
    0.475998887    0.698131701  -89.771291305  -26.403176964   17.912300377
    0.666398442    0.698131701  -94.105714720  -17.430965963   23.347976622
    0.856797996    0.698131701  -95.761112492    1.173390819   27.820169854
    1.047197551    0.698131701  -93.321641963   24.577565703   30.322874090
    1.237597106    0.698131701  -86.490373773   46.236883375   30.335574262
    1.427996661    0.698131701  -76.199097820   60.110606452   28.002894046
    1.618396215    0.698131701  -64.316911179   62.637016072   24.029277244
    1.808795770    0.698131701  -53.090321863   53.385795729   19.339222581
    1.999195325    0.698131701  -44.585541630   34.589722917   14.721358524
    2.189594880    0.698131701  -40.283277048    9.926765360   10.647022152
    2.379994435    0.698131701  -40.903228718  -16.398786413    7.287119572
    2.570393989    0.698131701  -46.360248168  -40.194091327    4.653915058
    2.760793544    0.698131701  -55.790465918  -57.551593357    2.719527972
    2.951193099    0.698131701  -67.656750672  -65.426897051    1.444116066

   -3.141592654    1.047197551  -81.062806574  -62.873522302   -4.293994104
   -2.951193099    1.047197551  -91.934155449  -50.269375046   -3.431607355
   -2.760793544    1.047197551  -99.927485745  -33.575246386   -2.243667582
   -2.570393989    1.047197551 -104.829129606  -18.741418372   -1.084983597
   -2.379994435    1.047197551 -107.488738029  -10.569086387   -0.181226551
   -2.189594880    1.047197551 -109.363065802  -10.318239559    0.406848680
   -1.999195325    1.047197551 -111.731907655  -14.922876712    0.721471822
   -1.808795770    1.047197551 -114.979926281  -18.497472450    0.812405792
   -1.618396215    1.047197551 -118.351910459  -15.509859187    0.681955698
   -1.427996661    1.047197551 -120.330321897   -3.919523561    0.305239230
   -1.237597106    1.047197551 -119.453236051   13.704238058   -0.292943262
   -1.047197551    1.047197551 -115.087841977   31.598737413   -0.972795523
   -0.856797996    1.047197551 -107.771002338   43.825916151   -1.453020890
   -0.666398442    1.047197551  -98.967622266   46.857262729   -1.360017254
   -0.475998887    1.047197551  -90.497944216   40.556413574   -0.320838280
   -0.285599332    1.047197551  -83.936380091   27.416043372    1.962321167
   -0.095199777    1.047197551  -80.232060605   11.216721292    5.612627716
    0.095199777    1.047197551  -79.574031148   -3.867648694   10.522604906
    0.285599332    1.047197551  -81.369925327  -13.956316755   16.264709435
    0.475998887    1.047197551  -84.359375645  -16.042196830   22.085750908
    0.666398442    1.047197551  -86.864865651   -8.916403172   27.006991941
    0.856797996    1.047197551  -87.221301306    6.057966844   30.082348930
    1.047197551    1.047197551  -84.277754603   24.937632699   30.693824873
    1.237597106    1.047197551  -77.795197429   42.356805768   28.794167055
    1.427996661    1.047197551  -68.550423873   53.265123771   24.887501467
    1.618396215    1.047197551  -58.122392363   54.478814601   19.810572305
    1.808795770    1.047197551  -48.457655174   45.318888121   14.407644364
    1.999195325    1.047197551  -41.410938245   27.418427352    9.290251220
    2.189594880    1.047197551  -38.365501232    3.903432526    4.793303897
    2.379994435    1.047197551  -40.023041139  -21.282780020    1.068108334
    2.570393989    1.047197551  -46.302965523  -43.945356246   -1.779359592
    2.760793544    1.047197551  -56.335333465  -60.106490760   -3.638724539
    2.951193099    1.047197551  -68.571481687  -66.750619662   -4.449102670

   -3.141592654    1.396263402  -86.095716607  -61.589597560   -9.946335869
   -2.951193099    1.396263402  -96.535533690  -47.135281796   -8.505201260
   -2.760793544    1.396263402 -103.823978035  -29.448242693   -6.682811174
   -2.570393989    1.396263402 -107.916926955  -14.502490032   -4.854085220
   -2.379994435    1.396263402 -109.811511083   -6.852627882   -3.219485351
   -2.189594880    1.396263402 -111.057521818   -7.472664472   -1.796334438
   -1.999195325    1.396263402 -112.982906924  -13.137453339   -0.541914334
   -1.808795770    1.396263402 -116.005740118  -17.953793214    0.507401383
   -1.618396215    1.396263402 -119.406337582  -16.381414169    1.199578581
   -1.427996661    1.396263402 -121.685617069   -6.184898576    1.370546305
   -1.237597106    1.396263402 -121.339170927   10.498629623    1.020837071
   -1.047197551    1.396263402 -117.599203308   28.419038916    0.416598912
   -0.856797996    1.396263402 -110.782566212   41.967743299    0.058289301
   -0.666398442    1.396263402 -102.106478163   47.548403445    0.506839869
   -0.475998887    1.396263402  -93.194868428   44.588951690    2.178229999
   -0.285599332    1.396263402  -85.533838246   34.879388382    5.220295155
   -0.095199777    1.396263402  -80.128165458   21.458415217    9.452350961
    0.095199777    1.396263402  -77.357364966    7.808464062   14.398024119
    0.285599332    1.396263402  -76.935409371   -2.667001732   19.319675578
    0.475998887    1.396263402  -77.968429433   -7.097043695   23.342384552
    0.666398442    1.396263402  -79.126807636   -3.910549935   25.648005507
    0.856797996    1.396263402  -78.973710674    6.364662750   25.737928224
    1.047197551    1.396263402  -76.400973321   20.882565398   23.595837589
    1.237597106    1.396263402  -71.013783819   35.151877639   19.714809466
    1.427996661    1.396263402  -63.315414271   44.472458803   14.867156454
    1.618396215    1.396263402  -54.604890384   45.395205268    9.812655500
    1.808795770    1.396263402  -46.635121583   36.653348349    5.058235698
    1.999195325    1.396263402  -41.180753414   19.359559890    0.806199373
    2.189594880    1.396263402  -39.612352103   -3.547544782   -2.920998366
    2.379994435    1.396263402  -42.619290629  -27.948444105   -6.098656392
    2.570393989    1.396263402  -50.057523504  -49.338820521   -8.581506216
    2.760793544    1.396263402  -60.945653464  -63.588193156  -10.135669621
    2.951193099    1.396263402  -73.623862320  -67.850927807  -10.580938208

   -3.141592654    1.745329252  -92.454250518  -59.720912132  -16.319239078
   -2.951193099    1.745329252 -102.371339447  -43.642564917  -14.926777115
   -2.760793544    1.745329252 -108.905633980  -25.158882268  -12.896957975
   -2.570393989    1.745329252 -112.167252975  -10.163814627  -10.547781310
   -2.379994435    1.745329252 -113.268405737   -2.908104113   -8.065180332
   -2.189594880    1.745329252 -113.816876657   -4.113493299   -5.493070537
   -1.999195325    1.745329252 -115.169189539  -10.512059368   -2.859374335
   -1.808795770    1.745329252 -117.780395028  -16.309291761   -0.312218803
   -1.618396215    1.745329252 -120.981714349  -15.971062626    1.854221355
   -1.427996661    1.745329252 -123.300182135   -6.971898163    3.338796698
   -1.237597106    1.745329252 -123.174717932    9.092613389    4.051475007
   -1.047197551    1.745329252 -119.676066776   27.488543751    4.239059263
   -0.856797996    1.745329252 -112.889162869   42.775484108    4.435168896
   -0.666398442    1.745329252 -103.814844035   51.021040236    5.229785832
   -0.475998887    1.745329252  -93.963197811   50.961229336    7.002509381
   -0.285599332    1.745329252  -84.852288507   43.571141646    9.770694560
   -0.095199777    1.745329252  -77.667014070   31.204962485   13.161697980
    0.095199777    1.745329252  -73.074204173   16.888913044   16.522561744
    0.285599332    1.745329252  -71.131514150    3.934425165   19.062654509
    0.475998887    1.745329252  -71.264029898   -4.428489750   20.067564380
    0.666398442    1.745329252  -72.346459680   -5.781299628   19.116264785
    0.856797996    1.745329252  -72.950732092    0.454902391   16.266685777
    1.047197551    1.745329252  -71.776103490   12.408550810   12.043955562
    1.237597106    1.745329252  -68.100376015   25.934047062    7.271401474
    1.427996661    1.745329252  -62.106001470   35.961407100    2.719378798
    1.618396215    1.745329252  -54.892965889   38.195449308   -1.164305711
    1.808795770    1.745329252  -48.179859714   30.570145617   -4.348186244
    1.999195325    1.745329252  -43.822341859   13.830224945   -7.085885015
    2.189594880    1.745329252  -43.288997560   -8.914808718   -9.663488431
    2.379994435    1.745329252  -47.298368302  -33.038590096  -12.173976870
    2.570393989    1.745329252  -55.634386974  -53.541990030  -14.432911692
    2.760793544    1.745329252  -67.176689498  -66.119927880  -16.073839208
    2.951193099    1.745329252  -80.132854180  -68.174956705  -16.747565716

   -3.141592654    2.094395102  -99.288752538  -58.537649348  -18.938435808
   -2.951193099    2.094395102 -108.822342421  -40.888214400  -17.676198399
   -2.760793544    2.094395102 -114.725000318  -21.375497071  -15.655490913
   -2.570393989    2.094395102 -117.207622732   -5.835067354  -13.119456133
   -2.379994435    2.094395102 -117.454116498    1.708429722  -10.212925560
   -2.189594880    2.094395102 -117.105535482    0.666981703   -6.957774031
   -1.999195325    2.094395102 -117.546329286   -5.771368334   -3.364864576
   -1.808795770    2.094395102 -119.289394572  -12.020187729    0.424396365
   -1.618396215    2.094395102 -121.755826522  -12.622306754    4.084534089
   -1.427996661    2.094395102 -123.547968413   -4.803523491    7.213984194
   -1.237597106    2.094395102 -123.102249214   10.372363996    9.542831799
   -1.047197551    2.094395102 -119.381717251   28.695079689   11.084153090
   -0.856797996    2.094395102 -112.291609709   44.900216631   12.131510501
   -0.666398442    2.094395102 -102.668056712   54.716016973   13.078681164
   -0.475998887    2.094395102  -91.959782998   56.186010911   14.184010047
   -0.285599332    2.094395102  -81.766975884   49.513282506   15.416511044
   -0.095199777    2.094395102  -73.487311092   36.503411728   16.427397866
    0.095199777    2.094395102  -68.069254634   20.007470592   16.668741393
    0.285599332    2.094395102  -65.842801859    3.634238880   15.577835893
    0.475998887    2.094395102  -66.404810652   -8.644316211   12.823576995
    0.666398442    2.094395102  -68.629874318  -13.378057401    8.504528292
    0.856797996    2.094395102  -70.890823055   -9.043188547    3.221181385
    1.047197551    2.094395102  -71.551331022    2.962202103   -2.104329040
    1.237597106    2.094395102  -69.532214329   18.188230451   -6.559973403
    1.427996661    2.094395102  -64.781770335   30.669042571   -9.628685770
    1.618396215    2.094395102  -58.360360787   35.042398263  -11.355086694
    1.808795770    2.094395102  -52.123375536   28.526267883  -12.243202751
    1.999195325    2.094395102  -48.142291224   11.762652727  -12.951423564
    2.189594880    2.094395102  -48.064117305  -11.674029075  -13.974395025
    2.379994435    2.094395102  -52.666470930  -36.429819671  -15.443189405
    2.570393989    2.094395102  -61.658139462  -56.881881338  -17.116854011
    2.760793544    2.094395102  -73.759220334  -68.489500311  -18.532602709
    2.951193099    2.094395102  -87.015075279  -68.867694748  -19.227420354

   -3.141592654    2.443460953 -105.728537043  -58.024869838  -13.159883159
   -2.951193099    2.443460953 -115.033415117  -39.044874308  -11.571146063
   -2.760793544    2.443460953 -120.472883208  -18.398381630   -9.432379067
   -2.570393989    2.443460953 -122.292882221   -1.871532113   -6.959884396
   -2.379994435    2.443460953 -121.689803225    6.675752774   -4.256896796
   -2.189594880    2.443460953 -120.292709983    6.709830567   -1.262975115
   -1.999195325    2.443460953 -119.486346689    1.236830649    2.147861773
   -1.808795770    2.443460953 -119.836792886   -4.511786410    5.993470357
   -1.618396215    2.443460953 -120.883252110   -5.356872823   10.051551345
   -1.427996661    2.443460953 -121.373652735    1.496784888   13.887672349
   -1.237597106    2.443460953 -119.852960314   15.332151092   17.031759198
   -1.047197551    2.443460953 -115.311328303   32.405585586   19.181403276
   -0.856797996    2.443460953 -107.602437473   47.755976618   20.301565773
   -0.666398442    2.443460953  -97.486850717   57.053826115   20.549068609
   -0.475998887    2.443460953  -86.380820118   57.973333477   20.095704010
   -0.285599332    2.443460953  -75.937338661   50.231982735   18.966535591
   -0.095199777    2.443460953  -67.689635121   35.288359072   16.986519584
    0.095199777    2.443460953  -62.758167395   15.980878790   13.876477670
    0.285599332    2.443460953  -61.606647922   -3.650415440    9.443304930
    0.475998887    2.443460953  -63.843678881  -18.811752987    3.808525743
    0.666398442    2.443460953  -68.180562885  -25.087470445   -2.465704057
    0.856797996    2.443460953  -72.661983713  -20.295804313   -8.447132731
    1.047197551    2.443460953  -75.260824784   -5.851135241  -13.141696310
    1.237597106    2.443460953  -74.585889681   12.985089982  -15.884722174
    1.427996661    2.443460953  -70.477682515   29.015708013  -16.627252356
    1.618396215    2.443460953  -64.117985534   35.800075052  -15.915489537
    1.808795770    2.443460953  -57.636096791   30.083720750  -14.605248089
    1.999195325    2.443460953  -53.398399025   12.726788508  -13.480774435
    2.189594880    2.443460953  -53.256680953  -12.011186007  -12.989192613
    2.379994435    2.443460953  -58.047729235  -37.996285063  -13.156669041
    2.570393989    2.443460953  -67.406180681  -59.024091507  -13.680321914
    2.760793544    2.443460953  -79.901605747  -70.340523865  -14.103974647
    2.951193099    2.443460953  -93.422491410  -69.709252684  -14.008041852

   -3.141592654    2.792526803 -109.044741123  -56.638842841    0.679524163
   -2.951193099    2.792526803 -117.995706758  -36.756480992    2.690016151
   -2.760793544    2.792526803 -122.926373518  -15.387836380    4.549574796
   -2.570393989    2.792526803 -124.118129172    1.697031071    6.210067994
   -2.379994435    2.792526803 -122.782291221   10.822567387    7.838561677
   -2.189594880    2.792526803 -120.523638490   11.651553265    9.784018050
   -1.999195325    2.792526803 -118.681100636    7.199583424   12.401566016
   -1.808795770    2.792526803 -117.798923120    2.430238681   15.821929081
   -1.618396215    2.792526803 -117.463635264    2.098459036   19.793669760
   -1.427996661    2.792526803 -116.548033545    8.656796352   23.715751413
   -1.237597106    2.792526803 -113.762534313   21.320867984   26.854596717
   -1.047197551    2.792526803 -108.247573881   36.560321498   28.619789033
   -0.856797996    2.792526803  -99.950662581   49.742985411   28.748404541
   -0.666398442    2.792526803  -89.671784263   56.767250985   27.299293859
   -0.475998887    2.792526803  -78.841824447   55.338043123   24.515552775
   -0.285599332    2.792526803  -69.135656601   45.090722714   20.640486572
   -0.095199777    2.792526803  -62.119281587   27.484027015   15.830380682
    0.095199777    2.792526803  -58.923290936    5.607290741   10.186116417
    0.285599332    2.792526803  -59.945134327  -15.941992130    3.888508145
    0.475998887    2.792526803  -64.603097270  -31.669160476   -2.652212880
    0.666398442    2.792526803  -71.295624397  -36.635354701   -8.749146123
    0.856797996    2.792526803  -77.701203690  -28.679960827  -13.573540781
    1.047197551    2.792526803  -81.497527716   -9.933465483  -16.443190795
    1.237597106    2.792526803  -81.185870549   13.148555933  -17.128427441
    1.427996661    2.792526803  -76.731200859   32.230433973  -15.970452641
    1.618396215    2.792526803  -69.609065828   40.298751005  -13.722946535
    1.808795770    2.792526803  -62.282250595   34.249357691  -11.208496490
    1.999195325    2.792526803  -57.367377652   15.589245651   -8.993657099
    2.189594880    2.792526803  -56.827534536  -10.661358872   -7.261285379
    2.379994435    2.792526803  -61.480972278  -37.803548266   -5.873847853
    2.570393989    2.792526803  -70.863371531  -59.352036906   -4.556078871
    2.760793544    2.792526803  -83.417180406  -70.525738720   -3.065445189
    2.951193099    2.792526803  -96.915988643  -69.237141953   -1.299713761
