#! FIELDS phi psi file.free der_phi der_psi
#! SET min_phi -pi
#! SET max_phi pi
#! SET nbins_phi  33
#! SET periodic_phi true
#! SET min_psi -pi
#! SET max_psi pi
#! SET nbins_psi  18
#! SET periodic_psi true
   -3.141592654   -3.141592654  -75.613116833  -54.772078084   14.675580732
   -2.951193099   -3.141592654  -84.426708681  -36.993101560   17.463772196
   -2.760793544   -3.141592654  -89.499348678  -16.372849957   19.403360887
   -2.570393989   -3.141592654  -90.834258396    1.436147131   20.518959718
   -2.379994435   -3.141592654  -89.393359779   12.354692632   21.167491309
   -2.189594880   -3.141592654  -86.633255074   15.432940736   21.905889608
   -1.999195325   -3.141592654  -83.865993168   13.065489497   23.219533401
   -1.808795770   -3.141592654  -81.722538031    9.673820960   25.241606763
   -1.618396215   -3.141592654  -79.971169870    9.524232225   27.619970103
   -1.427996661   -3.141592654  -77.748311400   14.715253363   29.623049762
   -1.237597106   -3.141592654  -74.075703489   24.353601538   30.450025733
   -1.047197551   -3.141592654  -68.391283005   35.158227106   29.572353773
   -0.856797996   -3.141592654  -60.851796949   43.174003261   26.938591508
   -0.666398442   -3.141592654  -52.305598301   45.289718431   22.926648283
   -0.475998887   -3.141592654  -44.036963195   40.218932631   18.125965551
   -0.285599332   -3.141592654  -37.403791844   28.325086848   13.042741296
   -0.095199777   -3.141592654  -33.561151090   11.308334749    7.938034709
    0.095199777   -3.141592654  -33.230084535   -7.986889222    2.832754610
    0.285599332   -3.141592654  -36.477543914  -25.504587134   -2.303929091
    0.475998887   -3.141592654  -42.507674560  -36.413943904   -7.325124016
    0.666398442   -3.141592654  -49.635332943  -36.489299334  -11.779775997
    0.856797996   -3.141592654  -55.603505884  -24.388202895  -15.013225719
    1.047197551   -3.141592654  -58.312334620   -3.091326061  -16.449432985
    1.237597106   -3.141592654  -56.625561745   20.435038611  -15.915953643
    1.427996661   -3.141592654  -50.901185775   38.074507912  -13.756478271
    1.618396215   -3.141592654  -42.881962517   43.906271020  -10.669102007
    1.808795770   -3.141592654  -35.041994594   36.291518528   -7.366952146
    1.999195325   -3.141592654  -29.759635804   17.734835168   -4.273773548
    2.189594880   -3.141592654  -28.670269255   -6.823339187   -1.433578550
    2.379994435   -3.141592654  -32.384044136  -31.805969180    1.374543138
    2.570393989   -3.141592654  -40.484893507  -52.129398398    4.408023636
    2.760793544   -3.141592654  -51.686016775  -63.843077410    7.767532615
    2.951193099   -3.141592654  -64.096414071  -64.670560059   11.306004124

   -3.141592654   -2.792526803  -68.826412088  -49.059101232   22.124151280
   -2.951193099   -2.792526803  -76.737715346  -33.315955106   24.944783124
   -2.760793544   -2.792526803  -81.318359965  -14.847684269   26.489323749
   -2.570393989   -2.792526803  -82.525642007    1.403429662   26.939662188
   -2.379994435   -2.792526803  -81.151903910   11.895011908   26.816736918
   -2.189594880   -2.792526803  -78.421087110   15.764679570   26.770420053
   -1.999195325   -2.792526803  -75.449582054   14.938009543   27.283156674
   -1.808795770   -2.792526803  -72.805519291   12.955565983   28.422501231
   -1.618396215   -2.792526803  -70.372770748   13.161722118   29.772593139
   -1.427996661   -2.792526803  -67.548124308   17.127551184   30.590571249
   -1.237597106   -2.792526803  -63.653990643   24.077503584   30.128484654
   -1.047197551   -2.792526803  -58.346492396   31.443396388   27.951522389
   -0.856797996   -2.792526803  -51.834479671   36.212959002   24.105390150
   -0.666398442   -2.792526803  -44.852736140   36.030770715   19.046751358
   -0.475998887   -2.792526803  -38.470765939   29.863022491   13.425544200
   -0.285599332   -2.792526803  -33.832580312   17.866694249    7.796862319
   -0.095199777   -2.792526803  -31.944122112    1.303556230    2.474882679
    0.095199777   -2.792526803  -33.455195448  -17.297492905   -2.465004050
    0.285599332   -2.792526803  -38.393148400  -33.890511239   -7.011891694
    0.475998887   -2.792526803  -45.896374862  -43.384554667  -11.033433582
    0.666398442   -2.792526803  -54.158997348  -41.300498680  -14.187667388
    0.856797996   -2.792526803  -60.781286611  -26.339934553  -16.033550444
    1.047197551   -2.792526803  -63.568972017   -1.973231544  -16.252168705
    1.237597106   -2.792526803  -61.411228671   24.140758516  -14.872702607
    1.427996661   -2.792526803  -54.814107247   43.353790461  -12.286873758
    1.618396215   -2.792526803  -45.726749137   49.694303025   -9.066439056
    1.808795770   -2.792526803  -36.793076245   41.936378003   -5.684294474
    1.999195325   -2.792526803  -30.457573366   23.190769222   -2.320175129
    2.189594880   -2.792526803  -28.318289802   -1.167661713    1.135659801
    2.379994435   -2.792526803  -30.899082189  -25.508183167    4.916198368
    2.570393989   -2.792526803  -37.725354293  -45.061104388    9.151980131
    2.760793544   -2.792526803  -47.531881293  -56.375326403   13.719455164
    2.951193099   -2.792526803  -58.542834952  -57.606888000   18.222391018

   -3.141592654   -2.443460953  -60.996922471  -43.106913325   21.348483764
   -2.951193099   -2.443460953  -67.984189970  -29.616965632   23.494142214
   -2.760793544   -2.443460953  -72.075254274  -13.344568611   24.444888179
   -2.570393989   -2.443460953  -73.154223673    1.405246969   24.457442856
   -2.379994435   -2.443460953  -71.839391234   11.462117173   24.003235913
   -2.189594880   -2.443460953  -69.151127094   15.881300406   23.573738397
   -1.999195325   -2.443460953  -66.064622877   16.034978402   23.467865076
   -1.808795770   -2.443460953  -63.142542789   14.645809482   23.646312930
   -1.618396215   -2.443460953  -60.415542400   14.337487163   23.727378728
   -1.427996661   -2.443460953  -57.526351669   16.413914388   23.139100981
   -1.237597106   -2.443460953  -54.037873754   20.420321198   21.377078541
   -1.047197551   -2.443460953  -49.737437447   24.569778391   18.239826335
   -0.856797996   -2.443460953  -44.799826905   26.724149886   13.926837231
   -0.666398442   -2.443460953  -39.780766882   25.151719137    8.944596677
   -0.475998887   -2.443460953  -35.496033463   18.929268539    3.902153579
   -0.285599332   -2.443460953  -32.861376765    7.893114078   -0.739520977
   -0.095199777   -2.443460953  -32.739501796   -7.237742057   -4.776569477
    0.095199777   -2.443460953  -35.735393999  -24.358442928   -8.237704643
    0.285599332   -2.443460953  -41.884669747  -39.551686175  -11.213391752
    0.475998887   -2.443460953  -50.328986908  -47.560878414  -13.689739671
    0.666398442   -2.443460953  -59.222618170  -43.680430927  -15.471544744
    0.856797996   -2.443460953  -66.099190116  -26.566565960  -16.270622650
    1.047197551   -2.443460953  -68.717669304    0.017345575  -15.869444661
    1.237597106   -2.443460953  -65.997012911   27.974936089  -14.293997590
    1.427996661   -2.443460953  -58.549653575   48.326608674  -11.815976725
    1.618396215   -2.443460953  -48.462693900   55.129350419   -8.822467189
    1.808795770   -2.443460953  -38.479648080   47.506766584   -5.613727427
    1.999195325   -2.443460953  -31.062968586   29.024863049   -2.277180678
    2.189594880   -2.443460953  -27.757417011    5.311151296    1.288978441
    2.379994435   -2.443460953  -29.017577493  -18.100313139    5.225034159
    2.570393989   -2.443460953  -34.349854756  -36.844460957    9.526595109
    2.760793544   -2.443460953  -42.559284664  -47.965079356   13.950883019
    2.951193099   -2.443460953  -52.023924168  -49.953188324   18.052718621

   -3.141592654   -2.094395102  -54.659173057  -38.811748794   14.795484006
   -2.951193099   -2.094395102  -61.001267991  -27.149736274   15.993190016
   -2.760793544   -2.094395102  -64.787898877  -12.568000788   16.434912440
   -2.570393989   -2.094395102  -65.845331674    0.945881250   16.340785394
   -2.379994435   -2.094395102  -64.690688545   10.331108242   15.958085294
   -2.189594880   -2.094395102  -62.244799958   14.517927950   15.454384492
   -1.999195325   -2.094395102  -59.427451848   14.555544421   14.854059457
   -1.808795770   -2.094395102  -56.817527459   12.769783901   14.026303689
   -1.618396215   -2.094395102  -54.529528704   11.497862340   12.735671736
   -1.427996661   -2.094395102  -52.319734757   12.044466352   10.744918042
   -1.237597106   -2.094395102  -49.832967979   14.279935444    7.943323470
   -1.047197551   -2.094395102  -46.852561528   16.954581345    4.439723744
   -0.856797996   -2.094395102  -43.446615587   18.420569437    0.558394859
   -0.666398442   -2.094395102  -39.994178015   17.180569918   -3.269107726
   -0.475998887   -2.094395102  -37.126029932   12.137181319   -6.651145134
   -0.285599332   -2.094395102  -35.637964849    2.671705758   -9.384255440
   -0.095199777   -2.094395102  -36.368209867  -11.017996326  -11.483968740
    0.095199777   -2.094395102  -39.980371433  -27.122346502  -13.126285741
    0.285599332   -2.094395102  -46.592407692  -41.685246828  -14.496877301
    0.475998887   -2.094395102  -55.392558656  -49.135242730  -15.659656559
    0.666398442   -2.094395102  -64.513444851  -44.423464327  -16.495774448
    0.856797996   -2.094395102  -71.419394256  -26.056186792  -16.768779112
    1.047197551   -2.094395102  -73.799591229    2.029165381  -16.241537953
    1.237597106   -2.094395102  -70.557840544   31.392119180  -14.832992821
    1.427996661   -2.094395102  -62.355893836   52.751740867  -12.648072734
    1.618396215   -2.094395102  -51.366193784   60.115930763   -9.924963249
    1.808795770   -2.094395102  -40.401833999   52.802191435   -6.899297389
    1.999195325   -2.094395102  -31.945604199   34.667140579   -3.706145582
    2.189594880   -2.094395102  -27.518000982   11.479520246   -0.371180533
    2.379994435   -2.094395102  -27.545777853  -11.341418142    3.100790082
    2.570393989   -2.094395102  -31.551709718  -29.749142880    6.611595096
    2.760793544   -2.094395102  -38.421728361  -41.116793662    9.928495543
    2.951193099   -2.094395102  -46.663341398  -44.079554415   12.740825864

   -3.141592654   -1.745329252  -51.169181560  -37.215093173    7.056846959
   -2.951193099   -1.745329252  -57.319442134  -26.686417141    7.101270905
   -2.760793544   -1.745329252  -61.097470595  -12.885670860    6.810970784
   -2.570393989   -1.745329252  -62.261034281    0.191010065    6.366763966
   -2.379994435   -1.745329252  -61.278465293    9.281385499    5.815401487
   -2.189594880   -1.745329252  -59.068893375   13.041745370    5.045745333
   -1.999195325   -1.745329252  -56.600403845   12.293901513    3.863140495
   -1.808795770   -1.745329252  -54.530593467    9.291424634    2.103654198
   -1.618396215   -1.745329252  -53.045894768    6.516517225   -0.268612713
   -1.427996661   -1.745329252  -51.925393820    5.637203475   -3.125069908
   -1.237597106   -1.745329252  -50.755697468    6.989145927   -6.198799113
   -1.047197551   -1.745329252  -49.177394456    9.700263384   -9.149922799
   -0.856797996   -1.745329252  -47.068365067   12.216626201  -11.656667553
   -0.666398442   -1.745329252  -44.632444193   12.806555139  -13.496589945
   -0.475998887   -1.745329252  -42.396914556    9.865319764  -14.591567743
   -0.285599332   -1.745329252  -41.159960320    2.225891500  -15.034066409
   -0.095199777   -1.745329252  -41.853610505  -10.317152793  -15.044309120
    0.095199777   -1.745329252  -45.286223855  -26.056220841  -14.906299297
    0.285599332   -1.745329252  -51.710961417  -40.850006007  -14.854347569
    0.475998887   -1.745329252  -60.395126854  -48.743911725  -14.985253334
    0.666398442   -1.745329252  -69.470826787  -44.279173346  -15.212468907
    0.856797996   -1.745329252  -76.335905727  -25.671271450  -15.303966361
    1.047197551   -1.745329252  -78.578210657    3.163411343  -14.967640846
    1.237597106   -1.745329252  -75.020615688   33.598828576  -13.991626065
    1.427996661   -1.745329252  -66.291659011   56.047576291  -12.317913513
    1.618396215   -1.745329252  -54.586088664   64.283259769  -10.059324784
    1.808795770   -1.745329252  -42.768415143   57.542397256   -7.421705866
    1.999195325   -1.745329252  -33.373257814   39.749573426   -4.615136803
    2.189594880   -1.745329252  -27.957929918   16.740775398   -1.801588807
    2.379994435   -1.745329252  -26.981749499   -6.105652468    0.882228860
    2.570393989   -1.745329252  -30.018547908  -24.877189428    3.275312440
    2.760793544   -1.745329252  -36.029376087  -37.043179809    5.186927768
    2.951193099   -1.745329252  -43.602350225  -41.176900604    6.458369396

   -3.141592654   -1.396263402  -51.587886309  -38.976566780    4.149946702
   -2.951193099   -1.396263402  -58.083107645  -28.444446627    3.531959338
   -2.760793544   -1.396263402  -62.150516632  -14.121918504    2.662655571
   -2.570393989   -1.396263402  -63.488976024   -0.448205838    1.686318229
   -2.379994435   -1.396263402  -62.603823209    8.784571269    0.573939801
   -2.189594880   -1.396263402  -60.536670540   11.904780651   -0.874936030
   -1.999195325   -1.396263402  -58.405751678    9.788878482   -2.906738190
   -1.808795770   -1.396263402  -56.971608314    5.118687283   -5.642875864
   -1.618396215   -1.396263402  -56.420285747    0.990408817   -8.953117010
   -1.427996661   -1.396263402  -56.415999534   -0.384016695  -12.449400703
   -1.237597106   -1.396263402  -56.352278865    1.586609768  -15.604219421
   -1.047197551   -1.396263402  -55.662816338    5.909946081  -17.927262295
   -0.856797996   -1.396263402  -54.072892215   10.602303936  -19.128674001
   -0.666398442   -1.396263402  -51.730803231   13.390998370  -19.188639516
   -0.475998887   -1.396263402  -49.208291435   12.177029616  -18.324733384
   -0.285599332   -1.396263402  -47.427046153    5.488136623  -16.903405914
   -0.095199777   -1.396263402  -47.479152074   -6.984592989  -15.315184664
    0.095199777   -1.396263402  -50.333428115  -23.422548196  -13.893424922
    0.285599332   -1.396263402  -56.365502253  -39.408433244  -12.830693193
    0.475998887   -1.396263402  -64.899352495  -48.581476340  -12.154380992
    0.666398442   -1.396263402  -74.039902969  -45.028065877  -11.734934807
    0.856797996   -1.396263402  -81.077332729  -26.594871051  -11.347519538
    1.047197551   -1.396263402  -83.442445915    2.922389675  -10.747591874
    1.237597106   -1.396263402  -79.809281697   34.701338261   -9.771770580
    1.427996661   -1.396263402  -70.720701272   58.701276706   -8.375217926
    1.618396215   -1.396263402  -58.380321144   68.207821273   -6.632602980
    1.808795770   -1.396263402  -45.740987250   62.125018151   -4.678381145
    1.999195325   -1.396263402  -35.464975702   44.303692896   -2.647500309
    2.189594880   -1.396263402  -29.232782086   20.676693174   -0.650069112
    2.379994435   -1.396263402  -27.601793918   -3.227380050    1.201071844
    2.570393989   -1.396263402  -30.214918437  -23.340585947    2.755007952
    2.760793544   -1.396263402  -36.069129094  -36.924805295    3.832333421
    2.951193099   -1.396263402  -43.740338213  -42.261453074    4.298634565

   -3.141592654   -1.047197551  -53.403968996  -42.142263563    3.584560465
   -2.951193099   -1.047197551  -60.496949759  -31.461832365    2.150137875
   -2.760793544   -1.047197551  -65.085375133  -16.542106812    0.439192291
   -2.570393989   -1.047197551  -66.824650340   -2.289412640   -1.361678680
   -2.379994435   -1.047197551  -66.274466119    6.984395409   -3.250889770
   -2.189594880   -1.047197551  -64.608954150    9.358612492   -5.421888609
   -1.999195325   -1.047197551  -63.083342145    5.923829094   -8.119471036
   -1.808795770   -1.047197551  -62.512321068   -0.009026186  -11.421244041
   -1.618396215   -1.047197551  -62.999207810   -4.598560449  -15.073629541
   -1.427996661   -1.047197551  -64.003265173   -5.158979774  -18.505710855
   -1.237597106   -1.047197551  -64.670865145   -1.144292351  -21.029683480
   -1.047197551   -1.047197551  -64.247004545    5.903194942  -22.120482204
   -0.856797996   -1.047197551  -62.400895667   13.219411628  -21.632031526
   -0.666398442   -1.047197551  -59.367084788   17.866633441  -19.833172586
   -0.475998887   -1.047197551  -55.900925612   17.412754066  -17.271435041
   -0.285599332   -1.047197551  -53.136325366   10.424095815  -14.556735215
   -0.095199777   -1.047197551  -52.342122129   -3.135196959  -12.148061683
    0.095199777   -1.047197551  -54.599398331  -21.028942729  -10.257237857
    0.285599332   -1.047197551  -60.313510126  -38.420854873   -8.835197755
    0.475998887   -1.047197551  -68.762766748  -48.588273061   -7.674811299
    0.666398442   -1.047197551  -77.948323989  -45.384588283   -6.546712507
    0.856797996   -1.047197551  -85.030441101  -26.611230819   -5.322637554
    1.047197551   -1.047197551  -87.321272304    3.765519813   -4.009520897
    1.237597106   -1.047197551  -83.426121995   36.600710614   -2.708366795
    1.427996661   -1.047197551  -73.885074987   61.491150031   -1.514036095
    1.618396215   -1.047197551  -60.960248322   71.467356788   -0.450600763
    1.808795770   -1.047197551  -47.695962873   65.342803598    0.536543296
    1.999195325   -1.047197551  -36.847395943   47.031214510    1.528993069
    2.189594880   -1.047197551  -30.169649226   22.577878562    2.563217310
    2.379994435   -1.047197551  -28.275367943   -2.398320168    3.572916013
    2.570393989   -1.047197551  -30.846781481  -23.750424858    4.381461493
    2.760793544   -1.047197551  -36.900066789  -38.587533676    4.752738276
    2.951193099   -1.047197551  -44.990531038  -44.936669302    4.500044410

   -3.141592654   -0.698131701  -53.656412690  -45.657850374    1.926347622
   -2.951193099   -0.698131701  -61.466231531  -35.393514432   -0.362166327
   -2.760793544   -0.698131701  -66.807832025  -20.466757807   -2.927784431
   -2.570393989   -0.698131701  -69.279555656   -6.068148088   -5.531654563
   -2.379994435   -0.698131701  -69.452161697    3.102326784   -8.115247455
   -2.189594880   -0.698131701  -68.572717514    4.909889591  -10.823159527
   -1.999195325   -0.698131701  -67.974142200    0.626634095  -13.846207358
   -1.808795770   -0.698131701  -68.475306861   -5.866348715  -17.174031274
   -1.618396215   -0.698131701  -70.059384356  -10.057782287  -20.427108834
   -1.427996661   -0.698131701  -71.960729964   -8.897958556  -22.918661662
   -1.237597106   -0.698131701  -73.083722003   -2.045652383  -23.939464892
   -1.047197551   -0.698131701  -72.523019893    8.231702330  -23.103183579
   -0.856797996   -0.698131701  -69.961106163   18.252477868  -20.554266316
   -0.666398442   -0.698131701  -65.805640028   24.373161208  -16.912493613
   -0.475998887   -0.698131701  -61.076678873   23.928883571  -13.012778118
   -0.285599332   -0.698131701  -57.169117867   15.757133192   -9.573237673
   -0.095199777   -0.698131701  -55.524838460    0.412925744   -6.938173497
    0.095199777   -0.698131701  -57.273590369  -19.168543937   -5.016645021
    0.285599332   -0.698131701  -62.746560419  -37.614104856   -3.390017898
    0.475998887   -0.698131701  -71.074335688  -47.981379434   -1.583075675
    0.666398442   -0.698131701  -80.104033685  -44.278140110    0.652835878
    0.856797996   -0.698131701  -86.899594347  -24.713256901    3.175778969
    1.047197551   -0.698131701  -88.761588830    6.299761489    5.524405172
    1.237597106   -0.698131701  -84.354571438   39.354434590    7.180573005
    1.427996661   -0.698131701  -74.301929228   64.045828468    7.867150527
    1.618396215   -0.698131701  -60.929845709   73.585942488    7.681284485
    1.808795770   -0.698131701  -47.307766576   66.988249026    7.003791380
    1.999195325   -0.698131701  -36.186496608   48.259258268    6.272719502
    2.189594880   -0.698131701  -29.313152816   23.394055838    5.766462471
    2.379994435   -0.698131701  -27.312315235   -2.128198129    5.503441931
    2.570393989   -0.698131701  -29.904161292  -24.281229823    5.273884829
    2.760793544   -0.698131701  -36.154692299  -40.156247754    4.755543895
    2.951193099   -0.698131701  -44.648869530  -47.595880388    3.673779684

   -3.141592654   -0.349065850  -53.331611469  -49.973406284    0.461945863
   -2.951193099   -0.349065850  -62.041173422  -40.425497639   -2.060902778
   -2.760793544   -0.349065850  -68.365809023  -25.663235593   -4.791490048
   -2.570393989   -0.349065850  -71.810010191  -11.049868131   -7.522387280
   -2.379994435   -0.349065850  -72.907190343   -1.656902199  -10.183689627
   -2.189594880   -0.349065850  -72.932761376    0.118057913  -12.853815515
   -1.999195325   -0.349065850  -73.263476709   -4.328579489  -15.613889804
   -1.808795770   -0.349065850  -74.697763993  -10.591036731  -18.333159759
   -1.618396215   -0.349065850  -77.084748784  -13.562900959  -20.554921966
   -1.427996661   -0.349065850  -79.441261762   -9.983027531  -21.614961741
   -1.237597106   -0.349065850  -80.472464571    0.071548652  -20.959072023
   -1.047197551   -0.349065850  -79.205217709   13.426510711  -18.470071294
   -0.856797996   -0.349065850  -75.441567798   25.436112165  -14.597720396
   -0.666398442   -0.349065850  -69.858367868   31.897708891  -10.196158065
   -0.475998887   -0.349065850  -63.790942868   30.241532090   -6.176235396
   -0.285599332   -0.349065850  -58.873049090   19.984241226   -3.129337548
   -0.095199777   -0.349065850  -56.622909517    2.635108936   -1.108385967
    0.095199777   -0.349065850  -58.069716051  -18.014434635    0.349415895
    0.285599332   -0.349065850  -63.320055069  -36.214645683    1.972768294
    0.475998887   -0.349065850  -71.269472644  -45.294176051    4.357047023
    0.666398442   -0.349065850  -79.638431459  -40.085440981    7.608582621
    0.856797996   -0.349065850  -85.543109580  -19.751221189   11.220041339
    1.047197551   -0.349065850  -86.487656773   10.731027038   14.288802810
    1.237597106   -0.349065850  -81.382399529   42.106221806   15.974426382
    1.427996661   -0.349065850  -71.006279306   64.694526693   15.927010910
    1.618396215   -0.349065850  -57.683664607   72.543591794   14.421567501
    1.808795770   -0.349065850  -44.351903720   65.145812660   12.148603511
    1.999195325   -0.349065850  -33.588977523   46.449622975    9.836435377
    2.189594880   -0.349065850  -27.021056697   22.015952396    7.938347737
    2.379994435   -0.349065850  -25.248392194   -3.203842815    6.528212353
    2.570393989   -0.349065850  -28.054525805  -25.555246484    5.385156839
    2.760793544   -0.349065850  -34.613294233  -42.207812489    4.162393763
    2.951193099   -0.349065850  -43.603883556  -50.795020820    2.564124978

   -3.141592654    0.000000000  -53.335239724  -54.044648421   -1.218615598
   -2.951193099    0.000000000  -62.875734702  -45.008323210   -3.486907653
   -2.760793544    0.000000000  -70.096110072  -30.419425545   -5.836443093
   -2.570393989    0.000000000  -74.441681788  -15.733370542   -8.141089576
   -2.379994435    0.000000000  -76.419101634   -6.227684069  -10.366941674
   -2.189594880    0.000000000  -77.308599244   -4.383040154  -12.556180334
   -1.999195325    0.000000000  -78.478600951   -8.573588209  -14.694423263
   -1.808795770    0.000000000  -80.647815763  -13.909833112  -16.551222714
   -1.618396215    0.000000000  -83.495695115  -14.893302089  -17.642803230
   -1.427996661    0.000000000  -85.835964074   -8.358133553  -17.405055203
   -1.237597106    0.000000000  -86.247805899    4.913245469  -15.508563927
   -1.047197551    0.000000000  -83.804727986   20.718553732  -12.113369812
   -0.856797996    0.000000000  -78.542275163   33.580939029   -7.884322490
   -0.666398442    0.000000000  -71.472184556   39.093307926   -3.726682676
   -0.475998887    0.000000000  -64.232045215   35.228343868   -0.405496511
   -0.285599332    0.000000000  -58.601341459   22.537316276    1.791157237
   -0.095199777    0.000000000  -56.034410118    3.624420892    3.156643268
    0.095199777    0.000000000  -57.318917960  -17.014816428    4.426886582
    0.285599332    0.000000000  -62.249757107  -33.646089294    6.423799937
    0.475998887    0.000000000  -69.489706488  -40.389353699    9.621690403
    0.666398442    0.000000000  -76.731263438  -33.355977746   13.829148031
    0.856797996    0.000000000  -81.304798526  -12.853562841   18.174659524
    1.047197551    0.000000000  -81.082195045   15.764255534   21.458171202
    1.237597106    0.000000000  -75.316942726   43.861831276   22.719034139
    1.427996661    0.000000000  -64.942396920   63.012539986   21.686105923
    1.618396215    0.000000000  -52.194214599   68.433561545   18.852920804
    1.808795770    0.000000000  -39.755516906   60.134602448   15.159736061
    1.999195325    0.000000000  -29.926967346   41.811229453   11.523781898
    2.189594880    0.000000000  -24.153891805   18.340686827    8.493408874
    2.379994435    0.000000000  -22.993080337   -6.015153747    6.167228767
    2.570393989    0.000000000  -26.291744958  -28.019107944    4.327980359
    2.760793544    0.000000000  -33.334238596  -44.915919457    2.643562235
    2.951193099    0.000000000  -42.897676088  -54.147082867    0.837862610

   -3.141592654    0.349065850  -52.715900751  -56.245527213   -1.464143924
   -2.951193099    0.349065850  -62.728473196  -47.753331886   -2.691849811
   -2.760793544    0.349065850  -70.525553578  -33.702860625   -3.892884030
   -2.570393989    0.349065850  -75.540512947  -19.452872858   -5.122494179
   -2.379994435    0.349065850  -78.255915558  -10.228213174   -6.442455632
   -2.189594880    0.349065850  -79.914519901   -8.400479486   -7.872055492
   -1.999195325    0.349065850  -81.813979858  -12.106907552   -9.304190227
   -1.808795770    0.349065850  -84.549478143  -16.174571970  -10.449162786
   -1.618396215    0.349065850  -87.637754579  -15.020928281  -10.883203615
   -1.427996661    0.349065850  -89.752000727   -5.819965675  -10.223343706
   -1.237597106    0.349065850  -89.436745924    9.900306898   -8.355708388
   -1.047197551    0.349065850  -85.887319865   27.115829438   -5.562986414
   -0.856797996    0.349065850  -79.390892103   39.889695005   -2.449511245
   -0.666398442    0.349065850  -71.238715739   43.977406960    0.327809658
   -0.475998887    0.349065850  -63.257890067   38.114443114    2.358665770
   -0.285599332    0.349065850  -57.240157081   23.867892544    3.695358512
   -0.095199777    0.349065850  -54.469266350    4.694912343    4.833766778
    0.095199777    0.349065850  -55.446687568  -14.607297033    6.511897416
    0.285599332    0.349065850  -59.692407324  -28.742074040    9.346253491
    0.475998887    0.349065850  -65.744466270  -32.926254832   13.474689184
    0.666398442    0.349065850  -71.412932549  -24.622986968   18.359707122
    0.856797996    0.349065850  -74.376712316   -5.100964839   22.899305092
    1.047197551    0.349065850  -72.955549581   20.273504872   25.846167101
    1.237597106    0.349065850  -66.751899604   43.872048137   26.361748396
    1.427996661    0.349065850  -56.794892882   58.794777332   24.377704060
    1.618396215    0.349065850  -45.138121874   61.514128292   20.574172579
    1.808795770    0.349065850  -34.116536249   52.489692339   16.001648813
    1.999195325    0.349065850  -25.681120947   35.025882160   11.609274686
    2.189594880    0.349065850  -21.050184275   13.185504614    7.943874111
    2.379994435    0.349065850  -20.711128004   -9.540304077    5.118469154
    2.570393989    0.349065850  -24.561225750  -30.384416826    2.975613732
    2.760793544    0.349065850  -31.992652797  -46.739727923    1.280432179
    2.951193099    0.349065850  -41.896602999  -55.975849956   -0.159763600

   -3.141592654    0.698131701  -51.923184832  -57.020814101   -1.615652925
   -2.951193099    0.698131701  -62.097929312  -48.692378698   -1.678491686
   -2.760793544    0.698131701  -70.104713357  -34.967236905   -1.591413019
   -2.570393989    0.698131701  -75.396839731  -21.091843031   -1.571991664
   -2.379994435    0.698131701  -78.455414491  -12.171407818   -1.781936344
   -2.189594880    0.698131701  -80.498147420  -10.444733801   -2.261692202
   -1.999195325    0.698131701  -82.769755165  -13.898040834   -2.902393965
   -1.808795770    0.698131701  -85.785179354  -17.239620023   -3.472197519
   -1.618396215    0.698131701  -88.970929160  -14.918615802   -3.701186088
   -1.427996661    0.698131701  -90.937226655   -4.372659665   -3.395143965
   -1.237597106    0.698131701  -90.234778578   12.432194785   -2.532952605
   -1.047197551    0.698131701  -86.149356868   30.074002499   -1.283763645
   -0.856797996    0.698131701  -79.111621825   42.499607111    0.079379544
   -0.666398442    0.698131701  -70.539484323   45.740601265    1.342046849
   -0.475998887    0.698131701  -62.301061641   39.139525513    2.485539901
   -0.285599332    0.698131701  -56.101265149   24.924708593    3.762746946
   -0.095199777    0.698131701  -53.032017717    6.983637786    5.608383707
    0.095199777    0.698131701  -53.365588384   -9.989421255    8.463381351
    0.285599332    0.698131701  -56.470160128  -21.395128798   12.501243751
    0.475998887    0.698131701  -60.911828500  -23.588274580   17.420424746
    0.666398442    0.698131701  -64.753845079  -15.163196104   22.400542023
    0.856797996    0.698131701  -66.095784332    2.069206672   26.316324789
    1.047197551    0.698131701  -63.691964818   23.182953232   28.143031868
    1.237597106    0.698131701  -57.406845757   41.838594565   27.395670836
    1.427996661    0.698131701  -48.250776510   52.676193960   24.319685953
    1.618396215    0.698131701  -38.002071959   53.204736065   19.753743956
    1.808795770    0.698131701  -28.605026179   44.041136673   14.735517455
    1.999195325    0.698131701  -21.669613970   27.886370143   10.099019109
    2.189594880    0.698131701  -18.221231298    7.929307429    6.277296569
    2.379994435    0.698131701  -18.708874475  -13.025721553    3.343965811
    2.570393989    0.698131701  -23.088083963  -32.538810800    1.195126255
    2.760793544    0.698131701  -30.841939540  -48.049250555   -0.290174910
    2.951193099    0.698131701  -40.948737808  -56.852062407   -1.197855382

   -3.141592654    1.047197551  -53.246515447  -57.223622462   -5.835428424
   -2.951193099    1.047197551  -63.383021777  -48.119881522   -5.307214424
   -2.760793544    1.047197551  -71.237010438  -33.993911549   -4.304243132
   -2.570393989    1.047197551  -76.339061395  -20.127276457   -3.157404449
   -2.379994435    1.047197551  -79.239959127  -11.513653470   -2.151007483
   -2.189594880    1.047197551  -81.195616249  -10.183911463   -1.434405024
   -1.999195325    1.047197551  -83.447431400  -13.915140485   -1.012613173
   -1.808795770    1.047197551  -86.473947934  -17.295863779   -0.802690592
   -1.618396215    1.047197551  -89.655493032  -14.790083466   -0.708577151
   -1.427996661    1.047197551  -91.570652587   -3.967434343   -0.660276984
   -1.237597106    1.047197551  -90.768211548   13.047128840   -0.608376614
   -1.047197551    1.047197551  -86.556409664   30.751869127   -0.492036166
   -0.856797996    1.047197551  -79.389787423   43.177224603   -0.206768250
   -0.666398442    1.047197551  -70.677425546   46.585559872    0.412366412
   -0.475998887    1.047197551  -62.226793637   40.632633222    1.574658686
   -0.285599332    1.047197551  -55.627177938   27.746513070    3.523411349
   -0.095199777    1.047197551  -51.841536237   11.771350392    6.454822540
    0.095199777    1.047197551  -51.055301570   -3.035205482   10.428954605
    0.285599332    1.047197551  -52.665445523  -12.815457589   15.214828957
    0.475998887    1.047197551  -55.420696220  -14.743676240   20.216069113
    0.666398442    1.047197551  -57.701220856   -7.931163591   24.529845534
    0.856797996    1.047197551  -57.964330173    5.917897755   27.203142610
    1.047197551    1.047197551  -55.233820598   22.705976726   27.566961118
    1.237597106    1.047197551  -49.440399700   37.294929849   25.529126997
    1.427996661    1.047197551  -41.438233029   45.380118261   21.592975295
    1.618396215    1.047197551  -32.702738353   44.894394871   16.634533906
    1.808795770    1.047197551  -24.862845271   36.183092658   11.538357582
    1.999195325    1.047197551  -19.312640624   21.259254872    6.906591357
    2.189594880    1.047197551  -16.995256715    2.656532734    2.985871190
    2.379994435    1.047197551  -18.373113889  -17.145037766   -0.219278943
    2.570393989    1.047197551  -23.442702852  -35.686783015   -2.752537223
    2.760793544    1.047197551  -31.707078731  -50.250576036   -4.584758817
    2.951193099    1.047197551  -42.138762101  -58.044043478   -5.626572674

   -3.141592654    1.396263402  -57.703283820  -57.459894195  -10.663837201
   -2.951193099    1.396263402  -67.688082945  -46.344782935   -9.930200060
   -2.760793544    1.396263402  -75.057325380  -30.797652540   -8.479956149
   -2.570393989    1.396263402  -79.481951343  -16.345815585   -6.677643066
   -2.379994435    1.396263402  -81.669520299   -7.910405398   -4.839260261
   -2.189594880    1.396263402  -82.997921243   -7.257227398   -3.143938159
   -1.999195325    1.396263402  -84.776640498  -11.892786315   -1.654218772
   -1.808795770    1.396263402  -87.510548941  -16.250744166   -0.398133942
   -1.618396215    1.396263402  -90.586219887  -14.718766223    0.571175247
   -1.427996661    1.396263402  -92.572122290   -4.754893491    1.198282173
   -1.237597106    1.396263402  -91.975709014   11.736317052    1.504199094
   -1.047197551    1.396263402  -88.016609151   29.513656448    1.644616626
   -0.856797996    1.396263402  -81.017089895   42.785028790    1.896738073
   -0.666398442    1.396263402  -72.237910227   47.779802448    2.581667275
   -0.475998887    1.396263402  -63.364516738   43.943017918    3.961803722
   -0.285599332    1.396263402  -55.916483996   33.336467148    6.189217487
   -0.095199777    1.396263402  -50.866441606   19.383781098    9.246302430
    0.095199777    1.396263402  -48.494567651    5.836572958   12.918951382
    0.285599332    1.396263402  -48.390453616   -3.925313031   16.742471662
    0.475998887    1.396263402  -49.573100345   -7.385857049   20.045112352
    0.666398442    1.396263402  -50.717912082   -3.561628925   22.096384314
    0.856797996    1.396263402  -50.510036095    6.418444864   22.367132721
    1.047197551    1.396263402  -48.055396190   19.403883054   20.731055623
    1.237597106    1.396263402  -43.182908358   31.134096277   17.545603476
    1.427996661    1.396263402  -36.514466867   37.768258206   13.474378824
    1.618396215    1.396263402  -29.261729095   37.104337261    9.212252430
    1.808795770    1.396263402  -22.858107911   28.946006298    5.228003601
    1.999195325    1.396263402  -18.619024909   14.705248715    1.673637411
    2.189594880    1.396263402  -17.500326608   -3.421121012   -1.518922105
    2.379994435    1.396263402  -20.003576906  -22.887540904   -4.445684188
    2.570393989    1.396263402  -26.121909105  -40.889046804   -7.063108948
    2.760793544    1.396263402  -35.284167470  -54.360206516   -9.150911546
    2.951193099    1.396263402  -46.342931551  -60.410788624  -10.414687242

   -3.141592654    1.745329252  -63.484486658  -57.870712380  -15.756246768
   -2.951193099    1.745329252  -73.338071780  -44.615467503  -15.236081626
   -2.760793544    1.745329252  -80.214889701  -27.475951985  -13.681308898
   -2.570393989    1.745329252  -83.916697462  -12.205300872  -11.411934384
   -2.379994435    1.745329252  -85.294976263   -3.650496584   -8.744757381
   -2.189594880    1.745329252  -85.840571980   -3.357194674   -5.899338495
   -1.999195325    1.745329252  -86.935078777   -8.645357647   -3.022923886
   -1.808795770    1.745329252  -89.128910280  -13.854893944   -0.275973325
   -1.618396215    1.745329252  -91.838715995  -13.281633259    2.117637262
   -1.427996661    1.745329252  -93.636280136   -4.181823414    3.929488048
   -1.237597106    1.745329252  -92.981943555   11.854270499    5.057722850
   -1.047197551    1.745329252  -88.989905933   29.856601271    5.625740919
   -0.856797996    1.745329252  -81.842038783   44.107461042    5.966897324
   -0.666398442    1.745329252  -72.670539442   50.631470768    6.493848022
   -0.475998887    1.745329252  -63.091131210   48.498070046    7.523109096
   -0.285599332    1.745329252  -54.631316693   39.321659543    9.169802253
   -0.095199777    1.745329252  -48.356900370   26.114509217   11.292294187
    0.095199777    1.745329252  -44.713930096   12.252762613   13.525271352
    0.285599332    1.745329252  -43.517640151    0.913061450   15.331755569
    0.475998887    1.745329252  -44.023376971   -5.278725337   16.149518148
    0.666398442    1.745329252  -45.081442020   -4.782230511   15.580564426
    0.856797996    1.745329252  -45.409448047    2.129090024   13.588940956
    1.047197551    1.745329252  -43.981769093   13.140415935   10.533540286
    1.237597106    1.745329252  -40.374752088   24.336334392    7.050853877
    1.427996661    1.745329252  -34.953457899   31.605142563    3.754713881
    1.618396215    1.745329252  -28.771670661   32.024808279    0.987837544
    1.808795770    1.745329252  -23.249573712   24.672698508   -1.278788226
    1.999195325    1.745329252  -19.799613956   10.575902834   -3.345448408
    2.189594880    1.745329252  -19.501471187   -7.970863795   -5.558630780
    2.379994435    1.745329252  -22.924015924  -27.958177697   -8.086520481
    2.570393989    1.745329252  -30.024364869  -46.007932976  -10.796567728
    2.760793544    1.745329252  -40.100059750  -58.666465062  -13.290854876
    2.951193099    1.745329252  -51.830877865  -63.025013987  -15.070130980

   -3.141592654    2.094395102  -69.774813612  -58.689143776  -16.977870598
   -2.951193099    2.094395102  -79.568607638  -43.211768423  -16.519168821
   -2.760793544    2.094395102  -85.994762581  -24.243637312  -14.951522957
   -2.570393989    2.094395102  -88.954748781   -7.752534449  -12.526084227
   -2.379994435    2.094395102  -89.414000298    1.467812748   -9.498770655
   -2.189594880    2.094395102  -88.955228464    2.013086936   -6.040292518
   -1.999195325    2.094395102  -89.030597623   -3.370812839   -2.274662927
   -1.808795770    2.094395102  -90.259579340   -9.066614759    1.612660290
   -1.618396215    2.094395102  -92.136306019   -9.383577841    5.304578315
   -1.427996661    2.094395102  -93.297273747   -1.414757604    8.410303284
   -1.237597106    2.094395102  -92.216477559   13.611063506   10.624841162
   -1.047197551    2.094395102  -87.947865001   31.101961777   11.879659492
   -0.856797996    2.094395102  -80.556663920   45.520713024   12.378498099
   -0.666398442    2.094395102  -71.054985841   52.734124501   12.485762234
   -0.475998887    2.094395102  -60.995521544   51.410612636   12.536073665
   -0.285599332    2.094395102  -51.929834130   42.664886023   12.680369706
   -0.095199777    2.094395102  -45.037631758   29.103942343   12.802095186
    0.095199777    2.094395102  -40.937759349   13.888194393   12.560879671
    0.285599332    2.094395102  -39.632268807    0.298779786   11.513386084
    0.475998887    2.094395102  -40.508176971   -8.569162774    9.335809243
    0.666398442    2.094395102  -42.427256730  -10.396819637    6.035437717
    0.856797996    2.094395102  -43.961591114   -4.688661801    2.063050889
    1.047197551    2.094395102  -43.825953851    6.648885797   -1.821978125
    1.237597106    2.094395102  -41.318085584   19.438596104   -4.853752276
    1.427996661    2.094395102  -36.631756516   28.779577977   -6.625969682
    1.618396215    2.094395102  -30.821301833   30.806428814   -7.260097482
    1.808795770    2.094395102  -25.462881988   23.969559755   -7.311801992
    1.999195325    2.094395102  -22.193252314    9.218938762   -7.481199845
    2.189594880    2.094395102  -22.279208090  -10.708816192   -8.303183779
    2.379994435    2.094395102  -26.361644423  -32.085241502   -9.946091834
    2.570393989    2.094395102  -34.330086479  -50.833868985  -12.177101945
    2.760793544    2.094395102  -45.306361762  -63.095442527  -14.475209450
    2.951193099    2.094395102  -57.755511865  -65.982468177  -16.232411183

   -3.141592654    2.443460953  -75.430124830  -59.515823859  -11.141010911
   -2.951193099    2.443460953  -85.201804990  -42.177330678  -10.024064999
   -2.760793544    2.443460953  -91.264044145  -21.509121410   -8.122481965
   -2.570393989    2.443460953  -93.563367473   -3.596303182   -5.679510945
   -2.379994435    2.443460953  -93.113051986    6.837662051   -2.880368360
   -2.189594880    2.443460953  -91.527642449    8.447579503    0.233624171
   -1.999195325    2.443460953  -90.294941289    3.870810129    3.698489174
   -1.808795770    2.443460953  -90.108007754   -1.551676724    7.464580722
   -1.618396215    2.443460953  -90.588523683   -2.376912873   11.262841660
   -1.427996661    2.443460953  -90.527338909    4.296865443   14.624699231
   -1.237597106    2.443460953  -88.522671433   17.557387975   17.059497195
   -1.047197551    2.443460953  -83.673067618   33.296514663   18.276027611
   -0.856797996    2.443460953  -75.998494390   46.385809568   18.306049459
   -0.666398442    2.443460953  -66.414436112   52.805936907   17.442196064
   -0.475998887    2.443460953  -56.386735292   51.023461532   16.045147781
   -0.285599332    2.443460953  -47.440605465   41.742211369   14.335505076
   -0.095199777    2.443460953  -40.810598213   27.163676255   12.274169907
    0.095199777    2.443460953  -37.230382920   10.253339920    9.609840585
    0.285599332    2.443460953  -36.819827291   -5.510391362    6.058502123
    0.475998887    2.443460953  -39.004482040  -16.416372784    1.570314814
    0.666398442    2.443460953  -42.540231263  -19.287057209   -3.479938422
    0.856797996    2.443460953  -45.739045742  -12.973334014   -8.299256950
    1.047197551    2.443460953  -46.986033988    0.664380808  -11.954345701
    1.237597106    2.443460953  -45.313956936   16.720512316  -13.780233779
    1.427996661    2.443460953  -40.840987287   29.128532618  -13.706173276
    1.618396215    2.443460953  -34.764572987   32.991582517  -12.278390032
    1.808795770    2.443460953  -28.948315654   26.327512729  -10.390553931
    1.999195325    2.443460953  -25.330444560   10.342697967   -8.891223581
    2.189594880    2.443460953  -25.381872800  -11.507950260   -8.288345830
    2.379994435    2.443460953  -29.795558956  -34.676981648   -8.639366865
    2.570393989    2.443460953  -38.370497318  -54.444930576   -9.621786146
    2.760793544    2.443460953  -50.047437547  -66.654076663  -10.701290546
    2.951193099    2.443460953  -63.087885501  -68.492459630  -11.332612168

   -3.141592654    2.792526803  -78.189058995  -58.490713236    0.916479644
   -2.951193099    2.792526803  -87.648338945  -39.971106150    2.878585200
   -2.760793544    2.792526803  -93.196857390  -18.381268864    4.848482176
   -2.570393989    2.792526803  -94.836130440    0.170217800    6.708041451
   -2.379994435    2.792526803  -93.617184825   11.148748939    8.540402507
   -2.189594880    2.792526803  -91.150603942   13.419444822   10.614594825
   -1.999195325    2.792526803  -88.896650362    9.630827109   13.210790831
   -1.808795770    2.792526803  -87.546718593    4.842002867   16.383384427
   -1.618396215    2.792526803  -86.792645619    4.063310794   19.812635419
   -1.427996661    2.792526803  -85.570838516    9.887710649   22.863665481
   -1.237597106    2.792526803  -82.652707412   21.440057301   24.839560899
   -1.047197551    2.792526803  -77.268782066   34.991494078   25.280037352
   -0.856797996    2.792526803  -69.480721133   45.920907734   24.141572479
   -0.666398442    2.792526803  -60.161899818   50.553116989   21.745109460
   -0.475998887    2.792526803  -50.700597813   47.374011001   18.564794820
   -0.285599332    2.792526803  -42.569002829   36.831427717   14.965382235
   -0.095199777    2.792526803  -37.005220241   20.835964034   11.060229332
    0.095199777    2.792526803  -34.783128685    2.292369601    6.745538088
    0.285599332    2.792526803  -36.038119561  -14.974688741    1.896669532
    0.475998887    2.792526803  -40.110369758  -26.580568590   -3.377986314
    0.666398442    2.792526803  -45.534197895  -28.659679988   -8.588023106
    0.856797996    2.792526803  -50.303833424  -19.816701799  -12.936371320
    1.047197551    2.792526803  -52.507318658   -2.394323775  -15.622188957
    1.237597106    2.792526803  -51.035343798   17.610497161  -16.227995854
    1.427996661    2.792526803  -46.091321698   32.941623993  -14.937150034
    1.618396215    2.792526803  -39.146721364   37.992862234  -12.448215924
    1.808795770    2.792526803  -32.404721549   30.814028231   -9.640662775
    1.999195325    2.792526803  -28.075101830   13.226697996   -7.201962229
    2.189594880    2.792526803  -27.758102729  -10.497115453   -5.425466591
    2.379994435    2.792526803  -32.130142188  -35.139224739   -4.218238408
    2.570393989    2.792526803  -40.873200805  -55.603206029   -3.263044777
    2.760793544    2.792526803  -52.768677728  -67.657368988   -2.209499703
    2.951193099    2.792526803  -65.928170914  -68.658024372   -0.828357815
