#! FIELDS phi psi file.free der_phi der_psi
#! SET min_phi -pi
#! SET max_phi pi
#! SET nbins_phi  33
#! SET periodic_phi true
#! SET min_psi -pi
#! SET max_psi pi
#! SET nbins_psi  18
#! SET periodic_psi true
   -3.141592654   -3.141592654  -94.847078207  -53.600383388   16.304760487
   -2.951193099   -3.141592654 -103.331284843  -34.886321641   18.868253357
   -2.760793544   -3.141592654 -107.997396898  -14.399999179   20.509275283
   -2.570393989   -3.141592654 -109.037693701    2.441872369   21.337780876
   -2.379994435   -3.141592654 -107.515973829   12.189172029   21.784265094
   -2.189594880   -3.141592654 -104.868008543   14.509755648   22.458956596
   -1.999195325   -3.141592654 -102.293242778   12.080909205   23.885809708
   -1.808795770   -3.141592654 -100.292036358    9.230262799   26.230555872
   -1.618396215   -3.141592654  -98.544620121    9.933803236   29.155126606
   -1.427996661   -3.141592654  -96.156149967   16.018956489   31.901922776
   -1.237597106   -3.141592654  -92.153336280   26.483068989   33.578080718
   -1.047197551   -3.141592654  -85.987052261   38.063944515   33.498505715
   -0.856797996   -3.141592654  -77.823391054   46.786282785   31.418387047
   -0.666398442   -3.141592654  -68.539273769   49.356141576   27.544797117
   -0.475998887   -3.141592654  -59.494475682   44.175161050   22.382288226
   -0.285599332   -3.141592654  -52.180822784   31.359772518   16.479439597
   -0.095199777   -3.141592654  -47.913737854   12.593291365   10.268132913
    0.095199777   -3.141592654  -47.548494614   -8.983930546    4.020040449
    0.285599332   -3.141592654  -51.209082603  -28.831961796   -2.040813823
    0.475998887   -3.141592654  -58.059919649  -41.610109532   -7.591314186
    0.666398442   -3.141592654  -66.287515313  -42.689202210  -12.136091098
    0.856797996   -3.141592654  -73.442108541  -30.464109683  -15.116465698
    1.047197551   -3.141592654  -77.199948087   -7.857117300  -16.145281735
    1.237597106   -3.141592654  -76.214792020   17.936201689  -15.248105173
    1.427996661   -3.141592654  -70.713685128   38.204536467  -12.893936124
    1.618396215   -3.141592654  -62.450277590   46.166706497   -9.789438571
    1.808795770   -3.141592654  -54.073854451   39.393193907   -6.557636146
    1.999195325   -3.141592654  -48.246196503   20.112086327   -3.496344488
    2.189594880   -3.141592654  -46.867240152   -6.274693780   -0.563230354
    2.379994435   -3.141592654  -50.665124603  -33.162533633    2.468692842
    2.570393989   -3.141592654  -59.136265684  -54.454868075    5.785309203
    2.760793544   -3.141592654  -70.760933822  -65.754090450    9.379400941
    2.951193099   -3.141592654  -83.405209073  -65.124921617   13.013761521

   -3.141592654   -2.792526803  -87.392245542  -48.673527070   24.277374151
   -2.951193099   -2.792526803  -95.142559770  -32.154292753   26.721849396
   -2.760793544   -2.792526803  -99.493978309  -13.757659229   27.869487023
   -2.570393989   -2.792526803 -100.554488684    1.762400740   28.003304934
   -2.379994435   -2.792526803  -99.192595506   11.414778125   27.710499692
   -2.189594880   -2.792526803  -96.598199046   14.904899426   27.671061248
   -1.999195325   -2.792526803  -93.768137839   14.433683999   28.376529089
   -1.808795770   -2.792526803  -91.132818270   13.438736984   29.899984018
   -1.618396215   -2.792526803  -88.486117648   14.925134337   31.813442231
   -1.427996661   -2.792526803  -85.207377198   20.072713828   33.320240478
   -1.237597106   -2.792526803  -80.665308934   27.844099647   33.552551675
   -1.047197551   -2.792526803  -74.596885088   35.571438830   31.902293112
   -0.856797996   -2.792526803  -67.300782279   40.223137530   28.229921836
   -0.666398442   -2.792526803  -59.605903353   39.416585389   22.866115154
   -0.475998887   -2.792526803  -52.680599937   32.084070936   16.454156690
   -0.285599332   -2.792526803  -47.768470965   18.445068410    9.685178866
   -0.095199777   -2.792526803  -45.948423766   -0.028520621    3.124499065
    0.095199777   -2.792526803  -47.889586009  -20.456949231   -2.862130971
    0.285599332   -2.792526803  -53.569319149  -38.449844745   -8.024751684
    0.475998887   -2.792526803  -62.021427840  -48.693040817  -12.120550123
    0.666398442   -2.792526803  -71.307686932  -46.637404077  -14.856725655
    0.856797996   -2.792526803  -78.890186337  -30.983728216  -15.978002035
    1.047197551   -2.792526803  -82.440036509   -5.237152045  -15.414747488
    1.237597106   -2.792526803  -80.724889422   22.813522977  -13.416256034
    1.427996661   -2.792526803  -74.175024604   44.160201200  -10.488161513
    1.618396215   -2.792526803  -64.756824244   52.224827180   -7.181171832
    1.808795770   -2.792526803  -55.255370993   45.145749281   -3.845243728
    1.999195325   -2.792526803  -48.349894833   25.750284551   -0.509356293
    2.189594880   -2.792526803  -45.869928159   -0.264980167    3.032713981
    2.379994435   -2.792526803  -48.456622568  -26.426571034    7.013725477
    2.570393989   -2.792526803  -55.577722232  -47.073952802   11.476047740
    2.760793544   -2.792526803  -65.776876196  -58.304151839   16.174015627
    2.951193099   -2.792526803  -77.064712654  -58.498678012   20.623747409

   -3.141592654   -2.443460953  -79.070377790  -43.409978261   22.327404251
   -2.951193099   -2.443460953  -86.031852469  -29.153498489   24.174456063
   -2.760793544   -2.443460953  -90.012953538  -12.784733787   24.877942729
   -2.570393989   -2.443460953  -91.020904850    1.510435136   24.756941653
   -2.379994435   -2.443460953  -89.737593640   11.030478690   24.301875655
   -2.189594880   -2.443460953  -87.148810808   15.355268100   23.991827920
   -1.999195325   -2.443460953  -84.114245466   16.136690685   24.105964316
   -1.808795770   -2.443460953  -81.060797395   15.993009071   24.598085034
   -1.618396215   -2.443460953  -77.934958613   17.165062987   25.075009114
   -1.427996661   -2.443460953  -74.381878334   20.461348435   24.920706477
   -1.237597106   -2.443460953  -70.053272768   25.051422981   23.530783657
   -1.047197551   -2.443460953  -64.876566932   28.991080536   20.565426494
   -0.856797996   -2.443460953  -59.175496796   30.194060631   16.090852016
   -0.666398442   -2.443460953  -53.632303874   27.103515251   10.551585110
   -0.475998887   -2.443460953  -49.147630663   19.034425040    4.610952879
   -0.285599332   -2.443460953  -46.672377074    6.125335738   -1.095542593
   -0.095199777   -2.443460953  -47.042887886  -10.584044189   -6.113671765
    0.095199777   -2.443460953  -50.780493874  -28.709898574  -10.226720968
    0.285599332   -2.443460953  -57.797353077  -44.222682977  -13.366749768
    0.475998887   -2.443460953  -67.110605464  -51.953570098  -15.502549087
    0.666398442   -2.443460953  -76.780246548  -47.406114017  -16.564562658
    0.856797996   -2.443460953  -84.282313522  -29.388900357  -16.484576351
    1.047197551   -2.443460953  -87.334106657   -1.678785684  -15.277479982
    1.237597106   -2.443460953  -84.806830298   27.671442192  -13.137127954
    1.427996661   -2.443460953  -77.269479484   49.567162271  -10.390894449
    1.618396215   -2.443460953  -66.813276808   57.672375599   -7.370299053
    1.808795770   -2.443460953  -56.279116100   50.575283463   -4.252958933
    1.999195325   -2.443460953  -48.314931838   31.515292373   -1.000010563
    2.189594880   -2.443460953  -44.667086191    6.296476140    2.561174762
    2.379994435   -2.443460953  -45.908270643  -18.866809951    6.563132248
    2.570393989   -2.443460953  -51.513225616  -38.810389778   10.931567178
    2.760793544   -2.443460953  -60.128723526  -50.101292843   15.338507443
    2.951193099   -2.443460953  -69.937878169  -51.342913853   19.292148914

   -3.141592654   -2.094395102  -72.749244135  -39.511544835   14.055205820
   -2.951193099   -2.094395102  -79.130174588  -26.949314533   15.157006138
   -2.760793544   -2.094395102  -82.837308598  -12.059342388   15.624595599
   -2.570393989   -2.094395102  -83.812599748    1.213849017   15.674602993
   -2.379994435   -2.094395102  -82.642948971   10.215108979   15.507189025
   -2.189594880   -2.094395102  -80.227771356   14.386986935   15.227093648
   -1.999195325   -2.094395102  -77.383162187   15.090643815   14.811858690
   -1.808795770   -2.094395102  -74.557688039   14.564709026   14.119958737
   -1.618396215   -2.094395102  -71.787961007   14.737035852   12.923450570
   -1.427996661   -2.094395102  -68.848643826   16.340781562   10.982738311
   -1.237597106   -2.094395102  -65.504755602   18.806765335    8.152391583
   -1.047197551   -2.094395102  -61.717117309   20.728737305    4.487872360
   -0.856797996   -2.094395102  -57.730188615   20.621870785    0.268940403
   -0.666398442   -2.094395102  -54.046672555   17.359083162   -4.066868684
   -0.475998887   -2.094395102  -51.339882712   10.287624321   -8.053153326
   -0.285599332   -2.094395102  -50.365358313   -0.782665020  -11.353344701
   -0.095199777   -2.094395102  -51.848208340  -15.348636304  -13.830777615
    0.095199777   -2.094395102  -56.299750763  -31.490994415  -15.544645785
    0.285599332   -2.094395102  -63.688164411  -45.403937459  -16.645614874
    0.475998887   -2.094395102  -73.102387610  -51.864724646  -17.262858960
    0.666398442   -2.094395102  -82.647672147  -46.196472153  -17.422322667
    0.856797996   -2.094395102  -89.815214508  -27.073790121  -17.059271025
    1.047197551   -2.094395102  -92.325935277    1.672054569  -16.071050180
    1.237597106   -2.094395102  -89.078487065   31.838341279  -14.434326428
    1.427996661   -2.094395102  -80.696347987   54.214918942  -12.228725099
    1.618396215   -2.094395102  -69.331451662   62.534500038   -9.613715877
    1.808795770   -2.094395102  -57.855975225   55.606019884   -6.736746301
    1.999195325   -2.094395102  -48.902976421   36.904101024   -3.671453510
    2.189594880   -2.094395102  -44.174903499   12.275327458   -0.427006026
    2.379994435   -2.094395102  -44.216008472  -12.272250833    2.969208735
    2.570393989   -2.094395102  -48.529711699  -31.935246035    6.380223249
    2.760793544   -2.094395102  -55.857504102  -43.580119039    9.548013668
    2.951193099   -2.094395102  -64.514958451  -45.880061543   12.174132899

   -3.141592654   -1.745329252  -69.859916852  -37.806778456    5.468641305
   -2.951193099   -1.745329252  -76.007744558  -26.162183237    5.588547464
   -2.760793544   -1.745329252  -79.627456175  -11.888565433    5.513773603
   -2.570393989   -1.745329252  -80.608582950    1.001729409    5.376210913
   -2.379994435   -1.745329252  -79.513218609    9.630662312    5.133339809
   -2.189594880   -1.745329252  -77.261676663   13.194841413    4.579895700
   -1.999195325   -1.745329252  -74.732823877   12.890470281    3.459366649
   -1.808795770   -1.745329252  -72.456962186   10.928415478    1.600217756
   -1.618396215   -1.745329252  -70.540354018    9.392402645   -1.001202438
   -1.427996661   -1.745329252  -68.778920177    9.361880924   -4.171199624
   -1.237597106   -1.745329252  -66.881096212   10.733474873   -7.611568257
   -1.047197551   -1.745329252  -64.662433653   12.513646950  -10.962959780
   -0.856797996   -1.745329252  -62.164332807   13.387016102  -13.884191340
   -0.666398442   -1.745329252  -59.686089227   12.067279032  -16.109216799
   -0.475998887   -1.745329252  -57.758562678    7.427825129  -17.487142865
   -0.285599332   -1.745329252  -57.100655851   -1.304613021  -18.025005945
   -0.095199777   -1.745329252  -58.504877189  -14.126671735  -17.880707136
    0.095199777   -1.745329252  -62.624046867  -29.362031370  -17.335629573
    0.285599332   -1.745329252  -69.586029995  -43.162792557  -16.697941854
    0.475998887   -1.745329252  -78.607054623  -50.021414606  -16.197907408
    0.666398442   -1.745329252  -87.850832718  -44.859286180  -15.896252554
    0.856797996   -1.745329252  -94.793115547  -25.967197190  -15.667033799
    1.047197551   -1.745329252  -97.079065305    3.002614918  -15.243370423
    1.237597106   -1.745329252  -93.521246366   33.817939396  -14.360805901
    1.427996661   -1.745329252  -84.681067594   57.045815846  -12.865425737
    1.618396215   -1.745329252  -72.696730067   66.176852556  -10.781478470
    1.808795770   -1.745329252  -60.464144273   59.869409955   -8.269370168
    1.999195325   -1.745329252  -50.655538157   41.584750411   -5.543175094
    2.189594880   -1.745329252  -45.010542925   17.187115668   -2.798751158
    2.379994435   -1.745329252  -44.111413034   -7.360876545   -0.209652599
    2.570393989   -1.745329252  -47.515406343  -27.360842704    2.046921097
    2.760793544   -1.745329252  -54.035013771  -39.734113274    3.796322417
    2.951193099   -1.745329252  -62.055410728  -43.067992820    4.927229717

   -3.141592654   -1.396263402  -71.158473776  -39.155626498    3.338313069
   -2.951193099   -1.396263402  -77.550462765  -27.283984275    2.761004532
   -2.760793544   -1.396263402  -81.324242080  -12.364121932    2.070238452
   -2.570393989   -1.396263402  -82.335667772    1.090453382    1.358012419
   -2.379994435   -1.396263402  -81.216244240    9.654369868    0.497670580
   -2.189594880   -1.396263402  -79.039281514   12.230576462   -0.817658734
   -1.999195325   -1.396263402  -76.853969332   10.145990917   -2.909302368
   -1.808795770   -1.396263402  -75.297909456    6.119606754   -5.915327271
   -1.618396215   -1.396263402  -74.467357429    2.914943553   -9.667196056
   -1.427996661   -1.396263402  -74.023434853    2.197631218  -13.703318086
   -1.237597106   -1.396263402  -73.455183405    4.152161413  -17.414474212
   -1.047197551   -1.396263402  -72.339035179    7.688269833  -20.230479950
   -0.856797996   -1.396263402  -70.528076432   11.074051623  -21.791113420
   -0.666398442   -1.396263402  -68.230198453   12.466006557  -22.013360546
   -0.475998887   -1.396263402  -65.992463820   10.179070893  -21.066955036
   -0.285599332   -1.396263402  -64.646295586    3.017980797  -19.302624194
   -0.095199777   -1.396263402  -65.158693799   -9.262700262  -17.148105390
    0.095199777   -1.396263402  -68.385103902  -25.013508619  -15.033566412
    0.285599332   -1.396263402  -74.639226796  -40.186552630  -13.291819314
    0.475998887   -1.396263402  -83.262503533  -48.842519246  -12.092320823
    0.666398442   -1.396263402  -92.444198488  -45.309523276  -11.400257690
    0.856797996   -1.396263402  -99.570996676  -27.296401636  -11.003773156
    1.047197551   -1.396263402 -102.107946909    1.868633504  -10.586426091
    1.237597106   -1.396263402  -98.665012638   33.867758732   -9.864441789
    1.427996661   -1.396263402  -89.656344703   58.782776474   -8.676715293
    1.618396215   -1.396263402  -77.185054325   69.474031072   -7.032540477
    1.808795770   -1.396263402  -64.222365709   64.100269277   -5.068984626
    1.999195325   -1.396263402  -53.582308867   45.946927706   -2.974730212
    2.189594880   -1.396263402  -47.151724636   20.969476603   -0.929092480
    2.379994435   -1.396263402  -45.628080269   -4.648834861    0.902567892
    2.570393989   -1.396263402  -48.639051220  -25.968147192    2.353248709
    2.760793544   -1.396263402  -55.020622933  -39.648678646    3.269079295
    2.951193099   -1.396263402  -63.127997223  -43.986007629    3.574675104

   -3.141592654   -1.047197551  -73.467311502  -42.198590762    4.257164130
   -2.951193099   -1.047197551  -80.410969034  -29.941666166    2.685240213
   -2.760793544   -1.047197551  -84.618670428  -14.250948595    0.955685777
   -2.570393989   -1.047197551  -85.924733834   -0.201725462   -0.768499939
   -2.379994435   -1.047197551  -85.050233125    8.217923283   -2.558550549
   -2.189594880   -1.047197551  -83.237466846    9.691527914   -4.702581508
   -1.999195325   -1.047197551  -81.697328716    5.850428910   -7.526248469
   -1.808795770   -1.047197551  -81.126131830    0.157381201  -11.144257938
   -1.618396215   -1.047197551  -81.520856768   -3.774947807  -15.284717597
   -1.427996661   -1.047197551  -82.304320498   -3.742038315  -19.309189221
   -1.237597106   -1.047197551  -82.677124056    0.420643716  -22.431004397
   -1.047197551   -1.047197551  -81.984564954    7.053382084  -24.014014907
   -0.856797996   -1.047197551  -79.988403125   13.593289462  -23.811036183
   -0.666398442   -1.047197551  -76.959918507   17.451580735  -22.018262793
   -0.475998887   -1.047197551  -73.625240563   16.499111806  -19.158906734
   -0.285599332   -1.047197551  -71.046682598    9.446456446  -15.881955119
   -0.095199777   -1.047197551  -70.412070328   -3.803522585  -12.752674495
    0.095199777   -1.047197551  -72.752630746  -21.256742247  -10.134518916
    0.285599332   -1.047197551  -78.480047122  -38.415373821   -8.132729469
    0.475998887   -1.047197551  -86.941228836  -48.832281795   -6.643241286
    0.666398442   -1.047197551  -96.236350048  -46.376517105   -5.452546097
    0.856797996   -1.047197551 -103.592990900  -28.489945013   -4.358952808
    1.047197551   -1.047197551 -106.293731618    1.453658089   -3.241522209
    1.237597106   -1.047197551 -102.805898599   34.794613835   -2.075223504
    1.427996661   -1.047197551  -93.484079089   61.099102442   -0.878838217
    1.618396215   -1.047197551  -80.469029376   72.761604694    0.327364767
    1.808795770   -1.047197551  -66.840579997   67.678162815    1.541799053
    1.999195325   -1.047197551  -55.546724233   49.126661675    2.763051425
    2.189594880   -1.047197551  -48.592634742   23.211058549    3.953627104
    2.379994435   -1.047197551  -46.760385472   -3.689685507    5.001653415
    2.570393989   -1.047197551  -49.724200812  -26.436803018    5.719743811
    2.760793544   -1.047197551  -56.325928448  -41.448288744    5.895961533
    2.951193099   -1.047197551  -64.874640657  -46.729772271    5.397385050

   -3.141592654   -0.698131701  -73.496598452  -46.272225951    3.777412220
   -2.951193099   -0.698131701  -81.247346926  -34.250694089    1.097189981
   -2.760793544   -0.698131701  -86.259882337  -18.346613866   -1.750779143
   -2.570393989   -0.698131701  -88.316823762   -4.023178710   -4.511512791
   -2.379994435   -0.698131701  -88.172713988    4.273475548   -7.167115265
   -2.189594880   -0.698131701  -87.172343609    5.008338163   -9.938895595
   -1.999195325   -0.698131701  -86.628119654    0.056617590  -13.097219128
   -1.808795770   -0.698131701  -87.248542513   -6.447497417  -16.682698343
   -1.618396215   -0.698131701  -88.898539956  -10.120941484  -20.315533405
   -1.427996661   -0.698131701  -90.747491794   -8.326461512  -23.255684439
   -1.237597106   -0.698131701  -91.716910211   -1.084969305  -24.700653971
   -1.047197551   -0.698131701  -90.965956200    9.185195397  -24.158824565
   -0.856797996   -0.698131701  -88.244622112   18.928276241  -21.688932579
   -0.666398442   -0.698131701  -83.989328668   24.748603514  -17.872429208
   -0.475998887   -0.698131701  -79.203808285   24.169806659  -13.570426150
   -0.285599332   -0.698131701  -75.245327413   16.068626718   -9.591208113
   -0.095199777   -0.698131701  -73.525112887    0.881164921   -6.415066090
    0.095199777   -0.698131701  -75.176894366  -18.675964592   -4.090748907
    0.285599332   -0.698131701  -80.578209561  -37.445114014   -2.295184257
    0.475998887   -0.698131701  -88.937837140  -48.574345151   -0.563677438
    0.666398442   -0.698131701  -98.175795076  -45.910731269    1.434207794
    0.856797996   -0.698131701 -105.371046587  -27.215272768    3.700860238
    1.047197551   -0.698131701 -107.737187648    3.656084074    5.923881096
    1.237597106   -0.698131701 -103.760376265   37.647848508    7.680246939
    1.427996661   -0.698131701  -93.867967361   64.155534851    8.703679753
    1.618396215   -0.698131701  -80.283750433   75.624207979    9.022914527
    1.808795770   -0.698131701  -66.149411314   70.098048717    8.906959525
    1.999195325   -0.698131701  -54.447891563   50.971104277    8.680589553
    2.189594880   -0.698131701  -47.206439331   24.361708848    8.536483216
    2.379994435   -0.698131701  -45.235414526   -3.416542423    8.442283921
    2.570393989   -0.698131701  -48.249627811  -27.274449330    8.170315031
    2.760793544   -0.698131701  -55.130448027  -43.549141632    7.415363611
    2.951193099   -0.698131701  -64.195242706  -50.011057095    5.956466115

   -3.141592654   -0.349065850  -72.469224282  -51.640003163    2.825617101
   -2.951193099   -0.349065850  -81.309086856  -40.191714942   -0.311866910
   -2.760793544   -0.349065850  -87.453438865  -24.185845987   -3.545530824
   -2.570393989   -0.349065850  -90.578532687   -9.375132536   -6.629843228
   -2.379994435   -0.349065850  -91.410801499   -0.679855748   -9.513139720
   -2.189594880   -0.349065850  -91.347365351    0.053597607  -12.330498711
   -1.999195325   -0.349065850  -91.770874470   -5.155223041  -15.227870271
   -1.808795770   -0.349065850  -93.386652259  -11.568145105  -18.120182569
   -1.618396215   -0.349065850  -95.924853863  -14.107856530  -20.553518582
   -1.427996661   -0.349065850  -98.318564868   -9.839150160  -21.823397864
   -1.237597106   -0.349065850  -99.258903018    0.831858504  -21.304504663
   -1.047197551   -0.349065850  -97.806337760   14.546414627  -18.811593110
   -0.856797996   -0.349065850  -93.812385129   26.686042304  -14.759200765
   -0.666398442   -0.349065850  -87.987367777   33.162572754  -10.020848705
   -0.475998887   -0.349065850  -81.680499241   31.469847887   -5.583687429
   -0.285599332   -0.349065850  -76.536915556   21.094809595   -2.152442282
   -0.095199777   -0.349065850  -74.097860566    3.456255131    0.101953837
    0.095199777   -0.349065850  -75.434548399  -17.742413416    1.564473403
    0.285599332   -0.349065850  -80.705839456  -36.767866633    2.960106772
    0.475998887   -0.349065850  -88.852823234  -46.849759372    4.969269417
    0.666398442   -0.349065850  -97.607566520  -42.558591595    7.849836893
    0.856797996   -0.349065850 -104.033359459  -22.644591843   11.262433801
    1.047197551   -0.349065850 -105.498344381    8.318063083   14.425735378
    1.237597106   -0.349065850 -100.720840760   41.223821221   16.529657661
    1.427996661   -0.349065850  -90.305977758   66.028177334   17.158219159
    1.618396215   -0.349065850  -76.521155361   75.939448479   16.454246683
    1.808795770   -0.349065850  -62.425819117   69.501827778   14.961127044
    1.999195325   -0.349065850  -50.870539837   50.121815357   13.286141479
    2.189594880   -0.349065850  -43.787910321   23.552777547   11.805016902
    2.379994435   -0.349065850  -41.978895236   -4.370947638   10.551982030
    2.570393989   -0.349065850  -45.228220339  -28.883916134    9.295665684
    2.760793544   -0.349065850  -52.520792468  -46.335933288    7.711503605
    2.951193099   -0.349065850  -62.249533009  -54.205098490    5.564903706

   -3.141592654    0.000000000  -71.636741515  -57.145874734    1.185540720
   -2.951193099    0.000000000  -81.572733608  -46.092833775   -1.721001470
   -2.760793544    0.000000000  -88.839272138  -29.983852700   -4.598116785
   -2.570393989    0.000000000  -93.032883646  -14.771908432   -7.279670144
   -2.379994435    0.000000000  -94.853144202   -5.681385791   -9.740793255
   -2.189594880    0.000000000  -95.716765007   -4.693855957  -12.065921366
   -1.999195325    0.000000000  -97.016712025   -9.555468161  -14.290771429
   -1.808795770    0.000000000  -99.391905270  -14.988190585  -16.222618261
   -1.618396215    0.000000000 -102.403492740  -15.457606450  -17.384105411
   -1.427996661    0.000000000 -104.771767523   -8.080847793  -17.188653626
   -1.237597106    0.000000000 -105.048352331    6.014076799  -15.267279919
   -1.047197551    0.000000000 -102.335679011   22.375108946  -11.754918194
   -0.856797996    0.000000000  -96.729499194   35.461453905   -7.324669120
   -0.666398442    0.000000000  -89.301927674   40.909125259   -2.931067380
   -0.475998887    0.000000000  -81.740259536   36.738544056    0.582736283
   -0.285599332    0.000000000  -75.867626973   23.519255262    2.849379265
   -0.095199777    0.000000000  -73.179303604    3.869102592    4.108247995
    0.095199777    0.000000000  -74.499410443  -17.670029248    5.093008726
    0.285599332    0.000000000  -79.644014741  -35.250548790    6.685697240
    0.475998887    0.000000000  -87.269276458  -42.811966074    9.478194880
    0.666398442    0.000000000  -95.019468091  -36.207503810   13.424403757
    0.856797996    0.000000000 -100.122412876  -15.436852663   17.781879952
    1.047197551    0.000000000 -100.292123029   14.373186209   21.414684447
    1.237597106    0.000000000  -94.603843082   44.552094050   23.334420252
    1.427996661    0.000000000  -83.860715705   66.186500347   23.159647157
    1.618396215    0.000000000  -70.299120257   73.631668510   21.230472646
    1.808795770    0.000000000  -56.777464039   66.010598620   18.342951718
    1.999195325    0.000000000  -45.906812505   46.570282682   15.313378661
    2.189594880    0.000000000  -39.460060085   20.453310857   12.639170263
    2.379994435    0.000000000  -38.205075348   -7.153671911   10.402117146
    2.570393989    0.000000000  -41.993771591  -31.863538293    8.388818615
    2.760793544    0.000000000  -49.915574875  -50.039331585    6.295110575
    2.951193099    0.000000000  -60.440957877  -58.881794189    3.905789780

   -3.141592654    0.349065850  -70.115049261  -60.723681493    0.668888924
   -2.951193099    0.349065850  -80.775652143  -50.085104248   -1.034555727
   -2.760793544    0.349065850  -88.832833871  -34.251555086   -2.631516329
   -2.570393989    0.349065850  -93.854342857  -19.171021108   -4.154264277
   -2.379994435    0.349065850  -96.515094458  -10.086188930   -5.666049056
   -2.189594880    0.349065850  -98.203701350   -8.900763295   -7.205048199
   -1.999195325    0.349065850 -100.253479964  -13.119348617   -8.690289157
   -1.808795770    0.349065850 -103.188073585  -17.150572824   -9.858697434
   -1.618396215    0.349065850 -106.408485794  -15.353883574  -10.301013372
   -1.427996661    0.349065850 -108.494982287   -5.185536706   -9.636982257
   -1.237597106    0.349065850 -107.967565446   11.443636395   -7.747148005
   -1.047197551    0.349065850 -104.063189283   29.207140278   -4.918511861
   -0.856797996    0.349065850  -97.151654759   42.060288594   -1.774032464
   -0.666398442    0.349065850  -88.611820311   45.798437488    0.997346198
   -0.475998887    0.349065850  -80.343143041   39.258219989    2.952375382
   -0.285599332    0.349065850  -74.188949490   24.117539133    4.126601602
   -0.095199777    0.349065850  -71.462796972    3.953479971    5.023571370
    0.095199777    0.349065850  -72.672126664  -16.300008937    6.419381731
    0.285599332    0.349065850  -77.314108266  -31.182215752    8.996027539
    0.475998887    0.349065850  -83.871355523  -35.735378540   12.976327658
    0.666398442    0.349065850  -90.064239716  -27.232890737   17.908450238
    0.856797996    0.349065850  -93.446307826   -6.763360005   22.751433133
    1.047197551    0.349065850  -92.184400713   20.379374640   26.264244183
    1.237597106    0.349065850  -85.735821168   46.400560225   27.545335412
    1.427996661    0.349065850  -75.051067047   63.855356270   26.405721834
    1.618396215    0.349065850  -62.238635781   68.384601577   23.384050257
    1.808795770    0.349065850  -49.850521881   59.652977051   19.414904238
    1.999195325    0.349065850  -40.171279266   40.610819674   15.386432068
    2.189594880    0.349065850  -34.755288953   15.641033419   11.840788996
    2.379994435    0.349065850  -34.303256389  -10.824795451    8.919889526
    2.570393989    0.349065850  -38.716994671  -34.851498375    6.506288679
    2.760793544    0.349065850  -47.187152706  -52.898835875    4.408500954
    2.951193099    0.349065850  -58.278820272  -62.017487613    2.483079088

   -3.141592654    0.698131701  -68.596206100  -62.190498543   -0.109373191
   -2.951193099    0.698131701  -79.546374879  -51.664139738   -0.291311615
   -2.760793544    0.698131701  -87.927044720  -36.061632862   -0.308274626
   -2.570393989    0.698131701  -93.317307021  -21.218049059   -0.386209451
   -2.379994435    0.698131701  -96.383245717  -12.267324337   -0.680840077
   -2.189594880    0.698131701  -98.485134819  -11.012443934   -1.219284338
   -1.999195325    0.698131701 -100.906847053  -14.849565791   -1.887400781
   -1.808795770    0.698131701 -104.103096675  -18.097009085   -2.470748202
   -1.618396215    0.698131701 -107.399581591  -15.158228956   -2.734248247
   -1.427996661    0.698131701 -109.328950813   -3.741839446   -2.523006381
   -1.237597106    0.698131701 -108.429012854   13.817987815   -1.837945780
   -1.047197551    0.698131701 -104.036198486   31.819960106   -0.844735748
   -0.856797996    0.698131701  -96.668052168   44.127057621    0.219237904
   -0.666398442    0.698131701  -87.828944595   46.844388351    1.194639123
   -0.475998887    0.698131701  -79.450554181   39.463148083    2.119322415
   -0.285599332    0.698131701  -73.271269666   24.367753690    3.286851462
   -0.095199777    0.698131701  -70.387416330    5.596523443    5.145069792
    0.095199777    0.698131701  -71.048186409  -12.014102508    8.125268500
    0.285599332    0.698131701  -74.572175009  -23.728884376   12.382358001
    0.475998887    0.698131701  -79.451097457  -25.784309543   17.602462910
    0.666398442    0.698131701  -83.652636657  -16.661592060   22.963464506
    0.856797996    0.698131701  -85.160760691    1.919648706   27.340471441
    1.047197551    0.698131701  -82.603883815   25.019985662   29.690727274
    1.237597106    0.698131701  -75.742551426   46.073721432   29.479798046
    1.427996661    0.698131701  -65.555993481   59.172483383   26.876071949
    1.618396215    0.698131701  -53.919317173   61.058249352   22.637771713
    1.808795770    0.698131701  -43.017984063   51.667521932   17.751703416
    1.999195325    0.698131701  -34.796736277   33.466294145   13.050463023
    2.189594880    0.698131701  -30.599017838   10.037336421    9.013766573
    2.379994435    0.698131701  -31.061244325  -14.863264978    5.785981971
    2.570393989    0.698131701  -36.120301096  -37.661060656    3.332199575
    2.760793544    0.698131701  -45.042332411  -54.906571306    1.579732252
    2.951193099    0.698131701  -56.471131188  -63.602295708    0.463006591

   -3.141592654    1.047197551  -69.814736800  -62.213263419   -5.224438685
   -2.951193099    1.047197551  -80.692023174  -50.923512433   -4.321684923
   -2.760793544    1.047197551  -88.895343661  -35.002535742   -3.031965168
   -2.570393989    1.047197551  -94.088071499  -20.255066003   -1.725957188
   -2.379994435    1.047197551  -97.000766480  -11.642006771   -0.665469549
   -2.189594880    1.047197551  -99.019493647  -10.749566992    0.052321704
   -1.999195325    1.047197551 -101.416044622  -14.815805946    0.457420343
   -1.808795770    1.047197551 -104.613338115  -18.115924595    0.616801149
   -1.618396215    1.047197551 -107.909286737  -15.129142088    0.570679893
   -1.427996661    1.047197551 -109.829637565   -3.694384410    0.330289038
   -1.237597106    1.047197551 -108.927465385   13.762847654   -0.067938837
   -1.047197551    1.047197551 -104.561383379   31.580278427   -0.508557167
   -0.856797996    1.047197551  -97.249329437   43.815484056   -0.768732976
   -0.666398442    1.047197551  -88.447022642   46.858344628   -0.545718162
   -0.475998887    1.047197551  -79.982560076   40.491075216    0.476649495
   -0.285599332    1.047197551  -73.447165816   27.204414423    2.579708571
   -0.095199777    1.047197551  -69.798088936   10.870674832    5.919914042
    0.095199777    1.047197551  -69.209802706   -4.214188987   10.461433652
    0.285599332    1.047197551  -71.057484836  -14.114166446   15.857693436
    0.475998887    1.047197551  -74.048586379  -15.884483991   21.412109936
    0.666398442    1.047197551  -76.496411596   -8.480757113   26.157862635
    0.856797996    1.047197551  -76.761172954    6.541297463   29.118306512
    1.047197551    1.047197551  -73.749675608   25.111827066   29.627941720
    1.237597106    1.047197551  -67.292376343   41.879732418   27.607868596
    1.427996661    1.047197551  -58.215125970   51.991009496   23.568964180
    1.618396215    1.047197551  -48.092973001   52.618039262   18.387840995
    1.808795770    1.047197551  -38.795395162   43.455497399   12.955703799
    1.999195325    1.047197551  -32.043013826   26.328967287    7.904062097
    2.189594880    1.047197551  -29.079748586    4.207136428    3.544561780
    2.379994435    1.047197551  -30.532902990  -19.464247808   -0.026557880
    2.570393989    1.047197551  -36.358739466  -41.117451791   -2.759526227
    2.760793544    1.047197551  -45.829826286  -57.203634402   -4.569105921
    2.951193099    1.047197551  -57.583407099  -64.707662539   -5.377976587

   -3.141592654    1.396263402  -74.838366987  -61.169868646  -10.809060785
   -2.951193099    1.396263402  -85.319449573  -47.908496405   -9.375731446
   -2.760793544    1.396263402  -92.826016588  -30.844837318   -7.436873635
   -2.570393989    1.396263402  -97.192740692  -15.875300965   -5.403367537
   -2.379994435    1.396263402  -99.308857309   -7.748278227   -3.537352660
   -2.189594880    1.396263402 -100.666423278   -7.741497517   -1.914499898
   -1.999195325    1.396263402 -102.590235220  -12.879770776   -0.515423184
   -1.808795770    1.396263402 -105.530371150  -17.372791477    0.641396054
   -1.618396215    1.396263402 -108.805969528  -15.672045082    1.449071198
   -1.427996661    1.396263402 -110.948176884   -5.456166385    1.785850352
   -1.237597106    1.396263402 -110.466075033   11.202218782    1.659519555
   -1.047197551    1.396263402 -106.598586486   29.059617258    1.296062243
   -0.856797996    1.396263402  -99.674483521   42.444202775    1.116505134
   -0.666398442    1.396263402  -90.937659307   47.685915433    1.597829959
   -0.475998887    1.396263402  -82.047358872   44.211614371    3.104440454
   -0.285599332    1.396263402  -74.513355153   33.936883462    5.792432996
   -0.095199777    1.396263402  -69.330507098   20.117528455    9.550086016
    0.095199777    1.396263402  -66.826206426    6.429876559   14.006396454
    0.285599332    1.396263402  -66.638479029   -3.678729629   18.526895842
    0.475998887    1.396263402  -67.807707287   -7.487748061   22.301514669
    0.666398442    1.396263402  -68.982287505   -3.711794911   24.520654235
    0.856797996    1.396263402  -68.759876716    6.829614535   24.644255199
    1.047197551    1.396263402  -66.111816828   21.133809936   22.593164935
    1.237597106    1.396263402  -60.733076320   34.768697844   18.809006551
    1.427996661    1.396263402  -53.183450556   43.309256193   14.046774837
    1.618396215    1.396263402  -44.751963372   43.718409315    9.078386549
    1.808795770    1.396263402  -37.103441907   35.092879952    4.429346579
    1.999195325    1.396263402  -31.875570825   18.669600699    0.298426206
    2.189594880    1.396263402  -30.311570510   -2.847283882   -3.326327743
    2.379994435    1.396263402  -33.049136774  -25.864400340   -6.468335538
    2.570393989    1.396263402  -40.002377226  -46.459035698   -9.012500784
    2.760793544    1.396263402  -50.339685204  -60.838210788  -10.710906423
    2.951193099    1.396263402  -62.576723052  -66.069757840  -11.325661990

   -3.141592654    1.745329252  -81.209856349  -59.712892925  -16.920707623
   -2.951193099    1.745329252  -91.223928333  -44.579249571  -15.542896110
   -2.760793544    1.745329252  -97.982140869  -26.459952508  -13.378455260
   -2.570393989    1.745329252 -101.479924893  -11.252954105  -10.793614526
   -2.379994435    1.745329252 -102.739301756   -3.441443541   -8.044021504
   -2.189594880    1.745329252 -103.330026682   -4.026199070   -5.235497503
   -1.999195325    1.745329252 -104.616064462   -9.927584671   -2.421982060
   -1.808795770    1.745329252 -107.082307024  -15.389544237    0.259493720
   -1.618396215    1.745329252 -110.087840107  -14.845573955    2.547903623
   -1.427996661    1.745329252 -112.180127243   -5.725061736    4.169100794
   -1.237597106    1.745329252 -111.814794032   10.355221064    5.026818466
   -1.047197551    1.745329252 -108.089699142   28.578064169    5.323895781
   -0.856797996    1.745329252 -101.135056532   43.406078081    5.526191262
   -0.666398442    1.745329252  -92.010188472   50.882256587    6.167494503
   -0.475998887    1.745329252  -82.275904365   49.860105627    7.614348232
   -0.285599332    1.745329252  -73.463697836   41.580199040    9.929406757
   -0.095199777    1.745329252  -66.714475271   28.715003798   12.832157494
    0.095199777    1.745329252  -62.596703729   14.507351132   15.776713887
    0.285599332    1.745329252  -61.049612017    2.253876026   18.056760417
    0.475998887    1.745329252  -61.407006286   -5.079784494   18.992392893
    0.666398442    1.745329252  -62.518957209   -5.478079329   18.141609188
    0.856797996    1.745329252  -63.008643559    1.267948237   15.501667406
    1.047197551    1.745329252  -61.680075011   13.118128063   11.527949827
    1.237597106    1.745329252  -57.922648883   26.031835837    6.991679046
    1.427996661    1.745329252  -51.985972093   35.274874597    2.642680103
    1.618396215    1.745329252  -44.961424190   36.995799407   -1.069411121
    1.808795770    1.745329252  -38.479690579   29.470762834   -4.109517922
    1.999195325    1.745329252  -34.267435592   13.517008495   -6.746250540
    2.189594880    1.745329252  -33.682893629   -8.025232894   -9.299331125
    2.379994435    1.745329252  -37.411611123  -31.035107013  -11.894235905
    2.570393989    1.745329252  -45.304696328  -51.016525324  -14.349768745
    2.760793544    1.745329252  -56.382913771  -63.904804004  -16.256668063
    2.951193099    1.745329252  -69.004398659  -66.949054649  -17.186758443

   -3.141592654    2.094395102  -88.114291943  -58.786457974  -18.950086423
   -2.951193099    2.094395102  -97.765933712  -41.787103964  -17.704418994
   -2.760793544    2.094395102 -103.859268565  -22.378548655  -15.563852777
   -2.570393989    2.094395102 -106.504648933   -6.470499543  -12.821598913
   -2.379994435    2.094395102 -106.818108405    1.660536108   -9.684568147
   -2.189594880    2.094395102 -106.423714464    1.185518617   -6.225669275
   -1.999195325    2.094395102 -106.723923596   -4.836084643   -2.477819755
   -1.808795770    2.094395102 -108.261270104  -10.805962570    1.419416839
   -1.618396215    2.094395102 -110.478597883  -11.225992567    5.152316183
   -1.427996661    2.094395102 -111.995370265   -3.316923424    8.322667052
   -1.237597106    2.094395102 -111.271916311   11.777639621   10.640884386
   -1.047197551    2.094395102 -107.315525711   29.720734534   12.084004358
   -0.856797996    2.094395102 -100.097503357   45.163560679   12.910801690
   -0.666398442    2.094395102  -90.524833018   53.882690415   13.508704477
   -0.475998887    2.094395102  -80.091703187   54.144809069   14.174734420
   -0.285599332    2.094395102  -70.386556470   46.512782614   14.957680448
   -0.095199777    2.094395102  -62.724658377   33.149828516   15.604528972
    0.095199777    2.094395102  -57.917113983   17.090480001   15.644625677
    0.285599332    2.094395102  -56.148949855    1.836556006   14.547332341
    0.475998887    2.094395102  -56.919585837   -9.020607012   11.961479950
    0.666398442    2.094395102  -59.093164585  -12.523963460    7.927580668
    0.856797996    2.094395102  -61.120690822   -7.557511825    2.976949657
    1.047197551    2.094395102  -61.498708744    4.332186769   -2.021692067
    1.237597106    2.094395102  -59.280010024   18.857993625   -6.182889779
    1.427996661    2.094395102  -54.488843894   30.445426755   -8.993131006
    1.618396215    2.094395102  -48.177887313   34.201463788  -10.495919658
    1.808795770    2.094395102  -42.114372961   27.672564495  -11.206486419
    1.999195325    2.094395102  -38.245404427   11.542846013  -11.813280745
    2.189594880    2.094395102  -38.116876887  -10.895570080  -12.847069858
    2.379994435    2.094395102  -42.481366549  -34.765205914  -14.458055030
    2.570393989    2.094395102  -51.113279152  -54.877961374  -16.386283411
    2.760793544    2.094395102  -62.857909398  -66.859109323  -18.107867721
    2.951193099    2.094395102  -75.883861348  -68.131222500  -19.075400503

   -3.141592654    2.443460953  -94.491703925  -58.387427256  -12.858419118
   -2.951193099    2.443460953 -103.911729901  -39.805947648  -11.260725363
   -2.760793544    2.443460953 -109.496872904  -19.082254239   -9.020542691
   -2.570393989    2.443460953 -111.409924538   -2.110071568   -6.395516586
   -2.379994435    2.443460953 -110.798657322    7.007762477   -3.531683381
   -2.189594880    2.443460953 -109.289906453    7.536265309   -0.400217990
   -1.999195325    2.443460953 -108.292910940    2.390452306    3.108708654
   -1.808795770    2.443460953 -108.404647490   -3.168914027    7.001449355
   -1.618396215    2.443460953 -109.186772357   -3.931442008   11.040286819
   -1.427996661    2.443460953 -109.408612757    2.873855386   14.769521721
   -1.237597106    2.443460953 -107.648672242   16.432971465   17.696416517
   -1.047197551    2.443460953 -102.951445833   32.887981953   19.511140101
   -0.856797996    2.443460953  -95.240458325   47.248380043   20.200604633
   -0.666398442    2.443460953  -85.337469494   55.315021226   19.980215156
   -0.475998887    2.443460953  -74.679134139   55.057275890   19.108961548
   -0.285599332    2.443460953  -64.871728653   46.578526597   17.702823536
   -0.095199777    2.443460953  -57.332418980   31.654404367   15.648918822
    0.095199777    2.443460953  -53.024049865   13.211616752   12.675896539
    0.285599332    2.443460953  -52.265566351   -4.927591501    8.540370054
    0.475998887    2.443460953  -54.587352568  -18.433743045    3.276079998
    0.666398442    2.443460953  -58.719756701  -23.406251642   -2.644025438
    0.856797996    2.443460953  -62.813950144  -18.036820838   -8.344241909
    1.047197551    2.443460953  -64.993968903   -3.827249673  -12.837803439
    1.237597106    2.443460953  -64.007586728   14.177900829  -15.429196031
    1.427996661    2.443460953  -59.770889442   29.192575879  -16.027140587
    1.618396215    2.443460953  -53.457218678   35.232591025  -15.154900940
    1.808795770    2.443460953  -47.110985300   29.346319267  -13.681309712
    1.999195325    2.443460953  -42.981458088   12.424837152  -12.434283854
    2.189594880    2.443460953  -42.825695740  -11.533086799  -11.910244252
    2.379994435    2.443460953  -47.454687019  -36.818323653  -12.160736240
    2.570393989    2.443460953  -56.556702813  -57.599169983  -12.865422209
    2.760793544    2.443460953  -68.804160071  -69.246831837  -13.511096021
    2.951193099    2.443460953  -82.182753635  -69.337162782  -13.605477567

   -3.141592654    2.792526803  -97.671279202  -56.955079435    0.712167562
   -2.951193099    2.792526803 -106.714451458  -37.334932359    2.807123480
   -2.760793544    2.792526803 -111.749356384  -15.832442661    4.802536367
   -2.570393989    2.792526803 -112.989181103    1.683019716    6.611145646
   -2.379994435    2.792526803 -111.607212551   11.324789152    8.368916568
   -2.189594880    2.792526803 -109.210991906   12.580176787   10.405924359
   -1.999195325    2.792526803 -107.165973403    8.372514503   13.063445050
   -1.808795770    2.792526803 -106.051980414    3.673588529   16.451393517
   -1.618396215    2.792526803 -105.487062702    3.249759293   20.288393474
   -1.427996661    2.792526803 -104.376205358    9.530716988   23.947357140
   -1.237597106    2.792526803 -101.470481140   21.677229841   26.690234575
   -1.047197551    2.792526803  -95.960517639   36.117142344   27.961717656
   -0.856797996    2.792526803  -87.844297595   48.270342900   27.577259593
   -0.666398442    2.792526803  -77.949990845   54.222748398   25.702807831
   -0.475998887    2.792526803  -67.690001757   51.973314226   22.687624724
   -0.285599332    2.792526803  -58.660564246   41.470827234   18.842681906
   -0.095199777    2.792526803  -52.299431365   24.361943308   14.323267158
    0.095199777    2.792526803  -49.593800439    3.687020332    9.152743812
    0.285599332    2.792526803  -50.832866696  -16.262253876    3.381792708
    0.475998887    2.792526803  -55.401832102  -30.454978709   -2.715475859
    0.666398442    2.792526803  -61.754170472  -34.377053090   -8.543775076
    0.856797996    2.792526803  -67.688883023  -26.108959096  -13.291246147
    1.047197551    2.792526803  -71.024848443   -7.762536439  -16.220655846
    1.237597106    2.792526803  -70.378632726   14.457619036  -17.009925688
    1.427996661    2.792526803  -65.768612736   32.580188623  -15.915144980
    1.618396215    2.792526803  -58.653654781   39.956897892  -13.647819202
    1.808795770    2.792526803  -51.420511471   33.707884737  -11.043960796
    1.999195325    2.792526803  -46.587622244   15.349872353   -8.724162044
    2.189594880    2.792526803  -46.039657312  -10.312682196   -6.932860860
    2.379994435    2.792526803  -50.572509863  -36.920653889   -5.567354000
    2.570393989    2.792526803  -59.762771630  -58.286175674   -4.341565156
    2.760793544    2.792526803  -72.132853397  -69.726445012   -2.963628936
    2.951193099    2.792526803  -85.531375657  -69.000576695   -1.271494252
