#! FIELDS phi psi file.free der_phi der_psi
#! SET min_phi -pi
#! SET max_phi pi
#! SET nbins_phi  33
#! SET periodic_phi true
#! SET min_psi -pi
#! SET max_psi pi
#! SET nbins_psi  18
#! SET periodic_psi true
   -3.141592654   -3.141592654 -106.739527480  -53.707613546   16.948254779
   -2.951193099   -3.141592654 -115.214511414  -34.746010842   19.296469089
   -2.760793544   -3.141592654 -119.856453676  -14.353523275   20.714792512
   -2.570393989   -3.141592654 -120.917888809    2.128871852   21.363539826
   -2.379994435   -3.141592654 -119.496765729   11.443800322   21.700713827
   -2.189594880   -3.141592654 -117.023090663   13.442975720   22.344911343
   -1.999195325   -3.141592654 -114.662868345   10.931776047   23.826350520
   -1.808795770   -3.141592654 -112.866550704    8.262639817   26.327223121
   -1.618396215   -3.141592654 -111.265440178    9.392935377   29.532540966
   -1.427996661   -3.141592654 -108.921687556   16.111449407   32.692150744
   -1.237597106   -3.141592654 -104.827194717   27.362185761   34.881983991
   -1.047197551   -3.141592654  -98.410302249   39.809597496   35.335979356
   -0.856797996   -3.141592654  -89.833406519   49.348946786   33.689091505
   -0.666398442   -3.141592654  -80.000439611   52.491391770   30.024333199
   -0.475998887   -3.141592654  -70.338180162   47.422491303   24.762166952
   -0.285599332   -3.141592654  -62.442951760   34.103894632   18.446637200
   -0.095199777   -3.141592654  -57.749007883   14.234073571   11.599933930
    0.095199777   -3.141592654  -57.207672392   -8.817287745    4.659133544
    0.285599332   -3.141592654  -60.977902201  -30.124857139   -1.966385948
    0.475998887   -3.141592654  -68.182295148  -43.945468026   -7.814814582
    0.666398442   -3.141592654  -76.901396562  -45.406991601  -12.349537871
    0.856797996   -3.141592654  -84.553329450  -32.878303535  -15.077418825
    1.047197551   -3.141592654  -88.697963169   -9.452866037  -15.747645898
    1.237597106   -3.141592654  -87.917540654   17.377536399  -14.530387381
    1.427996661   -3.141592654  -82.428452755   38.585746481  -11.989702380
    1.618396215   -3.141592654  -74.029631638   47.116560992   -8.850724614
    1.808795770   -3.141592654  -65.458034170   40.395112400   -5.686180901
    1.999195325   -3.141592654  -59.473821811   20.679177953   -2.712665942
    2.189594880   -3.141592654  -58.052115456   -6.414636366    0.178961753
    2.379994435   -3.141592654  -61.942442932  -33.961814259    3.235433619
    2.570393989   -3.141592654  -70.602977004  -55.580340667    6.609203032
    2.760793544   -3.141592654  -82.437016422  -66.765528079   10.230487321
    2.951193099   -3.141592654  -95.234889860  -65.704948699   13.808935325

   -3.141592654   -2.792526803  -99.070265527  -49.372131101   25.256685581
   -2.951193099   -2.792526803 -106.925102916  -32.595720406   27.410476898
   -2.760793544   -2.792526803 -111.353086538  -14.172857043   28.301842882
   -2.570393989   -2.792526803 -112.506106848    1.166459901   28.268878075
   -2.379994435   -2.792526803 -111.281054208   10.570247768   27.922065538
   -2.189594880   -2.792526803 -108.863315865   13.912556801   27.938782783
   -1.999195325   -2.792526803 -106.216491428   13.544221725   28.802993160
   -1.808795770   -2.792526803 -103.715810768   12.957985393   30.585685107
   -1.618396215   -2.792526803 -101.098329890   15.129499134   32.857926002
   -1.427996661   -2.792526803  -97.700002922   21.132155283   34.801896987
   -1.237597106   -2.792526803  -92.871804754   29.767108820   35.490166975
   -1.047197551   -2.792526803  -86.365510411   38.194428069   34.216664909
   -0.856797996   -2.792526803  -78.526847264   43.223954374   30.726587013
   -0.666398442   -2.792526803  -70.258597198   42.347839350   25.260359540
   -0.475998887   -2.792526803  -62.820484937   34.444977570   18.435680213
   -0.285599332   -2.792526803  -57.548837194   19.786616886   11.007742781
   -0.095199777   -2.792526803  -55.592158570    0.033587017    3.689042583
    0.095199777   -2.792526803  -57.641980000  -21.635929842   -2.964475032
    0.285599332   -2.792526803  -63.637195274  -40.516174738   -8.534398556
    0.475998887   -2.792526803  -72.521769987  -51.078916140  -12.691704670
    0.666398442   -2.792526803  -82.244889204  -48.762422492  -15.170312693
    0.856797996   -2.792526803  -90.170299366  -32.420875799  -15.837692186
    1.047197551   -2.792526803  -93.909860511   -5.790813148  -14.786499888
    1.237597106   -2.792526803  -92.216302273   23.105706574  -12.401059697
    1.427996661   -2.792526803  -85.545610408   45.080684820   -9.248626556
    1.618396215   -2.792526803  -75.918458863   53.423580065   -5.863729301
    1.808795770   -2.792526803  -66.194016346   46.213708658   -2.529180605
    1.999195325   -2.792526803  -59.127296374   26.317516795    0.799340932
    2.189594880   -2.792526803  -56.605346880   -0.409789861    4.369651083
    2.379994435   -2.792526803  -59.286782331  -27.255972838    8.407113935
    2.570393989   -2.792526803  -66.611003103  -48.329842540   12.905582282
    2.760793544   -2.792526803  -77.059697326  -59.617010670   17.560591012
    2.951193099   -2.792526803  -88.576131081  -59.560358795   21.855106618

   -3.141592654   -2.443460953  -90.580745918  -44.640473198   22.840459173
   -2.951193099   -2.443460953  -97.742550864  -30.046516662   24.454626501
   -2.760793544   -2.443460953 -101.869595770  -13.464574659   25.007655101
   -2.570393989   -2.443460953 -102.998742659    0.879698223   24.849462964
   -2.379994435   -2.443460953 -101.838172470   10.362872176   24.466608392
   -2.189594880   -2.443460953  -99.375516136   14.711937705   24.312951558
   -1.999195325   -2.443460953  -96.444057612   15.736552077   24.645063455
   -1.808795770   -2.443460953  -93.420142297   16.124242987   25.401944579
   -1.618396215   -2.443460953  -90.198014317   18.067038420   26.175937895
   -1.427996661   -2.443460953  -86.391172780   22.212365798   26.317409202
   -1.237597106   -2.443460953  -81.657427304   27.504236132   25.159836745
   -1.047197551   -2.443460953  -75.972385622   31.793250185   22.283503832
   -0.856797996   -2.443460953  -69.740664820   32.872497172   17.681996537
   -0.666398442   -2.443460953  -63.737527329   29.170545409   11.771031997
   -0.475998887   -2.443460953  -58.947998141   20.107641283    5.251445517
   -0.285599332   -2.443460953  -56.378164248    6.025737651   -1.133283324
   -0.095199777   -2.443460953  -56.873433424  -11.766269089   -6.774406637
    0.095199777   -2.443460953  -60.911942027  -30.620286131  -11.299869053
    0.285599332   -2.443460953  -68.319828863  -46.340247036  -14.540324800
    0.475998887   -2.443460953  -78.012329504  -53.754912064  -16.455543886
    0.666398442   -2.443460953  -87.964250423  -48.541769645  -17.063340621
    0.856797996   -2.443460953  -95.607563063  -29.748898540  -16.443199212
    1.047197551   -2.443460953  -98.658226043   -1.340159309  -14.757035098
    1.237597106   -2.443460953  -96.012584256   28.533732482  -12.291601528
    1.427996661   -2.443460953  -88.276766105   50.747132006   -9.388443901
    1.618396215   -2.443460953  -77.583526135   58.931190191   -6.330993543
    1.808795770   -2.443460953  -66.823448551   51.634453679   -3.223289462
    1.999195325   -2.443460953  -58.698951079   32.088942002    0.031022642
    2.189594880   -2.443460953  -55.005219365    6.179513598    3.621072121
    2.379994435   -2.443460953  -56.338231669  -19.709668102    7.653353115
    2.570393989   -2.443460953  -62.159612728  -40.207895761   12.003604083
    2.760793544   -2.443460953  -71.068371815  -51.736334919   16.303139342
    2.951193099   -2.443460953  -81.183373753  -52.882527368   20.056426725

   -3.141592654   -2.094395102  -84.314402599  -41.037755233   13.649092637
   -2.951193099   -2.094395102  -90.937366959  -27.972187207   14.732264660
   -2.760793544   -2.094395102  -94.795959189  -12.667335709   15.287076924
   -2.570393989   -2.094395102  -95.861144060    0.833013307   15.514288543
   -2.379994435   -2.094395102  -94.754542051    9.913803167   15.574101217
   -2.189594880   -2.094395102  -92.389487670   14.169565095   15.526518741
   -1.999195325   -2.094395102  -89.564425960   15.137663543   15.321184985
   -1.808795770   -2.094395102  -86.683490482   15.136452008   14.802816107
   -1.618396215   -2.094395102  -83.738117419   16.021147633   13.733380692
   -1.427996661   -2.094395102  -80.484939897   18.322606001   11.851166753
   -1.237597106   -2.094395102  -76.715809872   21.220934398    8.973781639
   -1.047197551   -2.094395102  -72.461051820   23.124023243    5.119646321
   -0.856797996   -2.094395102  -68.058442436   22.504500811    0.551897047
   -0.666398442   -2.094395102  -64.097005667   18.334450526   -4.265123915
   -0.475998887   -2.094395102  -61.305810231   10.177663436   -8.790372973
   -0.285599332   -2.094395102  -60.449476359   -1.888009322  -12.575850329
   -0.095199777   -2.094395102  -62.211116828  -17.106045166  -15.367953818
    0.095199777   -2.094395102  -67.018889172  -33.393788117  -17.143098159
    0.285599332   -2.094395102  -74.740610388  -46.938443084  -18.037656548
    0.475998887   -2.094395102  -84.380640186  -52.677070374  -18.245945372
    0.666398442   -2.094395102  -94.002346164  -46.207266441  -17.916771917
    0.856797996   -2.094395102 -101.106277782  -26.445191567  -17.119622034
    1.047197551   -2.094395102 -103.455932626    2.684025339  -15.845787505
    1.237597106   -2.094395102  -99.996465722   33.016681994  -14.097667788
    1.427996661   -2.094395102  -91.384652630   55.426152630  -11.915401036
    1.618396215   -2.094395102  -79.793979921   63.666274769   -9.387608704
    1.808795770   -2.094395102  -68.122512153   56.492575378   -6.597018923
    1.999195325   -2.094395102  -59.041176646   37.317161629   -3.586119834
    2.189594880   -2.094395102  -54.296491511   12.004816182   -0.371299186
    2.379994435   -2.094395102  -54.461288310  -13.306911615    2.989178829
    2.570393989   -2.094395102  -59.035060031  -33.605249750    6.327366418
    2.760793544   -2.094395102  -66.716039198  -45.567881110    9.378168493
    2.951193099   -2.094395102  -75.749856969  -47.792785595   11.869528877

   -3.141592654   -1.745329252  -81.728795885  -39.198177286    4.421908456
   -2.951193099   -1.745329252  -88.075402111  -26.868086240    4.762155001
   -2.760793544   -1.745329252  -91.772437549  -12.048600304    5.012071252
   -2.570393989   -1.745329252  -92.752518316    1.112984337    5.237284251
   -2.379994435   -1.745329252  -91.629525242    9.776633306    5.323000597
   -2.189594880   -1.745329252  -89.352126304   13.323538141    5.009496273
   -1.999195325   -1.745329252  -86.788920523   13.154320891    4.019682467
   -1.808795770   -1.745329252  -84.429942902   11.569792241    2.183973343
   -1.618396215   -1.745329252  -82.341062481   10.564081598   -0.490532501
   -1.427996661   -1.745329252  -80.308570877   10.997561884   -3.824001660
   -1.237597106   -1.745329252  -78.076958757   12.530230026   -7.517656279
   -1.047197551   -1.745329252  -75.533678802   14.037545233  -11.205480584
   -0.856797996   -1.745329252  -72.802531592   14.246641299  -14.522218677
   -0.666398442   -1.745329252  -70.241672286   12.048205349  -17.151042130
   -0.475998887   -1.745329252  -68.399162812    6.568296906  -18.869015401
   -0.285599332   -1.745329252  -67.963488991   -2.728059508  -19.604611737
   -0.095199777   -1.745329252  -69.657926085  -15.680960386  -19.457619864
    0.095199777   -1.745329252  -74.047569875  -30.585971982  -18.698563879
    0.285599332   -1.745329252  -81.181518036  -43.719421202  -17.685861786
    0.475998887   -1.745329252  -90.233492616  -49.808744194  -16.751781601
    0.666398442   -1.745329252  -99.373617801  -44.037745737  -16.075580649
    0.856797996   -1.745329252 -106.124970003  -24.845749132  -15.622866799
    1.047197551   -1.745329252 -108.190554770    4.153164604  -15.157818500
    1.237597106   -1.745329252 -104.421145881   34.875541928  -14.384220680
    1.427996661   -1.745329252  -95.388011494   58.014035590  -13.076377815
    1.618396215   -1.745329252  -83.226443426   67.054694164  -11.186128370
    1.808795770   -1.745329252  -70.842693186   60.540576426   -8.830277979
    1.999195325   -1.745329252  -60.943092603   41.814880645   -6.219426752
    2.189594880   -1.745329252  -55.315444674   16.736085547   -3.573178116
    2.379994435   -1.745329252  -54.575799766   -8.593415546   -1.090827623
    2.570393989   -1.745329252  -58.278376169  -29.232638269    1.046939684
    2.760793544   -1.745329252  -65.186195143  -41.877010336    2.695016100
    2.951193099   -1.745329252  -73.602569963  -45.018975976    3.794172112

   -3.141592654   -1.396263402  -83.509641865  -39.995388577    2.477559068
   -2.951193099   -1.396263402  -89.977234604  -27.262896947    2.241389734
   -2.760793544   -1.396263402  -93.682549381  -11.744614851    1.978457148
   -2.570393989   -1.396263402  -94.550852163    1.892568135    1.695047963
   -2.379994435   -1.396263402  -93.289716110   10.293032508    1.183918507
   -2.189594880   -1.396263402  -91.016420772   12.603180238    0.085015565
   -1.999195325   -1.396263402  -88.774910954   10.394839189   -1.937517800
   -1.808795770   -1.396263402  -87.162704436    6.493031228   -5.011116082
   -1.618396215   -1.396263402  -86.234468983    3.572785098   -8.944263852
   -1.427996661   -1.396263402  -85.639307342    3.094029175  -13.250160961
   -1.237597106   -1.396263402  -84.894860176    5.046633568  -17.293957136
   -1.047197551   -1.396263402  -83.632302044    8.265091067  -20.473644271
   -0.856797996   -1.396263402  -81.760084947   11.105152985  -22.386942727
   -0.666398442   -1.396263402  -79.512236522   11.908572563  -22.896987442
   -0.475998887   -1.396263402  -77.423277992    9.205752323  -22.116684022
   -0.285599332   -1.396263402  -76.275666979    1.958236963  -20.351302117
   -0.095199777   -1.396263402  -76.967378361  -10.034941444  -18.015963808
    0.095199777   -1.396263402  -80.288556140  -25.210619832  -15.576571059
    0.285599332   -1.396263402  -86.515753809  -39.726570584  -13.447842825
    0.475998887   -1.396263402  -94.998676734  -47.886488108  -11.905001854
    0.666398442   -1.396263402 -103.976768382  -44.200817076  -11.004355115
    0.856797996   -1.396263402 -110.905904311  -26.383085465  -10.578025629
    1.047197551   -1.396263402 -113.301356727    2.427890489  -10.292811255
    1.237597106   -1.396263402 -109.779568914   34.160191286   -9.803184920
    1.427996661   -1.396263402 -100.722468962   59.028901888   -8.871406443
    1.618396215   -1.396263402  -88.194898285   69.818040982   -7.448907600
    1.808795770   -1.396263402  -75.160823489   64.463340210   -5.651209577
    1.999195325   -1.396263402  -64.470436122   46.042949008   -3.681032427
    2.189594880   -1.396263402  -58.072950544   20.472004195   -1.747242887
    2.379994435   -1.396263402  -56.714242036   -5.897545981   -0.033920351
    2.570393989   -1.396263402  -60.023831605  -27.816353735    1.304615663
    2.760793544   -1.396263402  -66.780145119  -41.658087440    2.160064315
    2.951193099   -1.396263402  -75.240983623  -45.611323674    2.515290219

   -3.141592654   -1.047197551  -86.222583247  -42.372084991    4.134936958
   -2.951193099   -1.047197551  -93.098233998  -29.100232588    2.877394778
   -2.760793544   -1.047197551  -97.078288606  -12.807291820    1.520013700
   -2.570393989   -1.047197551  -98.096112700    1.278784792    0.153861441
   -2.379994435   -1.047197551  -96.973203190    9.285626174   -1.355924381
   -2.189594880   -1.047197551  -95.009613431   10.206128090   -3.337716464
   -1.999195325   -1.047197551  -93.412837045    5.966701398   -6.128964808
   -1.808795770   -1.047197551  -92.833498026    0.167328313   -9.839226492
   -1.618396215   -1.047197551  -93.216812839   -3.648674448  -14.180529952
   -1.427996661   -1.047197551  -93.960025182   -3.465966781  -18.488436751
   -1.237597106   -1.047197551  -94.275507193    0.702645641  -21.940086307
   -1.047197551   -1.047197551  -93.543902940    7.131485550  -23.851415902
   -0.856797996   -1.047197551  -91.562603975   13.337912300  -23.920501865
   -0.666398442   -1.047197551  -88.612480361   16.891412100  -22.291276420
   -0.475998887   -1.047197551  -85.397765977   15.831455445  -19.450298584
   -0.285599332   -1.047197551  -82.932934509    8.960515436  -16.037716655
   -0.095199777   -1.047197551  -82.351381175   -3.848034782  -12.648320002
    0.095199777   -1.047197551  -84.647022079  -20.745744945   -9.713119049
    0.285599332   -1.047197551  -90.229931948  -37.457859074   -7.426251077
    0.475998887   -1.047197551  -98.488253391  -47.733336206   -5.767126528
    0.666398442   -1.047197551 -107.590706202  -45.522657024   -4.570812084
    0.856797996   -1.047197551 -114.831256916  -28.157737671   -3.633854088
    1.047197551   -1.047197551 -117.520355366    1.259006342   -2.785953097
    1.237597106   -1.047197551 -114.099665850   34.333975851   -1.926751074
    1.427996661   -1.047197551 -104.861532076   60.725798262   -1.000160842
    1.618396215   -1.047197551  -91.890304777   72.675359100    0.022579629
    1.808795770   -1.047197551  -78.255649420   67.777248424    1.149791564
    1.999195325   -1.047197551  -66.951093780   49.057331135    2.352510771
    2.189594880   -1.047197551  -60.057275854   22.585920884    3.547956021
    2.379994435   -1.047197551  -58.411872898   -5.036316589    4.589682328
    2.570393989   -1.047197551  -61.686111572  -28.295740502    5.290690867
    2.760793544   -1.047197551  -68.649094569  -43.288465767    5.477015825
    2.951193099   -1.047197551  -77.495906506  -47.935430857    5.068987584

   -3.141592654   -0.698131701  -86.322061531  -46.068773677    4.344603236
   -2.951193099   -0.698131701  -93.918720754  -32.895370534    1.842613567
   -2.760793544   -0.698131701  -98.600579588  -16.355123528   -0.792563109
   -2.570393989   -0.698131701 -100.271345829   -2.079814512   -3.350974269
   -2.379994435   -0.698131701  -99.806276047    5.627905736   -5.852826600
   -2.189594880   -0.698131701  -98.620780123    5.593529438   -8.544401823
   -1.999195325   -0.698131701  -98.026848156    0.033531837  -11.706323143
   -1.808795770   -0.698131701  -98.682585216   -6.745510435  -15.379964481
   -1.618396215   -0.698131701 -100.390720668  -10.403436114  -19.175555701
   -1.427996661   -0.698131701 -102.280297378   -8.476533359  -22.328276705
   -1.237597106   -0.698131701 -103.267957326   -1.156924201  -23.997067016
   -1.047197551   -0.698131701 -102.532070789    9.059382476  -23.643372640
   -0.856797996   -0.698131701  -99.845906486   18.668387068  -21.282369597
   -0.666398442   -0.698131701  -95.649737460   24.392644382  -17.468993598
   -0.475998887   -0.698131701  -90.928228261   23.876378649  -13.063875335
   -0.285599332   -0.698131701  -87.002789724   16.039038105   -8.904467355
   -0.095199777   -0.698131701  -85.250623971    1.250971548   -5.526299186
    0.095199777   -0.698131701  -86.793036217  -17.921826317   -3.046568494
    0.285599332   -0.698131701  -92.027712517  -36.507975341   -1.201654241
    0.475998887   -0.698131701 -100.215837369  -47.779975920    0.443981957
    0.666398442   -0.698131701 -109.341981147  -45.585821217    2.234192801
    0.856797996   -0.698131701 -116.534286286  -27.520681475    4.222713242
    1.047197551   -0.698131701 -119.010094734    2.845608071    6.168126187
    1.237597106   -0.698131701 -115.206547176   36.703607256    7.713511796
    1.427996661   -0.698131701 -105.471444712   63.499325828    8.635137235
    1.618396215   -0.698131701  -91.964218040   75.469656430    8.970133613
    1.808795770   -0.698131701  -77.819347771   70.298460948    8.960560523
    1.999195325   -0.698131701  -66.078681905   51.082010106    8.878483680
    2.189594880   -0.698131701  -58.863691049   23.897205325    8.859405551
    2.379994435   -0.698131701  -57.055732846   -4.676428284    8.834929690
    2.570393989   -0.698131701  -60.369847986  -29.097991399    8.580514509
    2.760793544   -0.698131701  -67.603553455  -45.318831393    7.829990894
    2.951193099   -0.698131701  -76.941784461  -51.014871845    6.412643924

   -3.141592654   -0.349065850  -85.098223655  -51.362828897    3.606946237
   -2.951193099   -0.349065850  -93.760745641  -38.672567857    0.504653230
   -2.760793544   -0.349065850  -99.538476699  -21.990951436   -2.667987070
   -2.570393989   -0.349065850 -102.239786317   -7.249218685   -5.686954436
   -2.379994435   -0.349065850 -102.722308796    0.786474046   -8.519386988
   -2.189594880   -0.349065850 -102.461641509    0.650387791  -11.314527778
   -1.999195325   -0.349065850 -102.843717946   -5.275798843  -14.227671277
   -1.808795770   -0.349065850 -104.522743695  -12.056326497  -17.176984936
   -1.618396215   -0.349065850 -107.160638437  -14.625090163  -19.701297110
   -1.427996661   -0.349065850 -109.638351699  -10.197139376  -21.073330695
   -1.237597106   -0.349065850 -110.627776925    0.654802038  -20.635041526
   -1.047197551   -0.349065850 -109.196151841   14.469400350  -18.169157710
   -0.856797996   -0.349065850 -105.212781511   26.631485840  -14.072315856
   -0.666398442   -0.349065850  -99.396546306   33.117605839   -9.224558375
   -0.475998887   -0.349065850  -93.091835358   31.498015707   -4.643374009
   -0.285599332   -0.349065850  -87.928247446   21.282698318   -1.081508982
   -0.095199777   -0.349065850  -85.433963394    3.838963591    1.236719992
    0.095199777   -0.349065850  -86.682948041  -17.232060480    2.652723533
    0.285599332   -0.349065850  -91.857544122  -36.311304595    3.874518505
    0.475998887   -0.349065850  -99.940449604  -46.682181666    5.602353832
    0.666398442   -0.349065850 -108.705969224  -42.870528462    8.148471695
    0.856797996   -0.349065850 -115.239856303  -23.458999567   11.247131131
    1.047197551   -0.349065850 -116.891042181    7.224418746   14.187103357
    1.237597106   -0.349065850 -112.315555409   40.262140867   16.204807663
    1.427996661   -0.349065850 -102.037077044   65.601576627   16.896804913
    1.618396215   -0.349065850  -88.267182659   76.192020436   16.384281627
    1.808795770   -0.349065850  -74.075218541   70.179653922   15.159586093
    1.999195325   -0.349065850  -62.392968542   50.658929561   13.761603573
    2.189594880   -0.349065850  -55.268662570   23.366473202   12.500419786
    2.379994435   -0.349065850  -53.587122259   -5.533396108   11.370723891
    2.570393989   -0.349065850  -57.132085120  -30.745931395   10.142897395
    2.760793544   -0.349065850  -64.790451001  -48.185080009    8.530735147
    2.951193099   -0.349065850  -74.803900175  -55.235625304    6.350133043

   -3.141592654    0.000000000  -84.050320798  -57.010140494    1.983104978
   -2.951193099    0.000000000  -93.830724599  -44.663202456   -1.015335686
   -2.760793544    0.000000000 -100.743700000  -27.838868507   -3.949644948
   -2.570393989    0.000000000 -104.520453273  -12.670698899   -6.665107091
   -2.379994435    0.000000000 -105.994091651   -4.225811980   -9.149045941
   -2.189594880    0.000000000 -106.662050747   -4.105414969  -11.496639931
   -1.999195325    0.000000000 -107.922722220   -9.689789514  -13.751993609
   -1.808795770    0.000000000 -110.364102711  -15.489485292  -15.723426243
   -1.618396215    0.000000000 -113.475490558  -15.954502135  -16.924574746
   -1.427996661    0.000000000 -115.916915667   -8.337255058  -16.747839626
   -1.237597106    0.000000000 -116.212217237    6.057684176  -14.801701689
   -1.047197551    0.000000000 -113.467075396   22.634001940  -11.209094769
   -0.856797996    0.000000000 -107.800891220   35.797883261   -6.651286672
   -0.666398442    0.000000000 -100.310363351   41.208080843   -2.113802744
   -0.475998887    0.000000000  -92.699116332   36.949057942    1.516391193
   -0.285599332    0.000000000  -86.794577196   23.639373109    3.826861735
   -0.095199777    0.000000000  -84.090751508    3.901887504    5.023703618
    0.095199777    0.000000000  -85.414180709  -17.754543764    5.829196372
    0.285599332    0.000000000  -90.590985931  -35.531010622    7.144077918
    0.475998887    0.000000000  -98.295035021  -43.382030224    9.610466743
    0.666398442    0.000000000 -106.184749149  -37.112103272   13.254508555
    0.856797996    0.000000000 -111.485513734  -16.587946310   17.408983537
    1.047197551    0.000000000 -111.876800700   13.247382105   20.992547594
    1.237597106    0.000000000 -106.368489856   43.846554445   23.033895577
    1.427996661    0.000000000  -95.690629837   66.236629532   23.127142652
    1.618396215    0.000000000  -82.040220312   74.478691320   21.556173763
    1.808795770    0.000000000  -68.307171185   67.279326561   19.043013662
    1.999195325    0.000000000  -57.206992921   47.577192189   16.329188202
    2.189594880    0.000000000  -50.647615117   20.534375802   13.854983715
    2.379994435    0.000000000  -49.490347527   -8.267227947   11.678744526
    2.570393989    0.000000000  -53.582443770  -33.842357316    9.604200055
    2.760793544    0.000000000  -61.901003462  -52.081189474    7.375608536
    2.951193099    0.000000000  -72.748306852  -60.100517267    4.833553837

   -3.141592654    0.349065850  -82.257575212  -60.991108082    1.381749042
   -2.951193099    0.349065850  -92.831721104  -48.977705291   -0.468362594
   -2.760793544    0.349065850 -100.588567482  -32.343716069   -2.178926586
   -2.570393989    0.349065850 -105.230948936  -17.230284581   -3.786046067
   -2.379994435    0.349065850 -107.569411968   -8.727821016   -5.356032356
   -2.189594880    0.349065850 -109.075964052   -8.359981120   -6.930409021
   -1.999195325    0.349065850 -111.091294225  -13.254343183   -8.435157116
   -1.808795770    0.349065850 -114.086976960  -17.592922071   -9.612668413
   -1.618396215    0.349065850 -117.388245948  -15.704926186  -10.055187742
   -1.427996661    0.349065850 -119.510259375   -5.191744051   -9.376759205
   -1.237597106    0.349065850 -118.944917989   11.825366176   -7.451713695
   -1.047197551    0.349065850 -114.940143388   29.827895096   -4.567277205
   -0.856797996    0.349065850 -107.905187778   42.682765906   -1.355942333
   -0.666398442    0.349065850  -99.263300509   46.207386755    1.475788277
   -0.475998887    0.349065850  -90.946631701   39.335496233    3.466911166
   -0.285599332    0.349065850  -84.810424188   23.850393950    4.637547033
   -0.095199777    0.349065850  -82.163011063    3.396154205    5.479974327
    0.095199777    0.349065850  -83.499458693  -17.075076053    6.765631278
    0.285599332    0.349065850  -88.304032115  -32.117410079    9.185591223
    0.475998887    0.349065850  -95.050070957  -36.783379809   12.993515684
    0.666398442    0.349065850 -101.446978095  -28.321952314   17.789252634
    0.856797996    0.349065850 -105.028500896   -7.743662130   22.590726684
    1.047197551    0.349065850 -103.922438516   19.764584347   26.199487900
    1.237597106    0.349065850  -97.530694229   46.457831583   27.719772971
    1.427996661    0.349065850  -86.752787190   64.782290950   26.924422759
    1.618396215    0.349065850  -73.686007805   70.069078430   24.282507284
    1.808795770    0.349065850  -60.941872276   61.584145871   20.648859572
    1.999195325    0.349065850  -50.931560022   42.011741961   16.845627762
    2.189594880    0.349065850  -45.356717871   15.813787792   13.380586269
    2.379994435    0.349065850  -45.011774590  -12.118684661   10.399969444
    2.570393989    0.349065850  -49.782917292  -37.201014004    7.824025346
    2.760793544    0.349065850  -58.730416302  -55.399781955    5.515253673
    2.951193099    0.349065850  -70.232532406  -63.695406281    3.378753980

   -3.141592654    0.698131701  -80.479313590  -62.915886604    0.684164934
   -2.951193099    0.698131701  -91.425690981  -50.964012264    0.392153205
   -2.760793544    0.698131701  -99.576926183  -34.486607078    0.267000258
   -2.570393989    0.698131701 -104.642730174  -19.515095061    0.083898440
   -2.379994435    0.698131701 -107.421563758  -11.038598164   -0.301698498
   -2.189594880    0.698131701 -109.356066334  -10.498182945   -0.904459194
   -1.999195325    0.698131701 -111.740296866  -14.929712453   -1.609775450
   -1.808795770    0.698131701 -114.982357485  -18.439599485   -2.215340765
   -1.618396215    0.698131701 -118.339614774  -15.403860496   -2.506731238
   -1.427996661    0.698131701 -120.287118237   -3.676941736   -2.346906543
   -1.237597106    0.698131701 -119.341851537   14.201272753   -1.744758048
   -1.047197551    0.698131701 -114.856997982   32.349701226   -0.859422465
   -0.856797996    0.698131701 -107.391818689   44.565435989    0.093827688
   -0.666398442    0.698131701  -98.492471999   47.005697479    0.986535384
   -0.475998887    0.698131701  -90.115362545   39.279912724    1.886397005
   -0.285599332    0.698131701  -84.000721707   23.878301508    3.099963437
   -0.095199777    0.698131701  -81.231446509    4.887736368    5.062201420
    0.095199777    0.698131701  -82.040496197  -12.860805788    8.169630369
    0.285599332    0.698131701  -85.733008250  -24.654206405   12.538966019
    0.475998887    0.698131701  -90.790308738  -26.728684745   17.838396141
    0.666398442    0.698131701  -95.164852704  -17.522455143   23.260614483
    0.856797996    0.698131701  -96.814089979    1.328420265   27.721674693
    1.047197551    0.698131701  -94.322556351   24.965325077   30.220979067
    1.237597106    0.698131701  -87.397754452   46.823843709   30.239828939
    1.427996661    0.698131701  -76.980228346   60.836673582   27.920346320
    1.618396215    0.698131701  -64.953749364   63.407898807   23.961549899
    1.808795770    0.698131701  -53.585380355   54.083621104   19.282406361
    1.999195325    0.698131701  -44.963765471   35.103023455   14.668450732
    2.189594880    0.698131701  -40.587422014   10.184703764   10.591419822
    2.379994435    0.698131701  -41.183541815  -16.403538554    7.225471081
    2.570393989    0.698131701  -46.662325007  -40.405900881    4.587113906
    2.760793544    0.698131701  -56.145037270  -57.875773609    2.651926594
    2.951193099    0.698131701  -68.075517428  -65.762475320    1.381238704

   -3.141592654    1.047197551  -81.555863646  -63.116067998   -4.319065515
   -2.951193099    1.047197551  -92.464556878  -50.419993913   -3.438683439
   -2.760793544    1.047197551 -100.478373368  -33.646602295   -2.237461177
   -2.570393989    1.047197551 -105.388265615  -18.762757285   -1.070971760
   -2.379994435    1.047197551 -108.049534788  -10.569281387   -0.163219121
   -2.189594880    1.047197551 -109.923312435  -10.314018695    0.427155985
   -1.999195325    1.047197551 -112.291256795  -14.916997585    0.743306252
   -1.808795770    1.047197551 -115.537699020  -18.485129744    0.834203322
   -1.618396215    1.047197551 -118.906297614  -15.485700855    0.699784833
   -1.427996661    1.047197551 -120.878967871   -3.884105815    0.312454155
   -1.237597106    1.047197551 -119.994710461   13.740483039   -0.304253943
   -1.047197551    1.047197551 -115.623874511   31.615135753   -1.008425394
   -0.856797996    1.047197551 -108.308279454   43.790141240   -1.512563639
   -0.666398442    1.047197551  -99.519779190   46.728963333   -1.434397507
   -0.475998887    1.047197551  -91.086314995   40.298887709   -0.393694265
   -0.285599332    1.047197551  -84.587445824   27.015089337    1.908861789
   -0.095199777    1.047197551  -80.971148788   10.701360444    5.590682472
    0.095199777    1.047197551  -80.416393281   -4.421704110   10.533381896
    0.285599332    1.047197551  -82.313388570  -14.448159960   16.298218407
    0.475998887    1.047197551  -85.382871321  -16.378012123   22.125322100
    0.666398442    1.047197551  -87.932325074   -9.036042483   27.035848833
    0.856797996    1.047197551  -88.288672608    6.179644733   30.089183580
    1.047197551    1.047197551  -85.298926142   25.298724494   30.675185323
    1.237597106    1.047197551  -78.726732808   42.929923333   28.753236238
    1.427996661    1.047197551  -69.357154580   53.989058040   24.830748294
    1.618396215    1.047197551  -58.784564149   55.253241440   19.744215310
    1.808795770    1.047197551  -48.977364699   46.019214666   14.335654898
    1.999195325    1.047197551  -41.813760774   27.929546196    9.214483359
    2.189594880    1.047197551  -38.695062901    4.155640538    4.715089474
    2.379994435    1.047197551  -40.329826592  -21.291840380    0.990072903
    2.570393989    1.047197551  -46.631686882  -44.153768535   -1.852400632
    2.760793544    1.047197551  -56.714829188  -60.415667142   -3.700458666
    2.951193099    1.047197551  -69.011255891  -67.060675062   -4.493805316

   -3.141592654    1.396263402  -86.596705973  -61.787014671   -9.950226225
   -2.951193099    1.396263402  -97.066035519  -47.250112508   -8.483569520
   -2.760793544    1.396263402 -104.369534637  -29.499000281   -6.642280474
   -2.570393989    1.396263402 -108.468259949  -14.517840194   -4.802420656
   -2.379994435    1.396263402 -110.364352530   -6.856073556   -3.163061075
   -2.189594880    1.396263402 -111.610781010   -7.474672966   -1.739340622
   -1.999195325    1.396263402 -113.536418586  -13.137317325   -0.487249961
   -1.808795770    1.396263402 -116.558834292  -17.948642789    0.556913700
   -1.618396215    1.396263402 -119.958020749  -16.372069544    1.239961747
   -1.427996661    1.396263402 -122.235649463   -6.178582974    1.396576549
   -1.237597106    1.396263402 -121.889123031   10.489957960    1.027373504
   -1.047197551    1.396263402 -118.153228148   28.382537751    0.401694653
   -0.856797996    1.396263402 -111.347365593   41.888174779    0.026583247
   -0.666398442    1.396263402 -102.692031008   47.405389921    0.471531689
   -0.475998887    1.396263402  -93.815556272   44.358444541    2.159249234
   -0.285599332    1.396263402  -86.208161453   34.544726070    5.237921235
   -0.095199777    1.396263402  -80.875521410   21.030094417    9.519193446
    0.095199777    1.396263402  -78.191603034    7.334839383   14.513011652
    0.285599332    1.396263402  -77.858100611   -3.109775069   19.467445353
    0.475998887    1.396263402  -78.965932716   -7.427955547   23.498419776
    0.666398442    1.396263402  -80.171466926   -4.066976179   25.786606637
    0.856797996    1.396263402  -80.028183231    6.422264100   25.839538158
    1.047197551    1.396263402  -77.422513162   21.171494036   23.650808044
    1.237597106    1.396263402  -71.958841069   35.661186692   19.723051548
    1.427996661    1.396263402  -64.146233381   45.149982097   14.835239655
    1.618396215    1.396263402  -55.298159687   46.141901116    9.750226765
    1.808795770    1.396263402  -47.189679964   37.340985379    4.975279962
    1.999195325    1.396263402  -41.619790793   19.868326723    0.711801026
    2.189594880    1.396263402  -39.977832459   -3.289937224   -3.018625627
    2.379994435    1.396263402  -42.960203348  -27.943630553   -6.191567556
    2.570393989    1.396263402  -50.416725099  -49.522338864   -8.661491466
    2.760793544    1.396263402  -61.349746159  -63.860463788  -10.194861097
    2.951193099    1.396263402  -74.080323842  -68.115819516  -10.613406508

   -3.141592654    1.745329252  -92.959652742  -59.865557764  -16.340474053
   -2.951193099    1.745329252 -102.896973784  -43.713804561  -14.921632612
   -2.760793544    1.745329252 -109.439352600  -25.180663631  -12.870867118
   -2.570393989    1.745329252 -112.702730948  -10.165778957  -10.508349669
   -2.379994435    1.745329252 -113.804170363   -2.911604869   -8.019961390
   -2.189594880    1.745329252 -114.354085923   -4.126057600   -5.447866448
   -1.999195325    1.745329252 -115.709444892  -10.530481414   -2.817864472
   -1.808795770    1.745329252 -118.324419096  -16.329466483   -0.276062114
   -1.618396215    1.745329252 -121.529719465  -15.992864783    1.884211934
   -1.427996661    1.745329252 -123.852871677   -7.000589559    3.361687786
   -1.237597106    1.745329252 -123.734013627    9.049953943    4.065992557
   -1.047197551    1.745329252 -120.245127461   27.428043297    4.245341742
   -0.856797996    1.745329252 -113.471625652   42.694551030    4.437321155
   -0.666398442    1.745329252 -104.415178196   50.911449794    5.238183540
   -0.475998887    1.745329252  -94.588535283   50.803513121    7.033197027
   -0.285599332    1.745329252  -85.514213559   43.340160226    9.840518767
   -0.095199777    1.745329252  -78.380962425   30.889048247   13.281316821
    0.095199777    1.745329252  -73.855106833   16.507335021   16.690423436
    0.285599332    1.745329252  -71.987368414    3.538222234   19.263595121
    0.475998887    1.745329252  -72.191232154   -4.770173815   20.276928986
    0.666398442    1.745329252  -73.328073288   -6.001102284   19.307277634
    0.856797996    1.745329252  -73.957936758    0.413765288   16.417659352
    1.047197551    1.745329252  -72.770781858   12.585445186   12.142322785
    1.237597106    1.745329252  -69.039554156   26.337721981    7.314047657
    1.427996661    1.745329252  -62.949340509   36.552838796    2.710668456
    1.618396215    1.745329252  -55.612749686   38.881537757   -1.215223917
    1.808795770    1.745329252  -48.769980039   31.222897819   -4.429845819
    1.999195325    1.745329252  -44.301372228   14.326643382   -7.186344521
    2.189594880    1.745329252  -43.695001894   -8.651006161   -9.771507634
    2.379994435    1.745329252  -47.677126188  -33.011962947  -12.279520159
    2.570393989    1.745329252  -56.025955178  -53.689820135  -14.526943415
    2.760793544    1.745329252  -67.605220251  -66.344905821  -16.148487931
    2.951193099    1.745329252  -80.604022522  -68.385949222  -16.796830751

   -3.141592654    2.094395102  -99.803550278  -58.635341554  -18.974298321
   -2.951193099    2.094395102 -109.348959175  -40.919231602  -17.691148524
   -2.760793544    2.094395102 -115.253229894  -21.370323008  -15.653089149
   -2.570393989    2.094395102 -117.734002488   -5.826260504  -13.105995628
   -2.379994435    2.094395102 -117.980186994    1.700988308  -10.195870254
   -2.189594880    2.094395102 -117.634833164    0.640292134   -6.943411579
   -1.999195325    2.094395102 -118.081825466   -5.807810748   -3.356665983
   -1.808795770    2.094395102 -119.832005003  -12.056794433    0.426870581
   -1.618396215    2.094395102 -122.305106304  -12.655564390    4.084844192
   -1.427996661    2.094395102 -124.103529017   -4.837608327    7.217226808
   -1.237597106    2.094395102 -123.664856004   10.330734536    9.553816207
   -1.047197551    2.094395102 -119.953152762   28.643840989   11.107064181
   -0.856797996    2.094395102 -112.873507895   44.841922934   12.170467043
   -0.666398442    2.094395102 -103.261705166   54.649275126   13.139124603
   -0.475998887    2.094395102  -92.568014881   56.094939390   14.272966602
   -0.285599332    2.094395102  -82.397146290   49.367863013   15.540424390
   -0.095199777    2.094395102  -74.152555719   36.276629067   16.588619545
    0.095199777    2.094395102  -68.785859506   19.696826900   16.862389231
    0.285599332    2.094395102  -66.624216596    3.271049809   15.791340358
    0.475998887    2.094395102  -67.255762358   -9.000509536   13.039361752
    0.666398442    2.094395102  -69.542332960  -13.656245565    8.704247878
    0.856797996    2.094395102  -71.843154455   -9.173174953    3.389350561
    1.047197551    2.094395102  -72.509602567    3.036721054   -1.978645576
    1.237597106    2.094395102  -70.454532578   18.491107615   -6.482860128
    1.427996661    2.094395102  -65.626392957   31.172132371   -9.601271654
    1.618396215    2.094395102  -59.096496498   35.659276278  -11.373363750
    1.808795770    2.094395102  -52.740929066   29.132006464  -12.298487792
    1.999195325    2.094395102  -48.655577319   12.234177743  -13.031991084
    2.189594880    2.094395102  -48.507176413  -11.415224749  -14.067909355
    2.379994435    2.094395102  -53.081594218  -36.391104654  -15.538756187
    2.570393989    2.094395102  -62.082378890  -57.003179290  -17.205702642
    2.760793544    2.094395102  -74.214219501  -68.676117219  -18.608017368
    2.951193099    2.094395102  -87.504606399  -69.032750654  -19.284435963

   -3.141592654    2.443460953 -106.255873657  -58.090845898  -13.184467365
   -2.951193099    2.443460953 -115.566676854  -39.046584427  -11.586464353
   -2.760793544    2.443460953 -121.002915014  -18.372439596   -9.440357594
   -2.570393989    2.443460953 -122.818287100   -1.854872315   -6.964457310
   -2.379994435    2.443460953 -122.214669533    6.663271466   -4.263221842
   -2.189594880    2.443460953 -120.822638415    6.669800526   -1.275149980
   -1.999195325    2.443460953 -120.025159024    1.186937229    2.128890751
   -1.808795770    2.443460953 -120.384608261   -4.553641000    5.971357730
   -1.618396215    2.443460953 -121.437495985   -5.381763558   10.033869756
   -1.427996661    2.443460953 -121.931161974    1.485719076   13.883877432
   -1.237597106    2.443460953 -120.411938122   15.325597259   17.050300443
   -1.047197551    2.443460953 -115.871629460   32.397302138   19.227736092
   -0.856797996    2.443460953 -108.164516237   47.745462985   20.377070488
   -0.666398442    2.443460953  -98.051250002   57.038316193   20.651702176
   -0.475998887    2.443460953  -86.949815909   57.935636844   20.221446032
   -0.285599332    2.443460953  -76.518152582   50.138689122   19.110553565
   -0.095199777    2.443460953  -68.296205655   35.106028711   17.143854483
    0.095199777    2.443460953  -63.408987038   15.699281144   14.042220719
    0.285599332    2.443460953  -62.318699373   -4.005683343    9.612900292
    0.475998887    2.443460953  -64.625917230  -19.182622282    3.978185464
    0.666398442    2.443460953  -69.029104516  -25.400839469   -2.299047862
    0.856797996    2.443460953  -73.558808756  -20.478434776   -8.287019588
    1.047197551    2.443460953  -76.175048543   -5.843821488  -12.993924492
    1.237597106    2.443460953  -75.478031733   13.210342104  -15.757894067
    1.427996661    2.443460953  -71.307359563   29.437952081  -16.530830160
    1.618396215    2.443460953  -64.854098573   36.342822242  -15.856045562
    1.808795770    2.443460953  -58.266335345   30.631446513  -14.583322426
    1.999195325    2.443460953  -53.933429182   13.161543697  -13.490436513
    2.189594880    2.443460953  -53.726457083  -11.768280460  -13.020442696
    2.379994435    2.443460953  -58.490939185  -37.956578566  -13.198915069
    2.570393989    2.443460953  -67.857102365  -59.132123235  -13.724863641
    2.760793544    2.443460953  -80.379875462  -70.504852925  -14.144895795
    2.951193099    2.443460953  -93.930391056  -69.845538358  -14.041732819

   -3.141592654    2.792526803 -109.582787117  -56.713126706    0.703224356
   -2.951193099    2.792526803 -118.541226258  -36.765942423    2.710400249
   -2.760793544    2.792526803 -123.470085440  -15.368848728    4.565487968
   -2.570393989    2.792526803 -124.658556132    1.706282388    6.220239973
   -2.379994435    2.792526803 -123.323685160   10.801760865    7.841286276
   -2.189594880    2.792526803 -121.071624863   11.604296694    9.778475787
   -1.999195325    2.792526803 -119.238834249    7.148948117   12.389581905
   -1.808795770    2.792526803 -118.364621579    2.401086555   15.809448901
   -1.618396215    2.792526803 -118.031627651    2.104923014   19.790469850
   -1.427996661    2.792526803 -117.111446375    8.696348120   23.733411276
   -1.237597106    2.792526803 -114.316333181   21.378863426   26.902934489
   -1.047197551    2.792526803 -108.789879435   36.619997136   28.703433158
   -0.856797996    2.792526803 -100.482453194   49.791466022   28.864351586
   -0.666398442    2.792526803  -90.196371044   56.791427572   27.437090990
   -0.475998887    2.792526803  -79.365734552   55.315775492   24.660237533
   -0.285599332    2.792526803  -69.670664250   44.990378214   20.777275390
   -0.095199777    2.792526803  -62.682955450   27.279786029   15.949674935
    0.095199777    2.792526803  -59.535951079    5.299792173   10.286818568
    0.285599332    2.792526803  -60.623458529  -16.316371001    3.978464957
    0.475998887    2.792526803  -65.353977196  -32.045144081   -2.559113345
    0.666398442    2.792526803  -72.112368449  -36.939685592   -8.638492390
    0.856797996    2.792526803  -78.563741274  -28.847415345  -13.436937712
    1.047197551    2.792526803  -82.375017195   -9.917883050  -16.282894724
    1.237597106    2.792526803  -82.041313724   13.363781678  -16.957419914
    1.427996661    2.792526803  -77.528186213   32.620974840  -15.807431761
    1.618396215    2.792526803  -70.320158180   40.794499705  -13.584681581
    1.808795770    2.792526803  -62.896927903   34.747001293  -11.103646547
    1.999195325    2.792526803  -57.895737600   15.982191741   -8.921074569
    2.189594880    2.792526803  -57.297323547  -10.446521823   -7.212843027
    2.379994435    2.792526803  -61.928307795  -37.779503413   -5.839338000
    2.570393989    2.792526803  -71.320647552  -59.468713399   -4.527427131
    2.760793544    2.792526803  -83.903223953  -70.697030059   -3.038559688
    2.951193099    2.792526803  -97.433046806  -69.381187188   -1.273930343
