#! FIELDS phi psi file.free der_phi der_psi
#! SET min_phi -pi
#! SET max_phi pi
#! SET nbins_phi  33
#! SET periodic_phi true
#! SET min_psi -pi
#! SET max_psi pi
#! SET nbins_psi  18
#! SET periodic_psi true
   -3.141592654   -3.141592654  -99.624295812  -52.395196483   16.702445756
   -2.951193099   -3.141592654 -107.879601049  -33.745017763   19.156325328
   -2.760793544   -3.141592654 -112.358518105  -13.618495568   20.664605552
   -2.570393989   -3.141592654 -113.297612625    2.705926661   21.376194094
   -2.379994435   -3.141592654 -111.774930902   11.947368052   21.755700073
   -2.189594880   -3.141592654 -109.210276409   13.902956688   22.433967977
   -1.999195325   -3.141592654 -106.769535569   11.311556010   23.938819538
   -1.808795770   -3.141592654 -104.914482755    8.488852711   26.425960808
   -1.618396215   -3.141592654 -103.293045463    9.364850218   29.539850270
   -1.427996661   -3.141592654 -100.987797041   15.722784063   32.499968087
   -1.237597106   -3.141592654  -97.009769958   26.521142568   34.387135667
   -1.047197551   -3.141592654  -90.800307709   38.477837281   34.487434812
   -0.856797996   -3.141592654  -82.521188799   47.577359494   32.524739666
   -0.666398442   -3.141592654  -73.055485313   50.449868040   28.677717936
   -0.475998887   -3.141592654  -63.786321589   45.398498581   23.433145218
   -0.285599332   -3.141592654  -56.246512237   32.464699670   17.342163124
   -0.095199777   -3.141592654  -51.799869618   13.335725596   10.866059226
    0.095199777   -3.141592654  -51.340009238   -8.746889698    4.329829339
    0.285599332   -3.141592654  -55.003440561  -29.086299324   -1.980378746
    0.475998887   -3.141592654  -61.937733402  -42.203708245   -7.692127923
    0.666398442   -3.141592654  -70.293930636  -43.416589936  -12.292825279
    0.856797996   -3.141592654  -77.585107348  -31.154146649  -15.243706507
    1.047197551   -3.141592654  -81.462936647   -8.425250448  -16.202110709
    1.237597106   -3.141592654  -80.574248630   17.477521523  -15.239005815
    1.427996661   -3.141592654  -75.155803250   37.773270871  -12.848063992
    1.618396215   -3.141592654  -66.980025210   45.653379937   -9.732555297
    1.808795770   -3.141592654  -58.715273581   38.723259900   -6.491625648
    1.999195325   -3.141592654  -53.029517096   19.301806588   -3.396802086
    2.189594880   -3.141592654  -51.808094099   -7.087236860   -0.393371769
    2.379994435   -3.141592654  -55.743007239  -33.749998898    2.737679304
    2.570393989   -3.141592654  -64.285619319  -54.588721695    6.155715798
    2.760793544   -3.141592654  -75.881693574  -65.318080651    9.820066324
    2.951193099   -3.141592654  -88.391923698  -64.184051450   13.466583390

   -3.141592654   -2.792526803  -92.043120865  -47.786621446   24.807326716
   -2.951193099   -2.792526803  -99.628842707  -31.356275808   27.072787750
   -2.760793544   -2.792526803 -103.854334832  -13.264425317   28.043556096
   -2.570393989   -2.792526803 -104.858170035    1.854562245   28.049686475
   -2.379994435   -2.792526803 -103.514337070   11.147535687   27.711623972
   -2.189594880   -2.792526803 -100.993929539   14.419696308   27.721337092
   -1.999195325   -2.792526803  -98.262115422   13.913942354   28.561848071
   -1.808795770   -2.792526803  -95.715356035   13.048333763   30.282673495
   -1.618396215   -2.792526803  -93.120917805   14.773633649   32.425336392
   -1.427996661   -2.792526803  -89.843227233   20.213111481   34.158438230
   -1.237597106   -2.792526803  -85.246100196   28.273000424   34.577348576
   -1.047197551   -2.792526803  -79.070797161   36.250046094   33.039074463
   -0.856797996   -2.792526803  -71.627131193   41.075632510   29.374718785
   -0.666398442   -2.792526803  -63.762527688   40.320029703   23.899814851
   -0.475998887   -2.792526803  -56.673055737   32.870986710   17.264037945
   -0.285599332   -2.792526803  -51.636177933   18.937607544   10.190835858
   -0.095199777   -2.792526803  -49.760508552    0.047943211    3.300620575
    0.095199777   -2.792526803  -51.727642192  -20.797991540   -2.975177456
    0.285599332   -2.792526803  -57.502250658  -39.078106403   -8.329761869
    0.475998887   -2.792526803  -66.084837151  -49.404859643  -12.491172500
    0.666398442   -2.792526803  -75.499384303  -47.253923635  -15.175664837
    0.856797996   -2.792526803  -83.182237450  -31.421160039  -16.170331250
    1.047197551   -2.792526803  -86.798849692   -5.514574759  -15.461298339
    1.237597106   -2.792526803  -85.127531665   22.609410548  -13.342053067
    1.427996661   -2.792526803  -78.617460141   43.926516882  -10.333122991
    1.618396215   -2.792526803  -69.253018858   51.877862495   -6.970602977
    1.808795770   -2.792526803  -59.831337497   44.651353633   -3.574685266
    1.999195325   -2.792526803  -53.031485636   25.145750565   -0.151073051
    2.189594880   -2.792526803  -50.668114560   -0.859369386    3.507809584
    2.379994435   -2.792526803  -53.353173112  -26.837131613    7.612723428
    2.570393989   -2.792526803  -60.520972985  -47.135069420   12.168658545
    2.760793544   -2.792526803  -70.691109648  -57.941200462   16.894427544
    2.951193099   -2.792526803  -81.872983641  -57.776049700   21.287532230

   -3.141592654   -2.443460953  -83.642553120  -42.828391657   22.544320413
   -2.951193099   -2.443460953  -90.498392878  -28.655028364   24.210062818
   -2.760793544   -2.443460953  -94.403467065  -12.504265845   24.776250853
   -2.570393989   -2.443460953  -95.382164184    1.533829940   24.595187838
   -2.379994435   -2.443460953  -94.114494761   10.857647778   24.169354264
   -2.189594880   -2.443460953  -91.567319781   15.110881699   23.969041396
   -1.999195325   -2.443460953  -88.574369292   15.962192674   24.250839477
   -1.808795770   -2.443460953  -85.537994447   15.999101163   24.938674585
   -1.618396215   -2.443460953  -82.388921459   17.400500979   25.608139645
   -1.427996661   -2.443460953  -78.769397606   20.912495238   25.610875564
   -1.237597106   -2.443460953  -74.339268205   25.647545829   24.310830028
   -1.047197551   -2.443460953  -69.042365523   29.634593401   21.343435270
   -0.856797996   -2.443460953  -63.222407588   30.779177191   16.762265435
   -0.666398442   -2.443460953  -57.581578532   27.524236575   11.019100973
   -0.475998887   -2.443460953  -53.039682131   19.196560035    4.806285615
   -0.285599332   -2.443460953  -50.562945744    5.969718552   -1.193228534
   -0.095199777   -2.443460953  -50.992819173  -11.045636324   -6.469731356
    0.095199777   -2.443460953  -54.839358027  -29.370621352  -10.757042638
    0.285599332   -2.443460953  -61.986754529  -44.904414593  -13.958121145
    0.475998887   -2.443460953  -71.416972905  -52.480634666  -16.042173546
    0.666398442   -2.443460953  -81.163821236  -47.689035578  -16.969155529
    0.856797996   -2.443460953  -88.697714525  -29.457972347  -16.719033185
    1.047197551   -2.443460953  -91.750549858   -1.645488478  -15.353953624
    1.237597106   -2.443460953  -89.217125536   27.680665203  -13.095929668
    1.427996661   -2.443460953  -81.687306349   49.466217538  -10.272030364
    1.618396215   -2.443460953  -71.263435352   57.428251640   -7.191292171
    1.808795770   -2.443460953  -60.788332640   50.202319410   -4.003382148
    1.999195325   -2.443460953  -52.903081449   31.068329610   -0.655840558
    2.189594880   -2.443460953  -49.339911544    5.872551323    3.012601522
    2.379994435   -2.443460953  -50.649930147  -19.148863621    7.103066617
    2.570393989   -2.443460953  -56.285771096  -38.843289935   11.503377290
    2.760793544   -2.443460953  -64.879363684  -49.844392494   15.861265869
    2.951193099   -2.443460953  -74.615197744  -50.851927299   19.686869320

   -3.141592654   -2.094395102  -77.365420018  -39.215597978   13.791511464
   -2.951193099   -2.094395102  -83.688452084  -26.655530957   14.775528890
   -2.760793544   -2.094395102  -87.346573260  -11.852771585   15.199117190
   -2.570393989   -2.094395102  -88.292766961    1.309213619   15.288155612
   -2.379994435   -2.094395102  -87.112486623   10.241339121   15.229616124
   -2.189594880   -2.094395102  -84.691987535   14.429016307   15.100309801
   -1.999195325   -2.094395102  -81.829983215   15.240586501   14.846360382
   -1.808795770   -2.094395102  -78.960243558   14.882758501   14.297602660
   -1.618396215   -2.094395102  -76.113386882   15.218815072   13.203308077
   -1.427996661   -2.094395102  -73.071234294   16.919345240   11.304999777
   -1.237597106   -2.094395102  -69.616491596   19.368179591    8.442202988
   -1.047197551   -2.094395102  -65.732605228   21.154928125    4.664431635
   -0.856797996   -2.094395102  -61.684472651   20.825066677    0.258549398
   -0.666398442   -2.094395102  -57.987124326   17.294162989   -4.312855365
   -0.475998887   -2.094395102  -55.318077186    9.954458505   -8.543006755
   -0.285599332   -2.094395102  -54.429071019   -1.340878876  -12.047415916
   -0.095199777   -2.094395102  -56.032389670  -16.038885219  -14.647726094
    0.095199777   -2.094395102  -60.616465236  -32.169292321  -16.380829082
    0.285599332   -2.094395102  -68.119529661  -45.908630198  -17.401875325
    0.475998887   -2.094395102  -77.603209062  -52.082916580  -17.869861695
    0.666398442   -2.094395102  -87.161194284  -46.125548167  -17.854251828
    0.856797996   -2.094395102  -94.295680059  -26.826104389  -17.332840950
    1.047197551   -2.094395102  -96.754969664    1.935514403  -16.229082916
    1.237597106   -2.094395102  -93.466581740   31.986207302  -14.522835154
    1.427996661   -2.094395102  -85.071928284   54.193550064  -12.276452748
    1.618396215   -2.094395102  -73.726221994   62.356574907   -9.624105145
    1.808795770   -2.094395102  -62.295872186   55.315446252   -6.694673512
    1.999195325   -2.094395102  -53.404539562   36.551111562   -3.561954482
    2.189594880   -2.094395102  -48.744912550   11.919593144   -0.256078230
    2.379994435   -2.094395102  -48.848404495  -12.563503048    3.164498536
    2.570393989   -2.094395102  -53.205077498  -32.089644305    6.536550764
    2.760793544   -2.094395102  -60.544833298  -43.553539799    9.596960244
    2.951193099   -2.094395102  -69.179868658  -45.682878446   12.069152564

   -3.141592654   -1.745329252  -74.644931175  -37.656788227    4.842801827
   -2.951193099   -1.745329252  -80.751209283  -25.889580653    4.931133034
   -2.760793544   -1.745329252  -84.313203906  -11.572171532    4.918537287
   -2.570393989   -1.745329252  -85.234071646    1.307343473    4.915696583
   -2.379994435   -1.745329252  -84.082673802    9.914150206    4.840592307
   -2.189594880   -1.745329252  -81.776835029   13.485714511    4.445310013
   -1.999195325   -1.745329252  -79.187770552   13.234154901    3.441321890
   -1.808795770   -1.745329252  -76.838873433   11.350256772    1.639661013
   -1.618396215   -1.745329252  -74.836298223    9.859791847   -0.967334307
   -1.427996661   -1.745329252  -72.987748925    9.787307654   -4.202096827
   -1.237597106   -1.745329252  -71.021871098   11.000356215   -7.758863396
   -1.047197551   -1.745329252  -68.774729961   12.529468785  -11.265820064
   -0.856797996   -1.745329252  -66.299965470   13.125387512  -14.363428171
   -0.666398442   -1.745329252  -63.894604912   11.571491503  -16.759085037
   -0.475998887   -1.745329252  -62.076046895    6.791312440  -18.270178496
   -0.285599332   -1.745329252  -61.543557431   -1.970814216  -18.873350302
   -0.095199777   -1.745329252  -63.068356410  -14.711752638  -18.708880346
    0.095199777   -1.745329252  -67.282390922  -29.760385080  -18.062183717
    0.285599332   -1.745329252  -74.295278298  -43.293688762  -17.268143463
    0.475998887   -1.745329252  -83.313103916  -49.864591546  -16.598370421
    0.666398442   -1.745329252  -92.504143745  -44.485058675  -16.152937988
    0.856797996   -1.745329252  -99.365420886  -25.520025173  -15.829945891
    1.047197551   -1.745329252 -101.571234552    3.373021375  -15.363125062
    1.237597106   -1.745329252  -97.957986481   34.018720150  -14.469766127
    1.427996661   -1.745329252  -89.096911409   57.065354377  -12.969750735
    1.618396215   -1.745329252  -77.122951796   66.052030644  -10.867745295
    1.808795770   -1.745329252  -64.924234223   59.640455698   -8.320981963
    1.999195325   -1.745329252  -55.166755346   41.273521208   -5.560346084
    2.189594880   -1.745329252  -49.587142922   16.815226511   -2.811182905
    2.379994435   -1.745329252  -48.761382371   -7.754687335   -0.273909534
    2.570393989   -1.745329252  -52.236334784  -27.704070632    1.865647969
    2.760793544   -1.745329252  -58.809464655  -39.946319588    3.452260358
    2.951193099   -1.745329252  -66.852801978  -43.096617965    4.418133691

   -3.141592654   -1.396263402  -76.217598130  -38.984369782    2.749524874
   -2.951193099   -1.396263402  -82.548765391  -26.832857102    2.201251308
   -2.760793544   -1.396263402  -86.218653236  -11.751748063    1.630403432
   -2.570393989   -1.396263402  -87.108012296    1.735886113    1.092133091
   -2.379994435   -1.396263402  -85.870086441   10.241525261    0.410215664
   -2.189594880   -1.396263402  -83.589624260   12.726283125   -0.767396564
   -1.999195325   -1.396263402  -81.317670986   10.558112294   -2.788777968
   -1.808795770   -1.396263402  -79.689752175    6.460216044   -5.798526668
   -1.618396215   -1.396263402  -78.802635718    3.158066753   -9.618504577
   -1.427996661   -1.396263402  -78.326100425    2.280558162  -13.769010865
   -1.237597106   -1.396263402  -77.762680002    4.005088651  -17.621383373
   -1.047197551   -1.396263402  -76.698527262    7.284460817  -20.586690806
   -0.856797996   -1.396263402  -74.985197409   10.464395470  -22.286850237
   -0.666398442   -1.396263402  -72.813668809   11.766770062  -22.619222309
   -0.475998887   -1.396263402  -70.705550766    9.534873700  -21.732755898
   -0.285599332   -1.396263402  -69.466342774    2.551593525  -19.960147131
   -0.095199777   -1.396263402  -70.044080803   -9.477577266  -17.723684189
    0.095199777   -1.396263402  -73.284898676  -24.953303404  -15.468283770
    0.285599332   -1.396263402  -79.502679721  -39.878244785  -13.560671704
    0.475998887   -1.396263402  -88.049154328  -48.365341428  -12.212548432
    0.666398442   -1.396263402  -97.133550091  -44.792425188  -11.420873499
    0.856797996   -1.396263402 -104.169419017  -26.881829656  -10.983243191
    1.047197551   -1.396263402 -106.644886359    2.088482072  -10.567690610
    1.237597106   -1.396263402 -103.179676431   33.885095211   -9.861758389
    1.427996661   -1.396263402  -94.181877790   58.661267692   -8.678092900
    1.618396215   -1.396263402  -81.740601281   69.285058911   -7.016041577
    1.808795770   -1.396263402  -68.817600243   63.866924055   -5.022906079
    1.999195325   -1.396263402  -58.227909007   45.636536386   -2.913691248
    2.189594880   -1.396263402  -51.866924913   20.543422419   -0.897233459
    2.379994435   -1.396263402  -50.434975261   -5.182526607    0.843405899
    2.570393989   -1.396263402  -53.550553793  -26.517233438    2.147330136
    2.760793544   -1.396263402  -60.026184654  -40.066789455    2.893301472
    2.951193099   -1.396263402  -68.189121128  -44.137828141    3.055566976

   -3.141592654   -1.047197551  -78.770383249  -41.918418858    4.051260450
   -2.951193099   -1.047197551  -85.619388445  -29.250744864    2.494841010
   -2.760793544   -1.047197551  -89.669401639  -13.325842607    0.862852574
   -2.570393989   -1.047197551  -90.793240866    0.749674034   -0.717665054
   -2.379994435   -1.047197551  -89.748641008    9.030178498   -2.364944765
   -2.189594880   -1.047197551  -87.801121786   10.285608005   -4.409284399
   -1.999195325   -1.047197551  -86.168801489    6.223453314   -7.200187863
   -1.808795770   -1.047197551  -85.544863246    0.341498919  -10.856097490
   -1.618396215   -1.047197551  -85.920830052   -3.764323862  -15.091921116
   -1.427996661   -1.047197551  -86.719215488   -3.917419342  -19.245241440
   -1.237597106   -1.047197551  -87.144455578    0.039071455  -22.503169459
   -1.047197551   -1.047197551  -86.542906260    6.479557498  -24.206348355
   -0.856797996   -1.047197551  -84.668225150   12.906310398  -24.090422477
   -0.666398442   -1.047197551  -81.770601499   16.783301044  -22.340603555
   -0.475998887   -1.047197551  -78.549005699   15.997235204  -19.474317762
   -0.285599332   -1.047197551  -76.040712800    9.219287360  -16.139646083
   -0.095199777   -1.047197551  -75.419488953   -3.720481189  -12.909603325
    0.095199777   -1.047197551  -77.716907893  -20.901375338  -10.166420124
    0.285599332   -1.047197551  -83.357687967  -37.885195374   -8.042425993
    0.475998887   -1.047197551  -91.711267086  -48.258785887   -6.460851359
    0.666398442   -1.047197551 -100.903988576  -45.900014250   -5.222985627
    0.856797996   -1.047197551 -108.188002767  -28.218037435   -4.123154106
    1.047197551   -1.047197551 -110.859158708    1.492223253   -3.018797888
    1.237597106   -1.047197551 -107.382178441   34.653619316   -1.857330781
    1.427996661   -1.047197551  -98.096123428   60.876351379   -0.637358577
    1.618396215   -1.047197551  -85.124959634   72.524357666    0.622800662
    1.808795770   -1.047197551  -71.543009880   67.413608672    1.903296834
    1.999195325   -1.047197551  -60.307524732   48.755832538    3.170235532
    2.189594880   -1.047197551  -53.440040525   22.663444220    4.353563178
    2.379994435   -1.047197551  -51.728542846   -4.403305794    5.323572627
    2.570393989   -1.047197551  -54.833832039  -27.183108638    5.901392306
    2.760793544   -1.047197551  -61.563719466  -42.015026401    5.910247835
    2.951193099   -1.047197551  -70.186456824  -46.917929923    5.267293257

   -3.141592654   -0.698131701  -78.851402645  -46.106602761    3.886531551
   -2.951193099   -0.698131701  -86.513288164  -33.508568927    1.185851873
   -2.760793544   -0.698131701  -91.345564655  -17.247177850   -1.615663374
   -2.570393989   -0.698131701  -93.181818022   -2.856768927   -4.291639241
   -2.379994435   -0.698131701  -92.829809888    5.254264620   -6.864343000
   -2.189594880   -0.698131701  -91.672041205    5.665561590   -9.591768802
   -1.999195325   -0.698131701  -91.035362113    0.370594816  -12.763067247
   -1.808795770   -0.698131701  -91.624296832   -6.420378842  -16.416286438
   -1.618396215   -0.698131701  -93.290817601  -10.313106675  -20.151400642
   -1.427996661   -0.698131701  -95.192887015   -8.690066138  -23.197955158
   -1.237597106   -0.698131701  -96.244977650   -1.589245022  -24.724522718
   -1.047197551   -0.698131701  -95.599683366    8.582227053  -24.221151331
   -0.856797996   -0.698131701  -92.996095140   18.307246891  -21.742855539
   -0.666398442   -0.698131701  -88.851422977   24.221955241  -17.880596567
   -0.475998887   -0.698131701  -84.147336167   23.853399490  -13.511805371
   -0.285599332   -0.698131701  -80.222572038   16.033866846   -9.461251843
   -0.095199777   -0.698131701  -78.481418804    1.126244224   -6.223298996
    0.095199777   -0.698131701  -80.064723886  -18.220903271   -3.857691162
    0.285599332   -0.698131701  -85.367961300  -36.895772531   -2.048300949
    0.475998887   -0.698131701  -93.623795078  -48.056351705   -0.331239386
    0.666398442   -0.698131701 -102.774629906  -45.532024388    1.632986499
    0.856797996   -0.698131701 -109.915920347  -27.032688604    3.865427115
    1.047197551   -0.698131701 -112.264587023    3.663904359    6.077244429
    1.237597106   -0.698131701 -108.296194496   37.565853873    7.864247245
    1.427996661   -0.698131701  -98.419501420   64.081191829    8.965796312
    1.618396215   -0.698131701  -84.844941598   75.589575214    9.398645923
    1.808795770   -0.698131701  -70.718203671   70.027210921    9.404365684
    1.999195325   -0.698131701  -59.044880436   50.712006328    9.272391498
    2.189594880   -0.698131701  -51.881417387   23.785635163    9.164318403
    2.379994435   -0.698131701  -50.051587482   -4.314482789    9.031435491
    2.570393989   -0.698131701  -53.254588763  -28.321729965    8.653133628
    2.760793544   -0.698131701  -60.325439025  -44.447649240    7.754115635
    2.951193099   -0.698131701  -69.522217444  -50.460335536    6.156802737

   -3.141592654   -0.349065850  -77.769485424  -51.639777242    3.056233624
   -2.951193099   -0.349065850  -86.540202255  -39.491220558   -0.137910953
   -2.760793544   -0.349065850  -92.501777415  -23.025948016   -3.370748970
   -2.570393989   -0.349065850  -95.389628609   -8.106684208   -6.418245388
   -2.379994435   -0.349065850  -95.996304390    0.373149126   -9.263138815
   -2.189594880   -0.349065850  -95.768862942    0.702672459  -12.072774788
   -1.999195325   -0.349065850  -96.110467647   -4.941387161  -15.008184587
   -1.808795770   -0.349065850  -97.720542615  -11.703799003  -17.977037787
   -1.618396215   -0.349065850 -100.307711858  -14.466447004  -20.500433963
   -1.427996661   -0.349065850 -102.781547231  -10.309992827  -21.840390541
   -1.237597106   -0.349065850 -103.815801833    0.320725835  -21.344536399
   -1.047197551   -0.349065850 -102.460080675   14.039717660  -18.818623743
   -0.856797996   -0.349065850  -98.558324228   26.227698707  -14.689004169
   -0.666398442   -0.349065850  -92.811252805   32.805520691   -9.856624332
   -0.475998887   -0.349065850  -86.557760523   31.270591085   -5.338981632
   -0.285599332   -0.349065850  -81.433852585   21.086779913   -1.862676789
   -0.095199777   -0.349065850  -78.978165005    3.630499997    0.393174604
    0.095199777   -0.349065850  -80.267638608  -17.434297378    1.817824268
    0.285599332   -0.349065850  -85.472970627  -36.400974568    3.148684618
    0.475998887   -0.349065850  -93.550411599  -46.500524883    5.082822218
    0.666398442   -0.349065850 -102.244966976  -42.287042019    7.897350480
    0.856797996   -0.349065850 -108.628135374  -22.469309201   11.273471565
    1.047197551   -0.349065850 -110.065883487    8.436714159   14.447796282
    1.237597106   -0.349065850 -105.264712948   41.364791589   16.619619924
    1.427996661   -0.349065850  -94.814760546   66.257393065   17.368466104
    1.618396215   -0.349065850  -80.978188032   76.236237446   16.817961044
    1.808795770   -0.349065850  -66.829781761   69.725848661   15.481055935
    1.999195325   -0.349065850  -55.255149595   50.058449877   13.930799437
    2.189594880   -0.349065850  -48.226449534   23.028306803   12.514321398
    2.379994435   -0.349065850  -46.563674418   -5.372003367   11.250060227
    2.570393989   -0.349065850  -50.034094304  -30.158549014    9.910544443
    2.760793544   -0.349065850  -57.566745203  -47.519596047    8.195291172
    2.951193099   -0.349065850  -67.480654752  -54.914365205    5.907490952

   -3.141592654    0.000000000  -76.894469668  -57.320619643    1.446418800
   -2.951193099    0.000000000  -86.785246827  -45.468494291   -1.532826404
   -2.760793544    0.000000000  -93.875003251  -28.816407924   -4.437094001
   -2.570393989    0.000000000  -97.825665269  -13.460313486   -7.117954396
   -2.379994435    0.000000000  -99.413239280   -4.606174531   -9.579742726
   -2.189594880    0.000000000 -100.113871970   -4.081124445  -11.932774178
   -1.999195325    0.000000000 -101.344886534   -9.437152243  -14.221247434
   -1.808795770    0.000000000 -103.735472035  -15.241053748  -16.238330737
   -1.618396215    0.000000000 -106.815477622  -15.892035283  -17.477182385
   -1.427996661    0.000000000 -109.269644649   -8.528314284  -17.317633856
   -1.237597106    0.000000000 -109.624038654    5.648588315  -15.370263959
   -1.047197551    0.000000000 -106.970587210   22.109087453  -11.773784793
   -0.856797996    0.000000000 -101.407055743   35.267958274   -7.228246163
   -0.666398442    0.000000000  -94.011521880   40.755776259   -2.728080373
   -0.475998887    0.000000000  -86.475858160   36.615837791    0.848175270
   -0.285599332    0.000000000  -80.622532476   23.439319802    3.115021476
   -0.095199777    0.000000000  -77.943608599    3.849240622    4.315226517
    0.095199777    0.000000000  -79.260651226  -17.620741024    5.202460950
    0.285599332    0.000000000  -84.389472434  -35.141050336    6.686593000
    0.475998887    0.000000000  -91.989477631  -42.662439094    9.387425461
    0.666398442    0.000000000  -99.708727550  -36.038811466   13.282181772
    0.856797996    0.000000000 -104.777505151  -15.246336151   17.645313586
    1.047197551    0.000000000 -104.905583923   14.626382980   21.347937435
    1.237597106    0.000000000  -99.157988816   44.928202888   23.396009939
    1.427996661    0.000000000  -88.328316710   66.713773639   23.388726179
    1.618396215    0.000000000  -74.656306651   74.237639273   21.637726598
    1.808795770    0.000000000  -61.026212649   66.497723941   18.908528204
    1.999195325    0.000000000  -50.094737051   46.672801987   15.991726184
    2.189594880    0.000000000  -43.682465441   19.963467190   13.368492700
    2.379994435    0.000000000  -42.580242491   -8.256388507   11.114278475
    2.570393989    0.000000000  -46.620423712  -33.348192527    9.021762399
    2.760793544    0.000000000  -54.828389154  -51.485938327    6.806088882
    2.951193099    0.000000000  -65.588622780  -59.838883157    4.281899700

   -3.141592654    0.349065850  -75.269011553  -61.106534726    0.883807749
   -2.951193099    0.349065850  -85.918362215  -49.607450194   -0.862046428
   -2.760793544    0.349065850  -93.820606895  -33.169567544   -2.474787756
   -2.570393989    0.349065850  -98.611802786  -17.912504399   -4.003843652
   -2.379994435    0.349065850 -101.050024861   -9.070346240   -5.533831423
   -2.189594880    0.349065850 -102.589641517   -8.376908951   -7.117476429
   -1.999195325    0.349065850 -104.589766170  -13.108976041   -8.673285449
   -1.808795770    0.349065850 -107.558967420  -17.488806752   -9.920527529
   -1.618396215    0.349065850 -110.857441423  -15.795464120  -10.423893653
   -1.427996661    0.349065850 -113.020690887   -5.526556910   -9.778860684
   -1.237597106    0.349065850 -112.540465748   11.287204133   -7.856948549
   -1.047197551    0.349065850 -108.650246363   29.191820211   -4.957711464
   -0.856797996    0.349065850 -101.736671611   42.069357537   -1.732496875
   -0.666398442    0.349065850  -93.201496948   45.719576520    1.098047418
   -0.475998887    0.349065850  -84.960275643   39.044445019    3.071062334
   -0.285599332    0.349065850  -78.857366736   23.800569895    4.220884015
   -0.095199777    0.349065850  -76.194663392    3.616181053    5.065521306
    0.095199777    0.349065850  -77.462310713  -16.563978790    6.401603319
    0.285599332    0.349065850  -82.141489228  -31.304718560    8.929256297
    0.475998887    0.349065850  -88.705532705  -35.684576511   12.884730022
    0.666398442    0.349065850  -94.871516397  -27.006996308   17.826382709
    0.856797996    0.349065850  -98.193773898   -6.364500398   22.722138661
    1.047197551    0.349065850  -96.838532567   20.960068553   26.334573856
    1.237597106    0.349065850  -90.261123039   47.169057770   27.754862041
    1.427996661    0.349065850  -79.414241375   64.773609502   26.772435167
    1.618396215    0.349065850  -66.422096888   69.319030223   23.895712321
    1.808795770    0.349065850  -53.872334181   60.366161229   20.030776535
    1.999195325    0.349065850  -44.100300891   40.823194184   16.048950891
    2.189594880    0.349065850  -38.708661647   15.149151378   12.491004296
    2.379994435    0.349065850  -38.419341822  -12.027775679    9.508635853
    2.570393989    0.349065850  -43.111540768  -36.515540703    7.001124686
    2.760793544    0.349065850  -51.907395751  -54.575507878    4.796858297
    2.951193099    0.349065850  -63.279423216  -63.215238056    2.772547689

   -3.141592654    0.698131701  -73.644212993  -62.712756285    0.152998268
   -2.951193099    0.698131701  -84.605884534  -51.286841958   -0.002382488
   -2.760793544    0.698131701  -92.847732537  -35.051435356   -0.002295752
   -2.570393989    0.698131701  -98.020501703  -20.026228562   -0.085546681
   -2.379994435    0.698131701 -100.877963381  -11.334522843   -0.413825494
   -2.189594880    0.698131701 -102.848902343  -10.593833316   -1.011650090
   -1.999195325    0.698131701 -105.242100493  -14.950990879   -1.755325409
   -1.808795770    0.698131701 -108.492651480  -18.525711294   -2.415943443
   -1.618396215    0.698131701 -111.880176676  -15.642546103   -2.744897437
   -1.427996661    0.698131701 -113.889271528   -4.072154325   -2.578078408
   -1.237597106    0.698131701 -113.030985038   13.703150735   -1.915779398
   -1.047197551    0.698131701 -108.644684036   31.835819764   -0.931647153
   -0.856797996    0.698131701 -101.272807492   44.116958311    0.127006301
   -0.666398442    0.698131701  -92.448295107   46.680640929    1.095425016
   -0.475998887    0.698131701  -84.118618577   39.116765682    2.015319567
   -0.285599332    0.698131701  -78.017098098   23.913647604    3.189708949
   -0.095199777    0.698131701  -75.219388311    5.165005569    5.074706990
    0.095199777    0.698131701  -75.949653596  -12.298288124    8.102152791
    0.285599332    0.698131701  -79.506839737  -23.789550474   12.419286884
    0.475998887    0.698131701  -84.373563095  -25.598089966   17.702793944
    0.666398442    0.698131701  -88.516396011  -16.239027606   23.126352346
    0.856797996    0.698131701  -89.922087942    2.567636532   27.569478145
    1.047197551    0.698131701  -87.220337246   25.890437764   29.996490677
    1.237597106    0.698131701  -80.172890261   47.149154477   29.873206314
    1.427996661    0.698131701  -69.767079728   60.377291687   27.354719687
    1.618396215    0.698131701  -57.901418390   62.216952327   23.176587711
    1.808795770    0.698131701  -46.804127567   52.513121387   18.305152154
    1.999195325    0.698131701  -38.474457184   33.711006897   13.567530205
    2.189594880    0.698131701  -34.303673069    9.488638262    9.457344750
    2.379994435    0.698131701  -34.946167969  -16.190298420    6.144505943
    2.570393989    0.698131701  -40.311696386  -39.490876516    3.620443328
    2.760793544    0.698131701  -49.592921250  -56.764604664    1.828856607
    2.951193099    0.698131701  -61.336016365  -64.970941171    0.706673294

   -3.141592654    1.047197551  -74.853846213  -62.601052051   -4.858569616
   -2.951193099    1.047197551  -85.720876388  -50.458435865   -3.833494734
   -2.760793544    1.047197551  -93.775186764  -33.974269124   -2.479319396
   -2.570393989    1.047197551  -98.753595746  -19.112096239   -1.177330129
   -2.379994435    1.047197551 -101.471839518  -10.802601363   -0.178966594
   -2.189594880    1.047197551 -103.379486402  -10.441937916    0.441961739
   -1.999195325    1.047197551 -105.768544690  -15.024037754    0.739089690
   -1.808795770    1.047197551 -109.039253162  -18.638909259    0.795083909
   -1.618396215    1.047197551 -112.443094414  -15.698316344    0.653518351
   -1.427996661    1.047197551 -114.459330870   -4.112078908    0.321138387
   -1.237597106    1.047197551 -113.616715952   13.545310619   -0.170321346
   -1.047197551    1.047197551 -109.278383506   31.477046073   -0.703249948
   -0.856797996    1.047197551 -101.985512882   43.688771771   -1.040387876
   -0.666398442    1.047197551  -93.216894113   46.618432164   -0.856434552
   -0.475998887    1.047197551  -84.808379867   40.151016599    0.186689669
   -0.285599332    1.047197551  -78.339523530   26.863277386    2.379161234
   -0.095199777    1.047197551  -74.745436965   10.648475973    5.866803357
    0.095199777    1.047197551  -74.180998539   -4.237808290   10.585163802
    0.285599332    1.047197551  -76.012204202  -13.923371458   16.151007986
    0.475998887    1.047197551  -78.948156863  -15.504546049   21.837414063
    0.666398442    1.047197551  -81.307591139   -7.940282552   26.663778608
    0.856797996    1.047197551  -81.453776841    7.244638729   29.659337285
    1.047197551    1.047197551  -78.290826497   25.999971308   30.175267455
    1.237597106    1.047197551  -71.646302259   42.949720861   28.146722125
    1.427996661    1.047197551  -62.353384482   53.161275034   24.085219983
    1.618396215    1.047197551  -52.012862238   53.696567967   18.855913400
    1.808795770    1.047197551  -42.539456885   44.170038525   13.338370230
    1.999195325    1.047197551  -35.707035548   26.412343232    8.168564151
    2.189594880    1.047197551  -32.800973298    3.509845160    3.685190370
    2.379994435    1.047197551  -34.457590472  -20.879259487    0.024719430
    2.570393989    1.047197551  -40.598376084  -42.945928292   -2.727589166
    2.760793544    1.047197551  -50.419994003  -58.975180948   -4.474940735
    2.951193099    1.047197551  -62.465977173  -65.940351226   -5.158796454

   -3.141592654    1.396263402  -79.884945599  -61.124090006  -10.391214894
   -2.951193099    1.396263402  -90.281729000  -47.113574596   -8.784928340
   -2.760793544    1.396263402  -97.591486907  -29.648527121   -6.781484884
   -2.570393989    1.396263402 -101.727686636  -14.725955264   -4.787479925
   -2.379994435    1.396263402 -103.660271846   -7.020195202   -3.030410657
   -2.189594880    1.396263402 -104.934744247   -7.607653403   -1.540131462
   -1.999195325    1.396263402 -106.886735145  -13.284304494   -0.262757461
   -1.808795770    1.396263402 -109.938763735  -18.105256832    0.795440498
   -1.618396215    1.396263402 -113.364194914  -16.476683102    1.518637303
   -1.427996661    1.396263402 -115.650769557   -6.149243299    1.768132748
   -1.237597106    1.396263402 -115.283968311   10.678309113    1.544412954
   -1.047197551    1.396263402 -111.502068376   28.666060951    1.085573339
   -0.856797996    1.396263402 -104.644983597   42.119713780    0.844436125
   -0.666398442    1.396263402  -95.964420187   47.418668434    1.334628284
   -0.475998887    1.396263402  -87.115187673   44.058184606    2.943471223
   -0.285599332    1.396263402  -79.592574590   33.980462755    5.821368470
   -0.095199777    1.396263402  -74.378260592   20.402058560    9.821516525
    0.095199777    1.396263402  -71.798554759    6.922428566   14.520116516
    0.285599332    1.396263402  -71.504125112   -3.071971666   19.230660141
    0.475998887    1.396263402  -72.554553210   -6.862274087   23.108855652
    0.666398442    1.396263402  -73.611701951   -3.108705727   25.336117367
    0.856797996    1.396263402  -73.273521072    7.449839918   25.386944648
    1.047197551    1.396263402  -70.499130673   21.850376506   23.208479420
    1.237597106    1.396263402  -64.970589464   35.621416977   19.267617919
    1.427996661    1.396263402  -57.249890870   44.227179861   14.334498787
    1.618396215    1.396263402  -48.652081260   44.499241042    9.187297442
    1.808795770    1.396263402  -40.888799376   35.465697203    4.357837484
    1.999195325    1.396263402  -35.647358306   18.407039493    0.063553717
    2.189594880    1.396263402  -34.200715808   -3.815428205   -3.673611370
    2.379994435    1.396263402  -37.178971486  -27.386002474   -6.838516445
    2.570393989    1.396263402  -44.447182676  -48.177145273   -9.291710127
    2.760793544    1.396263402  -55.094021630  -62.297513722  -10.794197413
    2.951193099    1.396263402  -67.550996874  -66.871018484  -11.153865788

   -3.141592654    1.745329252  -86.225390098  -59.131138594  -16.449381085
   -2.951193099    1.745329252  -96.069520867  -43.435263105  -14.901663831
   -2.760793544    1.745329252 -102.586825051  -25.150178525  -12.699607250
   -2.570393989    1.745329252 -105.853029628  -10.195999598  -10.192175317
   -2.379994435    1.745329252 -106.959839737   -2.930672441   -7.586723026
   -2.189594880    1.745329252 -107.513764838   -4.149082337   -4.933564495
   -1.999195325    1.745329252 -108.875958880  -10.574656929   -2.248865592
   -1.808795770    1.745329252 -111.497950567  -16.342745020    0.340218737
   -1.618396215    1.745329252 -114.694860463  -15.871771388    2.559273124
   -1.427996661    1.745329252 -116.975297600   -6.657889140    4.114192486
   -1.237597106    1.745329252 -116.771506742    9.591389620    4.902742810
   -1.047197551    1.745329252 -113.172946790   28.008079663    5.144329844
   -0.856797996    1.745329252 -106.306168882   43.053595548    5.339541360
   -0.666398442    1.745329252  -97.223415096   50.798931751    6.055511513
   -0.475998887    1.745329252  -87.474182524   50.105964095    7.669679708
   -0.285599332    1.745329252  -78.581774644   42.170121308   10.221630858
   -0.095199777    1.745329252  -71.692214931   29.575168105   13.379921563
    0.095199777    1.745329252  -67.396748248   15.479783326   16.538912249
    0.285599332    1.745329252  -65.668380927    3.153428855   18.945352995
    0.475998887    1.745329252  -65.872255620   -4.383341342   19.899163333
    0.666398442    1.745329252  -66.873218448   -5.006358780   18.964863180
    0.856797996    1.745329252  -67.287361368    1.607091418   16.164316124
    1.047197551    1.745329252  -65.895500025   13.462288605   11.981944966
    1.237597106    1.745329252  -62.064251682   26.463555812    7.213833289
    1.427996661    1.745329252  -56.039330599   35.745553732    2.627622570
    1.618396215    1.745329252  -48.934837809   37.318413471   -1.312177330
    1.808795770    1.745329252  -42.424322555   29.405852001   -4.552399125
    1.999195325    1.745329252  -38.275294559   12.898530012   -7.334383565
    2.189594880    1.745329252  -37.861516895   -9.183756625   -9.944357704
    2.379994435    1.745329252  -41.845304477  -32.507238195  -12.479286524
    2.570393989    1.745329252  -50.018790868  -52.422857028  -14.750627137
    2.760793544    1.745329252  -61.325971658  -64.844895575  -16.376718947
    2.951193099    1.745329252  -74.058295724  -67.147666896  -16.990522538

   -3.141592654    2.094395102  -93.011026365  -57.804808486  -18.736507226
   -2.951193099    2.094395102 -102.437198826  -40.467699480  -17.345298770
   -2.760793544    2.094395102 -108.279031017  -21.127434407  -15.181762792
   -2.570393989    2.094395102 -110.721511623   -5.641500864  -12.517328519
   -2.379994435    2.094395102 -110.933793440    1.876968405   -9.510475409
   -2.189594880    2.094395102 -110.557379792    0.793008751   -6.181627709
   -1.999195325    2.094395102 -110.978647804   -5.682490217   -2.529690642
   -1.808795770    2.094395102 -112.703136850  -11.894077694    1.313894003
   -1.618396215    2.094395102 -115.133908925  -12.356276211    5.023933696
   -1.427996661    2.094395102 -116.857633751   -4.344798900    8.186105295
   -1.237597106    2.094395102 -116.312037181   10.943186917   10.507831535
   -1.047197551    2.094395102 -112.489214870   29.158901236   11.981024895
   -0.856797996    2.094395102 -105.344968872   44.960942493   12.889472520
   -0.666398442    2.094395102  -95.769627633   54.121257528   13.637389397
   -0.475998887    2.094395102  -85.245845554   54.853568938   14.513355928
   -0.285599332    2.094395102  -75.365807742   47.615693233   15.528404296
   -0.095199777    2.094395102  -67.470562452   34.454196210   16.375138056
    0.095199777    2.094395102  -62.415790062   18.335459608   16.533965633
    0.285599332    2.094395102  -60.435496341    2.784054642   15.449555964
    0.475998887    2.094395102  -61.064764508   -8.494524988   12.776063010
    0.666398442    2.094395102  -63.176898903  -12.391411917    8.579648285
    0.856797996    2.094395102  -65.204296675   -7.660311511    3.422020869
    1.047197551    2.094395102  -65.607973805    4.192650387   -1.806190948
    1.237597106    2.094395102  -63.407689690   18.810408274   -6.207808635
    1.427996661    2.094395102  -58.616369080   30.474403616   -9.261638151
    1.618396215    2.094395102  -52.303669195   34.148266238  -10.998324801
    1.808795770    2.094395102  -46.274146836   27.330246684  -11.910410714
    1.999195325    2.094395102  -42.508791290   10.785205701  -12.654469660
    2.189594880    2.094395102  -42.561035082  -12.013038077  -13.728843522
    2.379994435    2.094395102  -47.153463981  -35.990872770  -15.262162414
    2.570393989    2.094395102  -56.000282569  -55.849780588  -16.996516646
    2.760793544    2.094395102  -67.878775490  -67.251804788  -18.441681632
    2.951193099    2.094395102  -80.910086027  -67.791617170  -19.111105511

   -3.141592654    2.443460953  -99.348854709  -57.124331244  -12.774543128
   -2.951193099    2.443460953 -108.508305133  -38.401576601  -11.101650964
   -2.760793544    2.443460953 -113.843655107  -17.925709254   -8.878346390
   -2.570393989    2.443460953 -115.583378694   -1.483005845   -6.335730870
   -2.379994435    2.443460953 -114.912288308    7.005784132   -3.576286750
   -2.189594880    2.443460953 -113.458768545    6.978421955   -0.528935253
   -1.999195325    2.443460953 -112.606676328    1.459155991    2.940670744
   -1.808795770    2.443460953 -112.914670172   -4.271662169    6.842999845
   -1.618396215    2.443460953 -113.908288089   -5.031508225   10.931249294
   -1.427996661    2.443460953 -114.328073256    1.910085179   14.737668611
   -1.237597106    2.443460953 -112.729561323   15.711434953   17.765289669
   -1.047197551    2.443460953 -108.137181834   32.520905245   19.708034825
   -0.856797996    2.443460953 -100.453078965   47.345871970   20.556558084
   -0.666398442    2.443460953  -90.481125301   55.943680982   20.518861814
   -0.475998887    2.443460953  -79.654132051   56.180788139   19.828160724
   -0.285599332    2.443460953  -69.598205672   48.022717969   18.560802924
   -0.095199777    2.443460953  -61.775118518   33.134604049   16.566112667
    0.095199777    2.443460953  -57.205993795   14.420349955   13.554645061
    0.285599332    2.443460953  -56.261732146   -4.213097603    9.293629972
    0.475998887    2.443460953  -58.500449941  -18.274626181    3.850460358
    0.666398442    2.443460953  -62.648040012  -23.700055948   -2.263417377
    0.856797996    2.443460953  -66.824437694  -18.571955156   -8.146868844
    1.047197551    2.443460953  -69.110976344   -4.382492793  -12.809061705
    1.237597106    2.443460953  -68.220192112   13.735169931  -15.564514503
    1.427996661    2.443460953  -64.056154187   28.853959070  -16.331423598
    1.618396215    2.443460953  -57.806311020   34.863649546  -15.629082863
    1.808795770    2.443460953  -51.546102409   28.781523971  -14.305674241
    1.999195325    2.443460953  -47.550004147   11.584410037  -13.158045038
    2.189594880    2.443460953  -47.574588261  -12.558515763  -12.653823166
    2.379994435    2.443460953  -52.396684584  -37.771402395  -12.829592487
    2.570393989    2.443460953  -61.647168054  -58.155637410  -13.373221016
    2.760793544    2.443460953  -73.942031503  -69.163718906  -13.805126801
    2.951193099    2.443460953  -87.238171654  -68.569801637  -13.684521975

   -3.141592654    2.792526803 -102.512950440  -55.610131654    0.900611100
   -2.951193099    2.792526803 -111.292132837  -35.972804942    2.984640617
   -2.760793544    2.792526803 -116.094395163  -14.804916079    4.913153000
   -2.570393989    2.792526803 -117.188866546    2.155383954    6.627451092
   -2.379994435    2.792526803 -115.774061583   11.202706435    8.298953359
   -2.189594880    2.792526803 -113.449236627   11.976230601   10.287900411
   -1.999195325    2.792526803 -111.549560775    7.482283607   12.951406878
   -1.808795770    2.792526803 -110.616132859    2.692759224   16.400833970
   -1.618396215    2.792526803 -110.232936908    2.337555268   20.347834804
   -1.427996661    2.792526803 -109.278824121    8.810383741   24.153942217
   -1.237597106    2.792526803 -106.483406434   21.248571864   27.069548291
   -1.047197551    2.792526803 -101.018566327   36.081802283   28.526258245
   -0.856797996    2.792526803  -92.864519506   48.709296859   28.320383302
   -0.666398442    2.792526803  -82.839561084   55.146915347   26.590804652
   -0.475998887    2.792526803  -72.364705692   53.274378014   23.654492118
   -0.285599332    2.792526803  -63.069215213   42.914076379   19.795078808
   -0.095199777    2.792526803  -56.443254358   25.646184519   15.159851590
    0.095199777    2.792526803  -53.529756310    4.548072539    9.792774722
    0.285599332    2.792526803  -54.656845174  -15.958504588    3.790365346
    0.475998887    2.792526803  -59.219286909  -30.675903595   -2.518740449
    0.666398442    2.792526803  -65.651315932  -34.963513904   -8.499275434
    0.856797996    2.792526803  -71.715300193  -26.850490319  -13.329555939
    1.047197551    2.792526803  -75.192082198   -8.480434733  -16.292900478
    1.237597106    2.792526803  -74.672207754   13.848365965  -17.102016848
    1.427996661    2.792526803  -70.168689557   32.053121003  -16.040975925
    1.618396215    2.792526803  -63.153990459   39.401133074  -13.828286800
    1.808795770    2.792526803  -56.038427755   33.008862624  -11.284606256
    1.999195325    2.792526803  -51.355382235   14.478762065   -9.003253336
    2.189594880    2.792526803  -50.981435158  -11.238746243   -7.204405114
    2.379994435    2.792526803  -55.676853117  -37.657209301   -5.775291888
    2.570393989    2.792526803  -64.966913640  -58.558857232   -4.440315273
    2.760793544    2.792526803  -77.329584708  -69.364677301   -2.936152476
    2.951193099    2.792526803  -90.598803783  -68.030506849   -1.137724186
