#! FIELDS phi psi file.free der_phi der_psi
#! SET min_phi -pi
#! SET max_phi pi
#! SET nbins_phi  33
#! SET periodic_phi true
#! SET min_psi -pi
#! SET max_psi pi
#! SET nbins_psi  18
#! SET periodic_psi true
   -3.141592654   -3.141592654  -98.922554520  -52.733045858   16.736221591
   -2.951193099   -3.141592654 -107.223893454  -33.895665843   19.211162958
   -2.760793544   -3.141592654 -111.717223249  -13.627547174   20.747294794
   -2.570393989   -3.141592654 -112.649278793    2.779976779   21.487815250
   -2.379994435   -3.141592654 -111.108963091   12.050070220   21.888527772
   -2.189594880   -3.141592654 -108.525991547   13.988475750   22.573025411
   -1.999195325   -3.141592654 -106.074063924   11.339140070   24.066799738
   -1.808795770   -3.141592654 -104.221493636    8.436010201   26.529114005
   -1.618396215   -3.141592654 -102.618087060    9.230502969   29.610207442
   -1.427996661   -3.141592654 -100.344226712   15.534702640   32.535315344
   -1.237597106   -3.141592654  -96.403684373   26.323650525   34.388685975
   -1.047197551   -3.141592654  -90.229103677   38.315817517   34.457756393
   -0.856797996   -3.141592654  -81.974983735   47.480068708   32.467767765
   -0.666398442   -3.141592654  -72.520806719   50.426592356   28.600599636
   -0.475998887   -3.141592654  -63.249432765   45.444384777   23.348701739
   -0.285599332   -3.141592654  -55.695127980   32.569607528   17.268840797
   -0.095199777   -3.141592654  -51.223939294   13.486508136   10.823503011
    0.095199777   -3.141592654  -50.732279429   -8.567463871    4.330516950
    0.285599332   -3.141592654  -54.360857992  -28.902985552   -1.938332526
    0.475998887   -3.141592654  -61.261643617  -42.035689562   -7.626954456
    0.666398442   -3.141592654  -69.587430664  -43.261496556  -12.232762684
    0.856797996   -3.141592654  -76.847739564  -30.976140275  -15.216019348
    1.047197551   -3.141592654  -80.685028460   -8.167255591  -16.222828834
    1.237597106   -3.141592654  -79.735702729   17.861317748  -15.308495129
    1.427996661   -3.141592654  -74.232055424   38.277815216  -12.953379614
    1.618396215   -3.141592654  -65.954487894   46.198854676   -9.853738366
    1.808795770   -3.141592654  -57.593054092   39.167742973   -6.608362690
    1.999195325   -3.141592654  -51.844549595   19.495056043   -3.493316256
    2.189594880   -3.141592654  -50.617914374   -7.231304952   -0.460852545
    2.379994435   -3.141592654  -54.611244543  -34.205708477    2.700308649
    2.570393989   -3.141592654  -63.260733286  -55.228185184    6.143449816
    2.760793544   -3.141592654  -74.982690882  -65.971272621    9.825695999
    2.951193099   -3.141592654  -87.607174332  -64.713238577   13.485659020

   -3.141592654   -2.792526803  -91.326893390  -48.039377952   24.878807606
   -2.951193099   -2.792526803  -98.942650170  -31.424346469   27.182399068
   -2.760793544   -2.792526803 -103.167454669  -13.199004220   28.186701930
   -2.570393989   -2.792526803 -104.151655504    1.984471295   28.219882389
   -2.379994435   -2.792526803 -102.782155909   11.277572926   27.897783342
   -2.189594880   -2.792526803 -100.241253718   14.500489350   27.909084022
   -1.999195325   -2.792526803  -97.501869421   13.909846550   28.737301137
   -1.808795770   -2.792526803  -94.965502131   12.945126404   30.437208038
   -1.618396215   -2.792526803  -92.399790094   14.578290774   32.555760744
   -1.427996661   -2.792526803  -89.165762503   19.957787774   34.265680642
   -1.237597106   -2.792526803  -84.619278800   28.005170012   34.663208520
   -1.047197551   -2.792526803  -78.492124947   36.020372742   33.104403334
   -0.856797996   -2.792526803  -71.085300442   40.923656311   29.420011130
   -0.666398442   -2.792526803  -63.240330601   40.268493157   23.927533227
   -0.475998887   -2.792526803  -56.150556669   32.926501801   17.280930136
   -0.285599332   -2.792526803  -51.093475586   19.092562142   10.207714660
   -0.095199777   -2.792526803  -49.180665010    0.278001317    3.328753662
    0.095199777   -2.792526803  -51.100018005  -20.534479267   -2.930635520
    0.285599332   -2.792526803  -56.825679509  -38.835785910   -8.274700430
    0.475998887   -2.792526803  -65.367907841  -49.226517207  -12.443467092
    0.666398442   -2.792526803  -74.755521783  -47.145338163  -15.159718117
    0.856797996   -2.792526803  -82.421115163  -31.336657814  -16.208700305
    1.047197551   -2.792526803  -86.017800966   -5.375523391  -15.567171514
    1.237597106   -2.792526803  -84.308998823   22.872728550  -13.516067646
    1.427996661   -2.792526803  -77.735199787   44.328662320  -10.564437943
    1.618396215   -2.792526803  -68.285616671   52.352468555   -7.239890556
    1.808795770   -2.792526803  -58.777052636   45.064511347   -3.856949554
    1.999195325   -2.792526803  -51.916392064   25.349876944   -0.418480259
    2.189594880   -2.792526803  -49.542002213   -0.954679307    3.281914885
    2.379994435   -2.792526803  -52.273400562  -27.217052466    7.448019977
    2.570393989   -2.792526803  -59.532197253  -47.685633681   12.073336350
    2.760793544   -2.792526803  -69.811025375  -58.503708269   16.865051656
    2.951193099   -2.792526803  -81.090164918  -58.217660987   21.313858055

   -3.141592654   -2.443460953  -82.893596586  -42.995461214   22.707148890
   -2.951193099   -2.443460953  -89.764891717  -28.654702408   24.406503304
   -2.760793544   -2.443460953  -93.657604153  -12.384954322   24.993247928
   -2.570393989   -2.443460953  -94.607989284    1.700049681   24.823171224
   -2.379994435   -2.443460953  -93.309766524   11.002393833   24.399601421
   -2.189594880   -2.443460953  -90.741272007   15.185801198   24.193833397
   -1.999195325   -2.443460953  -87.743183365   15.940420505   24.465174095
   -1.808795770   -2.443460953  -84.720805414   15.876749032   25.143036908
   -1.618396215   -2.443460953  -81.603572745   17.192431248   25.806854642
   -1.427996661   -2.443460953  -78.029458529   20.651314011   25.809588076
   -1.237597106   -2.443460953  -73.650801819   25.375929484   24.512151963
   -1.047197551   -2.443460953  -68.403055332   29.397436121   21.544659690
   -0.856797996   -2.443460953  -62.621960082   30.613407768   16.955866577
   -0.666398442   -2.443460953  -57.003846886   27.454775044   11.195749152
   -0.475998887   -2.443460953  -52.465067129   19.234916525    4.958775655
   -0.285599332   -2.443460953  -49.971094146    6.111121558   -1.067576186
   -0.095199777   -2.443460953  -50.366266782  -10.828647380   -6.369206983
    0.095199777   -2.443460953  -54.168250067  -29.129595005  -10.679048005
    0.285599332   -2.443460953  -61.272846183  -44.706260864  -13.902761874
    0.475998887   -2.443460953  -70.673946445  -52.376852737  -16.014769264
    0.666398442   -2.443460953  -80.411068446  -47.685754742  -16.979194914
    0.856797996   -2.443460953  -87.950035334  -29.500614512  -16.777293496
    1.047197551   -2.443460953  -91.008110277   -1.640976066  -15.469098862
    1.237597106   -2.443460953  -88.462265807   27.817988712  -13.271911070
    1.427996661   -2.443460953  -80.890679548   49.766337443  -10.505806199
    1.618396215   -2.443460953  -70.397600832   57.839970836   -7.470364571
    1.808795770   -2.443460953  -59.842714983   50.605660970   -4.303871350
    1.999195325   -2.443460953  -51.892771428   31.323541138   -0.943613759
    2.189594880   -2.443460953  -48.303347853    5.884130477    2.775610610
    2.379994435   -2.443460953  -49.635507812  -19.385790308    6.948185957
    2.570393989   -2.443460953  -55.333882308  -39.242396242   11.445673611
    2.760793544   -2.443460953  -64.008521622  -50.270851958   15.896636733
    2.951193099   -2.443460953  -73.818168243  -51.183749671   19.797173434

   -3.141592654   -2.094395102  -76.537382712  -39.323655793   14.071606613
   -2.951193099   -2.094395102  -82.868458132  -26.633446712   15.063318971
   -2.760793544   -2.094395102  -86.512266166  -11.732609996   15.476353873
   -2.570393989   -2.094395102  -87.431069114    1.465914480   15.547135184
   -2.379994435   -2.094395102  -86.222608496   10.371435279   15.469708280
   -2.189594880   -2.094395102  -83.783725430   14.487903398   15.325665997
   -1.999195325   -2.094395102  -80.919277112   15.207671019   15.064547099
   -1.808795770   -2.094395102  -78.064687800   14.759542761   14.519750957
   -1.618396215   -2.094395102  -75.248608475   15.022998057   13.441257655
   -1.427996661   -2.094395102  -72.248557718   16.679795695   11.568329262
   -1.237597106   -2.094395102  -68.840976365   19.118708847    8.733701527
   -1.047197551   -2.094395102  -65.002905951   20.928936549    4.977832650
   -0.856797996   -2.094395102  -60.993377747   20.649534167    0.578731079
   -0.666398442   -2.094395102  -57.323052474   17.188953232   -4.006625528
   -0.475998887   -2.094395102  -54.666316480    9.932710451   -8.271986918
   -0.285599332   -2.094395102  -53.773332823   -1.276825014  -11.828613704
   -0.095199777   -2.094395102  -55.357600253  -15.907251710  -14.490442419
    0.095199777   -2.094395102  -59.913552279  -32.014212835  -16.286293357
    0.285599332   -2.094395102  -67.389858746  -45.792875120  -17.364653171
    0.475998887   -2.094395102  -76.859746563  -52.057817316  -17.881069078
    0.666398442   -2.094395102  -86.422823911  -46.199659331  -17.904949774
    0.856797996   -2.094395102  -93.577274813  -26.948234954  -17.417180773
    1.047197551   -2.094395102  -96.057366096    1.855902897  -16.346060880
    1.237597106   -2.094395102  -92.772927581   32.036678728  -14.675261674
    1.427996661   -2.094395102  -84.352602219   54.414145702  -12.466292116
    1.618396215   -2.094395102  -72.950619501   62.716057760   -9.845374123
    1.808795770   -2.094395102  -61.445815292   55.719228015   -6.927352167
    1.999195325   -2.094395102  -52.483065977   36.878529100   -3.771425663
    2.189594880   -2.094395102  -47.776435088   12.074805602   -0.400850079
    2.379994435   -2.094395102  -47.869703979  -12.610004533    3.118747652
    2.570393989   -2.094395102  -52.251378458  -32.292063764    6.603954359
    2.760793544   -2.094395102  -59.637305752  -43.815742738    9.766816102
    2.951193099   -2.094395102  -68.319796045  -45.903603489   12.311860240

   -3.141592654   -1.745329252  -73.719280737  -37.761134784    5.180722248
   -2.951193099   -1.745329252  -79.837505115  -25.907388912    5.245960627
   -2.760793544   -1.745329252  -83.394643624  -11.507251092    5.191074882
   -2.570393989   -1.745329252  -84.298333777    1.414514763    5.143755959
   -2.379994435   -1.745329252  -83.126644918   10.012325948    5.034366339
   -2.189594880   -1.745329252  -80.806308949   13.535846892    4.622036568
   -1.999195325   -1.745329252  -78.213922018   13.219564182    3.620485002
   -1.808795770   -1.745329252  -75.873939832   11.273571271    1.840349284
   -1.618396215   -1.745329252  -73.890804082    9.735883218   -0.729891705
   -1.427996661   -1.745329252  -72.069039093    9.634631436   -3.919231961
   -1.237597106   -1.745329252  -70.133701129   10.835717134   -7.432131389
   -1.047197551   -1.745329252  -67.918117783   12.364981319  -10.908183268
   -0.856797996   -1.745329252  -65.474074019   12.968277987  -13.998272947
   -0.666398442   -1.745329252  -63.097409488   11.429156310  -16.415853797
   -0.475998887   -1.745329252  -61.303661505    6.676290317  -17.977916349
   -0.285599332   -1.745329252  -60.789431631   -2.043848845  -18.654476696
   -0.095199777   -1.745329252  -62.323757377  -14.738795142  -18.574362854
    0.095199777   -1.745329252  -66.539904034  -29.759805382  -18.009975467
    0.285599332   -1.745329252  -73.553165118  -43.305495752  -17.284609634
    0.475998887   -1.745329252  -82.577877671  -49.928320432  -16.662740586
    0.666398442   -1.745329252  -91.787319225  -44.611682020  -16.243815543
    0.856797996   -1.745329252  -98.676276015  -25.673918935  -15.931869127
    1.047197551   -1.745329252 -100.908643853    3.261564037  -15.470820200
    1.237597106   -1.745329252  -97.306626521   34.023635129  -14.587211090
    1.427996661   -1.745329252  -88.429755239   57.230421101  -13.103531471
    1.618396215   -1.745329252  -76.409314848   66.369594581  -11.017202142
    1.808795770   -1.745329252  -64.140130141   60.050012866   -8.470237730
    1.999195325   -1.745329252  -54.303366840   41.680605966   -5.677312714
    2.189594880   -1.745329252  -48.654234097   17.124787866   -2.856227369
    2.379994435   -1.745329252  -47.783924286   -7.602108862   -0.215233167
    2.570393989   -1.745329252  -51.245561142  -27.711687371    2.037722846
    2.760793544   -1.745329252  -57.831931864  -40.063920620    3.720095163
    2.951193099   -1.745329252  -65.902013418  -43.245749318    4.743206737

   -3.141592654   -1.396263402  -75.191061864  -39.135773951    3.052403410
   -2.951193099   -1.396263402  -81.547145330  -26.934876101    2.470664117
   -2.760793544   -1.396263402  -85.229319160  -11.777966393    1.842298062
   -2.570393989   -1.396263402  -86.117451803    1.769847863    1.242810776
   -2.379994435   -1.396263402  -84.870217778   10.299351768    0.512941511
   -2.189594880   -1.396263402  -82.579287584   12.774517641   -0.688757280
   -1.999195325   -1.396263402  -80.300648830   10.580096177   -2.707000743
   -1.808795770   -1.396263402  -78.671317071    6.453980736   -5.688251782
   -1.618396215   -1.396263402  -77.787758133    3.128820116   -9.460716523
   -1.427996661   -1.396263402  -77.318949116    2.230238530  -13.553797450
   -1.237597106   -1.396263402  -76.767576766    3.928816537  -17.350859662
   -1.047197551   -1.396263402  -75.721393368    7.170833385  -20.275337618
   -0.856797996   -1.396263402  -74.034204293   10.302303678  -21.960180818
   -0.666398442   -1.396263402  -71.898319866   11.556474991  -22.309180296
   -0.475998887   -1.396263402  -69.833479581    9.296020882  -21.470935580
   -0.285599332   -1.396263402  -68.639923784    2.318825104  -19.770891979
   -0.095199777   -1.396263402  -69.258864884   -9.672540794  -17.618372335
    0.095199777   -1.396263402  -72.532267510  -25.100409548  -15.442780391
    0.285599332   -1.396263402  -78.774706995  -39.994609632  -13.596773916
    0.475998887   -1.396263402  -87.342941094  -48.480389858  -12.283415205
    0.666398442   -1.396263402  -96.450706171  -44.921902040  -11.499882531
    0.856797996   -1.396263402 -103.511558337  -27.008202508  -11.052899429
    1.047197551   -1.396263402 -106.007331630    2.011491400  -10.625388619
    1.237597106   -1.396263402 -102.547618260   33.914068128   -9.918591367
    1.427996661   -1.396263402  -93.530823610   58.837221207   -8.750346907
    1.618396215   -1.396263402  -81.041273264   69.614204706   -7.112702505
    1.808795770   -1.396263402  -68.043672601   64.312440590   -5.135270384
    1.999195325   -1.396263402  -57.363888378   46.123262071   -3.012939852
    2.189594880   -1.396263402  -50.913773583   20.977589581   -0.942868770
    2.379994435   -1.396263402  -49.410867351   -4.882545099    0.887364336
    2.570393989   -1.396263402  -52.485818632  -26.392063743    2.296153172
    2.760793544   -1.396263402  -58.953702270  -40.102028956    3.133913520
    2.951193099   -1.396263402  -67.134074129  -44.272412533    3.350795669

   -3.141592654   -1.047197551  -77.629304157  -42.137080369    4.268435679
   -2.951193099   -1.047197551  -84.521467225  -29.472078891    2.691872301
   -2.760793544   -1.047197551  -88.608760069  -13.489306255    1.007825823
   -2.570393989   -1.047197551  -89.756453821    0.662498560   -0.635795454
   -2.379994435   -1.047197551  -88.722063460    9.007250637   -2.336810751
   -2.189594880   -1.047197551  -86.774660995   10.303935706   -4.411319154
   -1.999195325   -1.047197551  -85.136517528    6.264908652   -7.203798864
   -1.808795770   -1.047197551  -84.503455990    0.394619029  -10.835173377
   -1.618396215   -1.047197551  -84.869037792   -3.708839533  -15.028214933
   -1.427996661   -1.047197551  -85.658005726   -3.875650899  -19.130755775
   -1.237597106   -1.047197551  -86.078666613    0.042363483  -22.341676322
   -1.047197551   -1.047197551  -85.482787145    6.412607158  -24.012201785
   -0.856797996   -1.047197551  -83.629800573   12.742425217  -23.886365167
   -0.666398442   -1.047197551  -80.773356131   16.516823390  -22.152974373
   -0.475998887   -1.047197551  -77.610468625   15.654533812  -19.327179140
   -0.285599332   -1.047197551  -75.170723943    8.853695649  -16.049506807
   -0.095199777   -1.047197551  -74.616700221   -4.050895705  -12.881787894
    0.095199777   -1.047197551  -76.970548893  -21.159394684  -10.194099495
    0.285599332   -1.047197551  -82.652973964  -38.066419246   -8.108970933
    0.475998887   -1.047197551  -91.035490756  -48.384474351   -6.544832644
    0.666398442   -1.047197551 -100.248900449  -45.993235296   -5.305502453
    0.856797996   -1.047197551 -107.548136603  -28.282339196   -4.194552515
    1.047197551   -1.047197551 -110.227412771    1.477064328   -3.082472670
    1.237597106   -1.047197551 -106.745807404   34.725112071   -1.927965960
    1.427996661   -1.047197551  -97.434949376   61.072051242   -0.733523682
    1.618396215   -1.047197551  -84.412919620   72.864797600    0.489296178
    1.808795770   -1.047197551  -70.753042816   67.887255298    1.737028019
    1.999195325   -1.047197551  -59.418639315   49.309718952    2.995936998
    2.189594880   -1.047197551  -52.444916891   23.209105931    4.210682616
    2.379994435   -1.047197551  -50.638303259   -3.965863186    5.252692974
    2.570393989   -1.047197551  -53.677099053  -26.930516885    5.927940320
    2.760793544   -1.047197551  -60.379013210  -41.971403192    6.033457658
    2.951193099   -1.047197551  -69.010876530  -47.046229849    5.459510307

   -3.141592654   -0.698131701  -77.640202589  -46.310728851    4.019779583
   -2.951193099   -0.698131701  -85.350031075  -33.791454664    1.313948101
   -2.760793544   -0.698131701  -90.236326939  -17.518657083   -1.526666093
   -2.570393989   -0.698131701  -92.118233231   -3.058278176   -4.258827766
   -2.379994435   -0.698131701  -91.795918728    5.145951644   -6.884835617
   -2.189594880   -0.698131701  -90.650066224    5.646813545   -9.647269574
   -1.999195325   -0.698131701  -90.009713742    0.425180361  -12.829139996
   -1.808795770   -0.698131701  -90.583076155   -6.315658733  -16.470943104
   -1.618396215   -0.698131701  -92.227198253  -10.186310526  -20.180383591
   -1.427996661   -0.698131701  -94.106019568   -8.577945111  -23.196308085
   -1.237597106   -0.698131701  -95.141717074   -1.534600186  -24.696183119
   -1.047197551   -0.698131701  -94.495282007    8.533906991  -24.176386061
   -0.856797996   -0.698131701  -91.913501192   18.123549822  -21.695726575
   -0.666398442   -0.698131701  -87.817252805   23.900799161  -17.845207675
   -0.475998887   -0.698131701  -83.184660495   23.433648999  -13.498963555
   -0.285599332   -0.698131701  -79.343803119   15.587050858   -9.476061129
   -0.095199777   -0.698131701  -77.684182911    0.729481215   -6.263894734
    0.095199777   -0.698131701  -79.333948110  -18.516283945   -3.915151375
    0.285599332   -0.698131701  -84.682639693  -37.079597285   -2.108544596
    0.475998887   -0.698131701  -92.964944943  -48.155559287   -0.378493544
    0.666398442   -0.698131701 -102.129814565  -45.585163386    1.610691213
    0.856797996   -0.698131701 -109.279110797  -27.064974445    3.870960120
    1.047197551   -0.698131701 -111.632234675    3.652374678    6.101459184
    1.237597106   -0.698131701 -107.662196234   37.601802590    7.887531255
    1.427996661   -0.698131701  -97.771004798   64.206515644    8.964297812
    1.618396215   -0.698131701  -84.160734515   75.846153626    9.353269881
    1.808795770   -0.698131701  -69.970699010   70.437190258    9.309631585
    1.999195325   -0.698131701  -58.205865313   51.256588005    9.141418901
    2.189594880   -0.698131701  -50.930994461   24.396216029    9.026959312
    2.379994435   -0.698131701  -48.986903226   -3.744235071    8.925272533
    2.570393989   -0.698131701  -52.094123525  -27.901679591    8.609910815
    2.760793544   -0.698131701  -59.105591437  -44.250256373    7.787268715
    2.951193099   -0.698131701  -68.287160679  -50.492753201    6.255509662

   -3.141592654   -0.349065850  -76.526314180  -51.793385942    3.082954311
   -2.951193099   -0.349065850  -85.341990715  -39.792854313   -0.093350809
   -2.760793544   -0.349065850  -91.366733242  -23.370247765   -3.341088561
   -2.570393989   -0.349065850  -94.316704063   -8.402217031   -6.425484898
   -2.379994435   -0.349065850  -94.970187133    0.184272729   -9.312019426
   -2.189594880   -0.349065850  -94.766834060    0.638689552  -12.152792230
   -1.999195325   -0.349065850  -95.109541792   -4.892783253  -15.101792731
   -1.808795770   -0.349065850  -96.702186125  -11.576228502  -18.068535512
   -1.618396215   -0.349065850  -99.261187273  -14.304930361  -20.581265650
   -1.427996661   -0.349065850 -101.705304562  -10.167305920  -21.910191976
   -1.237597106   -0.349065850 -102.718614959    0.391595517  -21.408801706
   -1.047197551   -0.349065850 -101.360367071   13.989757798  -18.884379445
   -0.856797996   -0.349065850  -97.482182531   26.028538060  -14.761361178
   -0.666398442   -0.349065850  -91.787139012   32.463973919   -9.936318770
   -0.475998887   -0.349065850  -85.608639184   30.836143969   -5.422683725
   -0.285599332   -0.349065850  -80.570143566   20.639750165   -1.944820434
   -0.095199777   -0.349065850  -78.194217994    3.252967581    0.318593197
    0.095199777   -0.349065850  -79.544578272  -17.690816712    1.757023492
    0.285599332   -0.349065850  -84.786385055  -36.530342630    3.108412166
    0.475998887   -0.349065850  -92.879094790  -46.538486618    5.070205382
    0.666398442   -0.349065850 -101.576369820  -42.285170619    7.917258306
    0.856797996   -0.349065850 -107.958923888  -22.468698395   11.324539300
    1.047197551   -0.349065850 -109.398135735    8.421681266   14.519418244
    1.237597106   -0.349065850 -104.600123662   41.353290360   16.692092419
    1.427996661   -0.349065850  -94.148746723   66.294429703   17.417037949
    1.618396215   -0.349065850  -80.295993610   76.379737515   16.819535288
    1.808795770   -0.349065850  -66.106071603   70.025314129   15.421835858
    1.999195325   -0.349065850  -54.458154958   50.527198751   13.812343773
    2.189594880   -0.349065850  -47.326975492   23.624204148   12.355461586
    2.379994435   -0.349065850  -45.546020581   -4.746195142   11.083140455
    2.570393989   -0.349065850  -48.904368597  -29.627389664    9.771630459
    2.760793544   -0.349065850  -56.353860694  -47.190898532    8.111426876
    2.951193099   -0.349065850  -66.229102794  -54.838625781    5.886210643

   -3.141592654    0.000000000  -75.651645607  -57.395461155    1.361765550
   -2.951193099    0.000000000  -85.577182470  -45.743568754   -1.588890876
   -2.760793544    0.000000000  -92.730104052  -29.184808526   -4.488246306
   -2.570393989    0.000000000  -96.750677002  -13.808978232   -7.184201154
   -2.379994435    0.000000000  -98.395734928   -4.849837107   -9.669096398
   -2.189594880    0.000000000  -99.129472505   -4.183177134  -12.040831723
   -1.999195325    0.000000000 -100.366885361   -9.407024992  -14.337477617
   -1.808795770    0.000000000 -102.742355525  -15.121437957  -16.354383878
   -1.618396215    0.000000000 -105.795768765  -15.741450451  -17.591516498
   -1.427996661    0.000000000 -108.223353998   -8.408977785  -17.435559156
   -1.237597106    0.000000000 -108.562571279    5.682813006  -15.499318863
   -1.047197551    0.000000000 -105.914248745   22.017198736  -11.917728573
   -0.856797996    0.000000000 -100.381678161   35.035989897   -7.383070494
   -0.666398442    0.000000000  -93.042448130   40.404247340   -2.881592343
   -0.475998887    0.000000000  -85.580871577   36.201264131    0.711970351
   -0.285599332    0.000000000  -79.806426796   23.039644999    3.009860121
   -0.095199777    0.000000000  -77.196305784    3.537616287    4.248225581
    0.095199777    0.000000000  -78.560729269  -17.802849572    5.174186174
    0.285599332    0.000000000  -83.711681875  -35.195039944    6.694136322
    0.475998887    0.000000000  -91.312914934  -42.629253963    9.427990036
    0.666398442    0.000000000  -99.022194048  -35.976162605   13.353565486
    0.856797996    0.000000000 -104.080492310  -15.204564140   17.743385799
    1.047197551    0.000000000 -104.204881184   14.622591695   21.463523479
    1.237597106    0.000000000  -98.461794917   44.890335341   23.513483965
    1.427996661    0.000000000  -87.639482173   66.685184461   23.487530687
    1.618396215    0.000000000  -73.967036662   74.283249560   21.696052129
    1.808795770    0.000000000  -60.315890011   66.683670375   18.908318090
    1.999195325    0.000000000  -49.332289824   47.037267798   15.924056117
    2.189594880    0.000000000  -42.834262513   20.492474140   13.237867381
    2.379994435    0.000000000  -41.621238135   -7.638661608   10.940193517
    2.570393989    0.000000000  -45.544791505  -32.762294248    8.834690347
    2.760793544    0.000000000  -53.654469791  -51.058122535    6.637869383
    2.951193099    0.000000000  -64.355692363  -59.655236947    4.153930299

   -3.141592654    0.349065850  -74.067771425  -61.086263804    0.673189698
   -2.951193099    0.349065850  -84.735934500  -49.813883791   -1.043133091
   -2.760793544    0.349065850  -92.691976795  -33.508222410   -2.639052007
   -2.570393989    0.349065850  -97.550650863  -18.262744690   -4.164910100
   -2.379994435    0.349065850 -100.048205899   -9.328763779   -5.698809535
   -2.189594880    0.349065850 -101.623731751   -8.491997739   -7.285538574
   -1.999195325    0.349065850 -103.632258633  -13.087503518   -8.839645194
   -1.808795770    0.349065850 -106.588159301  -17.381382194  -10.082580606
   -1.618396215    0.349065850 -109.863539702  -15.671125274  -10.583892102
   -1.427996661    0.349065850 -112.006819992   -5.450209357   -9.942934116
   -1.237597106    0.349065850 -111.520510650   11.271294758   -8.029915148
   -1.047197551    0.349065850 -107.644112997   29.062193284   -5.137873021
   -0.856797996    0.349065850 -100.765805547   41.833116370   -1.909361075
   -0.666398442    0.349065850  -92.283559076   45.408627192    0.941164965
   -0.475998887    0.349065850  -84.104646603   38.711016903    2.949861175
   -0.285599332    0.349065850  -78.062662187   23.504451022    4.143080121
   -0.095199777    0.349065850  -75.448734964    3.407620200    5.028106202
    0.095199777    0.349065850  -76.745618281  -16.660670290    6.394561496
    0.285599332    0.349065850  -81.432948936  -31.297322577    8.942489795
    0.475998887    0.349065850  -87.988651941  -35.611407105   12.913543010
    0.666398442    0.349065850  -94.138723733  -26.921495107   17.871478376
    0.856797996    0.349065850  -97.447718082   -6.316645201   22.785014667
    1.047197551    0.349065850  -96.089527646   20.941359635   26.412023288
    1.237597106    0.349065850  -89.521933309   47.089324508   27.836082658
    1.427996661    0.349065850  -78.693263915   64.672384457   26.840037773
    1.618396215    0.349065850  -65.717387379   69.262412196   23.929222941
    1.808795770    0.349065850  -53.168295833   60.428231894   20.010993836
    1.999195325    0.349065850  -43.368581604   41.058083467   15.962527424
    2.189594880    0.349065850  -37.914560059   15.566659107   12.334651645
    2.379994435    0.349065850  -37.531882825  -11.477746573    9.292472813
    2.570393989    0.349065850  -42.114683836  -35.936249479    6.748014256
    2.760793544    0.349065850  -50.807599971  -54.094350956    4.536210940
    2.951193099    0.349065850  -62.106358153  -62.940311236    2.530275038

   -3.141592654    0.698131701  -72.547186209  -62.610517249   -0.158484569
   -2.951193099    0.698131701  -83.512261778  -51.416953534   -0.288672209
   -2.760793544    0.698131701  -91.795207197  -35.333937334   -0.260030693
   -2.570393989    0.698131701  -97.026788230  -20.340574195   -0.318310859
   -2.379994435    0.698131701  -99.937994552  -11.568638298   -0.626748341
   -2.189594880    0.698131701 -101.940625648  -10.688004179   -1.208663197
   -1.999195325    0.698131701 -104.338390843  -14.910598612   -1.939637139
   -1.808795770    0.698131701 -107.572529506  -18.405287672   -2.592561502
   -1.618396215    0.698131701 -110.935403685  -15.515537161   -2.920703124
   -1.427996661    0.698131701 -112.924901172   -4.001620782   -2.759618494
   -1.237597106    0.698131701 -112.061682076   13.682899510   -2.104212900
   -1.047197551    0.698131701 -107.688648420   31.718688907   -1.119330342
   -0.856797996    0.698131701 -100.346995426   43.922613820   -0.043813120
   -0.666398442    0.698131701  -91.564485936   46.441391025    0.960495354
   -0.475998887    0.698131701  -83.281703623   38.870084641    1.929617588
   -0.285599332    0.698131701  -77.225008272   23.695600080    3.154521984
   -0.095199777    0.698131701  -74.463689711    5.005931440    5.078591676
    0.095199777    0.698131701  -75.217040561  -12.379303842    8.126968641
    0.285599332    0.698131701  -78.781930344  -23.790408589   12.448802976
    0.475998887    0.698131701  -83.642793964  -25.540110310   17.728995873
    0.666398442    0.698131701  -87.772246161  -16.163970972   23.149974572
    0.856797996    0.698131701  -89.166159511    2.609314639   27.595690272
    1.047197551    0.698131701  -86.463012655   25.859277746   30.029228350
    1.237597106    0.698131701  -79.429441349   47.037004061   29.911240058
    1.427996661    0.698131701  -69.050731800   60.213842991   27.390552980
    1.618396215    0.698131701  -57.216269894   62.065900792   23.197209333
    1.808795770    0.698131701  -46.140330390   52.454246726   18.293470869
    1.999195325    0.698131701  -37.807517522   33.812112301   13.505076909
    2.189594880    0.698131701  -33.599423665    9.780658438    9.328687260
    2.379994435    0.698131701  -34.169727054  -15.733084404    5.943715075
    2.570393989    0.698131701  -39.438786414  -38.952350575    3.355620359
    2.760793544    0.698131701  -48.619289445  -56.266659739    1.521447684
    2.951193099    0.698131701  -60.281288621  -64.634117183    0.384765004

   -3.141592654    1.047197551  -73.862384753  -62.494550846   -5.235729037
   -2.951193099    1.047197551  -84.728247677  -50.548111748   -4.209007284
   -2.760793544    1.047197551  -92.814164666  -34.200516318   -2.830004142
   -2.570393989    1.047197551  -97.840509303  -19.370469079   -1.492147090
   -2.379994435    1.047197551 -100.602588418  -10.989657295   -0.457142943
   -2.189594880    1.047197551 -102.534086387  -10.500780292    0.193843114
   -1.999195325    1.047197551 -104.922228203  -14.961556368    0.510400097
   -1.808795770    1.047197551 -108.173631805  -18.509789032    0.573518593
   -1.618396215    1.047197551 -111.552296430  -15.573951336    0.429330218
   -1.427996661    1.047197551 -113.549917969   -4.047269743    0.090799168
   -1.237597106    1.047197551 -112.702681779   13.529696577   -0.400752645
   -1.047197551    1.047197551 -108.374517939   31.389620092   -0.918642721
   -0.856797996    1.047197551 -101.103175944   43.556014192   -1.220901495
   -0.666398442    1.047197551  -92.362289417   46.464825906   -0.985381735
   -0.475998887    1.047197551  -83.983707914   39.992646813    0.115061240
   -0.285599332    1.047197551  -77.544627590   26.711071932    2.356301378
   -0.095199777    1.047197551  -73.977901024   10.516982129    5.872451668
    0.095199777    1.047197551  -73.434895283   -4.327306253   10.595581605
    0.285599332    1.047197551  -75.277564372  -13.951420411   16.148125622
    0.475998887    1.047197551  -78.212762314  -15.469500594   21.814736770
    0.666398442    1.047197551  -80.561392457   -7.867633211   26.626674753
    0.856797996    1.047197551  -80.693935638    7.307840856   29.620874650
    1.047197551    1.047197551  -77.523778117   26.006325636   30.150548184
    1.237597106    1.047197551  -70.885543663   42.877103578   28.147954682
    1.427996661    1.047197551  -61.613172948   53.024524689   24.118021491
    1.618396215    1.047197551  -51.301111979   53.545272063   18.916136861
    1.808795770    1.047197551  -41.852700212   44.071708609   13.409483967
    1.999195325    1.047197551  -35.029008515   26.427865975    8.221862241
    2.189594880    1.047197551  -32.106052720    3.675151362    3.685142794
    2.379994435    1.047197551  -33.717071456  -20.570246437   -0.060007710
    2.570393989    1.047197551  -39.789291227  -42.547047562   -2.912461191
    2.760793544    1.047197551  -49.533567953  -58.579126853   -4.753250908
    2.951193099    1.047197551  -61.512818794  -65.651426874   -5.504300470

   -3.141592654    1.396263402  -78.997584914  -61.093097401  -10.777171813
   -2.951193099    1.396263402  -89.400570358  -47.207693501   -9.190197755
   -2.760793544    1.396263402  -96.737652662  -29.829506162   -7.165815694
   -2.570393989    1.396263402 -100.910553917  -14.915825066   -5.127713264
   -2.379994435    1.396263402 -102.873582603   -7.138620858   -3.321743307
   -2.189594880    1.396263402 -104.160139075   -7.612968184   -1.792570916
   -1.999195325    1.396263402 -106.103147421  -13.191019818   -0.493926622
   -1.808795770    1.396263402 -109.132141506  -17.966280487    0.566953953
   -1.618396215    1.396263402 -112.531814639  -16.353883372    1.280319684
   -1.427996661    1.396263402 -114.799916579   -6.081490637    1.517221509
   -1.237597106    1.396263402 -114.426155543   10.686333557    1.289442662
   -1.047197551    1.396263402 -110.647064145   28.632830017    0.843261544
   -0.856797996    1.396263402 -103.798420480   42.068200027    0.633913425
   -0.666398442    1.396263402  -95.128830964   47.355788527    1.169868184
   -0.475998887    1.396263402  -86.293398446   43.974236515    2.827574149
   -0.285599332    1.396263402  -78.789806805   33.863759302    5.745413999
   -0.095199777    1.396263402  -73.600621609   20.258395038    9.767953351
    0.095199777    1.396263402  -71.048534351    6.783014475   14.469789218
    0.285599332    1.396263402  -70.776873958   -3.164193318   19.169711242
    0.475998887    1.396263402  -71.837893984   -6.877920676   23.033322207
    0.666398442    1.396263402  -72.890805496   -3.051666851   25.252953018
    0.856797996    1.396263402  -72.537690763    7.542855705   25.312216565
    1.047197551    1.396263402  -69.746100594   21.930832025   23.163734483
    1.237597106    1.396263402  -64.206282879   35.656725890   19.274896038
    1.427996661    1.396263402  -56.483750288   44.213706336   14.409698745
    1.618396215    1.396263402  -47.891569397   44.459301853    9.332486125
    1.808795770    1.396263402  -40.135914528   35.432851020    4.554635087
    1.999195325    1.396263402  -34.897702596   18.410623017    0.271713515
    2.189594880    1.396263402  -33.445169047   -3.753941829   -3.508930544
    2.379994435    1.396263402  -36.405509320  -27.259263785   -6.771242976
    2.570393989    1.396263402  -43.644290545  -47.998907843   -9.357301271
    2.760793544    1.396263402  -54.255343615  -62.108823118  -10.998099864
    2.951193099    1.396263402  -66.680246423  -66.733453266  -11.471163558

   -3.141592654    1.745329252  -85.432015031  -59.232142015  -16.801787225
   -2.951193099    1.745329252  -95.298788837  -43.571408885  -15.283896388
   -2.760793544    1.745329252 -101.844169566  -25.301535973  -13.063137060
   -2.570393989    1.745329252 -105.137108403  -10.316473159  -10.509276179
   -2.379994435    1.745329252 -106.260052518   -2.973553980   -7.852345596
   -2.189594880    1.745329252 -106.813224090   -4.097590343   -5.160307485
   -1.999195325    1.745329252 -108.158483061  -10.455083622   -2.457385936
   -1.808795770    1.745329252 -110.755187415  -16.204009229    0.129355721
   -1.618396215    1.745329252 -113.927787740  -15.760867609    2.332647706
   -1.427996661    1.745329252 -116.191547106   -6.593831808    3.868010774
   -1.237597106    1.745329252 -115.979416578    9.619152538    4.643330901
   -1.047197551    1.745329252 -112.377200238   28.022639097    4.884953904
   -0.856797996    1.745329252 -105.507676735   43.069119936    5.096092284
   -0.666398442    1.745329252  -96.422613579   50.805044420    5.841066695
   -0.475998887    1.745329252  -86.675343036   50.074770117    7.490650764
   -0.285599332    1.745329252  -77.794418791   42.078685720   10.076744412
   -0.095199777    1.745329252  -70.927934481   29.428480054   13.261696385
    0.095199777    1.745329252  -66.662681151   15.317961158   16.437209412
    0.285599332    1.745329252  -64.962117826    3.033403980   18.851070085
    0.475998887    1.745329252  -65.181137406   -4.416371268   19.807742006
    0.666398442    1.745329252  -66.178974118   -4.941294525   18.879149329
    0.856797996    1.745329252  -66.573156089    1.746549492   16.096507770
    1.047197551    1.745329252  -65.150883508   13.635846539   11.953322316
    1.237597106    1.745329252  -61.286184484   26.637403087    7.250693178
    1.427996661    1.745329252  -55.229818270   35.900481798    2.752537997
    1.618396215    1.745329252  -48.098539794   37.443790426   -1.091901402
    1.808795770    1.745329252  -41.568062930   29.489524276   -4.254817867
    1.999195325    1.745329252  -37.408339346   12.925737810   -7.005932764
    2.189594880    1.745329252  -36.995141637   -9.215225937   -9.651425389
    2.379994435    1.745329252  -40.989284413  -32.579912683  -12.289749642
    2.570393989    1.745329252  -49.178242121  -52.507724551  -14.712224438
    2.760793544    1.745329252  -60.501098808  -64.923289285  -16.501995268
    2.951193099    1.745329252  -73.248088475  -67.226317841  -17.254712870

   -3.141592654    2.094395102  -92.311295600  -58.024588165  -18.953801653
   -2.951193099    2.094395102 -101.773750295  -40.630417942  -17.598752318
   -2.760793544    2.094395102 -107.641668598  -21.236824012  -15.427992722
   -2.570393989    2.094395102 -110.099319132   -5.688902592  -12.730881448
   -2.379994435    2.094395102 -110.313816316    1.901848159   -9.686389698
   -2.189594880    2.094395102 -109.926304800    0.883561126   -6.331084956
   -1.999195325    2.094395102 -110.326650727   -5.559793093   -2.670874017
   -1.808795770    2.094395102 -112.028183554  -11.780089316    1.163490661
   -1.618396215    2.094395102 -114.440813857  -12.282641919    4.853549745
   -1.427996661    2.094395102 -116.154793591   -4.313600485    7.992793067
   -1.237597106    2.094395102 -115.605669339   10.954514028   10.295675298
   -1.047197551    2.094395102 -111.780267525   29.178756297   11.757848004
   -0.856797996    2.094395102 -104.630304172   45.001209580   12.664361772
   -0.666398442    2.094395102  -95.046593619   54.164623014   13.418595357
   -0.475998887    2.094395102  -84.517163865   54.863771097   14.307976153
   -0.285599332    2.094395102  -74.640859085   47.563383084   15.342810059
   -0.095199777    2.094395102  -66.761727647   34.341214334   16.214674187
    0.095199777    2.094395102  -61.731248678   18.202129992   16.401793013
    0.285599332    2.094395102  -59.773689159    2.689422789   15.345199780
    0.475998887    2.094395102  -60.413150514   -8.499754224   12.695896635
    0.666398442    2.094395102  -62.515887727  -12.286259172    8.520340184
    0.856797996    2.094395102  -64.513426020   -7.454726782    3.386079779
    1.047197551    2.094395102  -64.870580504    4.470875378   -1.806368176
    1.237597106    2.094395102  -62.612928721   19.129910737   -6.150860466
    1.427996661    2.094395102  -57.759524133   30.801215396   -9.124901769
    1.618396215    2.094395102  -51.387382515   34.437702957  -10.769882277
    1.808795770    2.094395102  -45.311037017   27.523991635  -11.600491566
    1.999195325    2.094395102  -41.522647403   10.826289706  -12.300310221
    2.189594880    2.094395102  -41.583857245  -12.147335626  -13.388445575
    2.379994435    2.094395102  -46.216565376  -36.270094322  -14.998441981
    2.570393989    2.094395102  -55.124716805  -56.200572017  -16.857444662
    2.760793544    2.094395102  -67.070409018  -67.594898461  -18.445407528
    2.951193099    2.094395102  -80.162134701  -68.078420854  -19.242006983

   -3.141592654    2.443460953  -98.695914007  -57.439490818  -12.827585361
   -2.951193099    2.443460953 -107.902129419  -38.581114056  -11.178915489
   -2.760793544    2.443460953 -113.260948325  -17.996004247   -8.949183873
   -2.570393989    2.443460953 -115.005790453   -1.469646979   -6.383583780
   -2.379994435    2.443460953 -114.325860010    7.081600530   -3.601069005
   -2.189594880    2.443460953 -112.854096227    7.091944301   -0.543465651
   -1.999195325    2.443460953 -111.979783633    1.573293684    2.918236202
   -1.808795770    2.443460953 -112.268942044   -4.190046988    6.795725916
   -1.618396215    2.443460953 -113.251944663   -5.002730692   10.848029964
   -1.427996661    2.443460953 -113.670889803    1.894174667   14.614076474
   -1.237597106    2.443460953 -112.077508720   15.679385971   17.603045234
   -1.047197551    2.443460953 -107.490164771   32.504616565   19.512967985
   -0.856797996    2.443460953  -99.806307894   47.360021929   20.337702872
   -0.666398442    2.443460953  -89.829583343   55.976251573   20.288000226
   -0.475998887    2.443460953  -78.996974982   56.202735522   19.600315071
   -0.285599332    2.443460953  -68.939920241   48.010289836   18.353748751
   -0.095199777    2.443460953  -61.122717354   33.088093922   16.397323476
    0.095199777    2.443460953  -56.563490190   14.368994139   13.435969853
    0.285599332    2.443460953  -55.626289450   -4.228099892    9.226464428
    0.475998887    2.443460953  -57.861505331  -18.217218712    3.825161003
    0.666398442    2.443460953  -61.989673820  -23.551137363   -2.261961063
    0.856797996    2.443460953  -66.128620481  -18.327000011   -8.129766044
    1.047197551    2.443460953  -68.359700920   -4.045773170  -12.775418963
    1.237597106    2.443460953  -67.397035438   14.150422932  -15.499924435
    1.427996661    2.443460953  -63.148965762   29.313337312  -16.214676384
    1.618396215    2.443460953  -56.812707989   35.297778614  -15.443921101
    1.808795770    2.443460953  -50.480276241   29.089323178  -14.052155029
    1.999195325    2.443460953  -46.445920997   11.664937146  -12.858092802
    2.189594880    2.443460953  -46.481345679  -12.753993786  -12.347409897
    2.379994435    2.443460953  -51.364766790  -38.206858862  -12.563194428
    2.570393989    2.443460953  -60.712655382  -58.720934053  -13.184635430
    2.760793544    2.443460953  -73.116884094  -69.725415769  -13.711473385
    2.951193099    2.443460953  -86.511311545  -69.028665529  -13.677903916

   -3.141592654    2.792526803 -101.841268227  -55.955132728    0.906496588
   -2.951193099    2.792526803 -110.669281096  -36.146202933    2.983096341
   -2.760793544    2.792526803 -115.491695560  -14.850067824    4.924638449
   -2.570393989    2.792526803 -116.586390610    2.191731161    6.663505698
   -2.379994435    2.792526803 -115.160008032   11.282086822    8.358455791
   -2.189594880    2.792526803 -112.818874021   12.065577344   10.358611317
   -1.999195325    2.792526803 -110.904253414    7.545221888   13.015702437
   -1.808795770    2.792526803 -109.963804580    2.703277409   16.442028650
   -1.618396215    2.792526803 -109.584641147    2.285188731   20.354262577
   -1.427996661    2.792526803 -108.645349232    8.712550065   24.120177757
   -1.237597106    2.792526803 -105.870155647   21.140737357   26.995474881
   -1.047197551    2.792526803 -100.423770560   36.001286728   28.415222344
   -0.856797996    2.792526803  -92.280649372   48.676669707   28.178755790
   -0.666398442    2.792526803  -82.257459653   55.159275558   26.428810109
   -0.475998887    2.792526803  -71.777438530   53.313660991   23.487917955
   -0.285599332    2.792526803  -62.473343017   42.963370240   19.644863774
   -0.095199777    2.792526803  -55.837572131   25.700640535   15.047569989
    0.095199777    2.792526803  -52.912526176    4.616468385    9.732617406
    0.285599332    2.792526803  -54.024475433  -15.865242166    3.782154676
    0.475998887    2.792526803  -58.566065852  -30.547476093   -2.490965472
    0.666398442    2.792526803  -64.969482494  -34.788356501   -8.460476631
    0.856797996    2.792526803  -70.994176292  -26.608290449  -13.302112204
    1.047197551    2.792526803  -74.416433096   -8.145461233  -16.286177073
    1.237597106    2.792526803  -73.822631228   14.290252061  -17.108673553
    1.427996661    2.792526803  -69.226324015   32.577480934  -16.041551030
    1.618396215    2.792526803  -62.110042225   39.925626207  -13.800986897
    1.808795770    2.792526803  -54.904900701   33.402647939  -11.215553577
    1.999195325    2.792526803  -50.170238856   14.608857311   -8.893015195
    2.189594880    2.792526803  -49.802898515  -11.441122561   -7.068145574
    2.379994435    2.792526803  -54.566377566  -38.154489812   -5.637520916
    2.570393989    2.792526803  -63.969234031  -59.219083114   -4.325821267
    2.760793544    2.792526803  -76.460019854  -70.022478573   -2.861003921
    2.951193099    2.792526803  -89.843662571  -68.559097280   -1.103462023
