#! FIELDS phi psi file.free der_phi der_psi
#! SET min_phi -pi
#! SET max_phi pi
#! SET nbins_phi  33
#! SET periodic_phi true
#! SET min_psi -pi
#! SET max_psi pi
#! SET nbins_psi  18
#! SET periodic_psi true
   -3.141592654   -3.141592654  -95.635321357  -53.339247672   16.409873225
   -2.951193099   -3.141592654 -104.054123031  -34.480938788   18.933964592
   -2.760793544   -3.141592654 -108.639672003  -13.979764664   20.550524345
   -2.570393989   -3.141592654 -109.607488570    2.768406079   21.369228224
   -2.379994435   -3.141592654 -108.037842459   12.359502311   21.816257027
   -2.189594880   -3.141592654 -105.373822820   14.508629841   22.497507816
   -1.999195325   -3.141592654 -102.814374965   11.926053279   23.935545656
   -1.808795770   -3.141592654 -100.854374648    8.960179614   26.297455603
   -1.618396215   -3.141592654  -99.165068790    9.603226060   29.246854384
   -1.427996661   -3.141592654  -96.839722827   15.698448910   32.025556882
   -1.237597106   -3.141592654  -92.890575054   26.250885352   33.736891098
   -1.047197551   -3.141592654  -86.754120361   37.991431442   33.690479541
   -0.856797996   -3.141592654  -78.585455458   46.913950557   31.636222192
   -0.666398442   -3.141592654  -69.257978703   49.678393921   27.777326473
   -0.475998887   -3.141592654  -60.136970520   44.642413657   22.615221873
   -0.285599332   -3.141592654  -52.726332000   31.897809357   16.696301703
   -0.095199777   -3.141592654  -48.355994243   13.127991637   10.452387528
    0.095199777   -3.141592654  -47.893880835   -8.509125354    4.159190810
    0.285599332   -3.141592654  -51.472744611  -28.452845422   -1.950557326
    0.475998887   -3.141592654  -58.262073484  -41.345438770   -7.542475734
    0.666398442   -3.141592654  -66.450849097  -42.546995051  -12.111204746
    0.856797996   -3.141592654  -73.589822466  -30.441022953  -15.092769701
    1.047197551   -3.141592654  -77.353497614   -7.938859577  -16.100681583
    1.237597106   -3.141592654  -76.392099947   17.770933504  -15.166102828
    1.427996661   -3.141592654  -70.928806004   37.973762815  -12.766089680
    1.618396215   -3.141592654  -62.715268259   45.871153367   -9.615528351
    1.808795770   -3.141592654  -54.402561278   39.015631804   -6.343768928
    1.999195325   -3.141592654  -48.656132902   19.634795856   -3.253103324
    2.189594880   -3.141592654  -47.376687281   -6.836171822   -0.304351038
    2.379994435   -3.141592654  -51.284339021  -33.737608846    2.726504730
    2.570393989   -3.141592654  -59.857323463  -54.928727475    6.023512337
    2.760793544   -3.141592654  -71.553220015  -66.012419632    9.580802946
    2.951193099   -3.141592654  -84.220897160  -65.109425456   13.167446799

   -3.141592654   -2.792526803  -88.111229305  -48.503363659   24.466618780
   -2.951193099   -2.792526803  -95.812898102  -31.831438892   26.864528699
   -2.760793544   -2.792526803 -100.097707303  -13.400508123   27.976068484
   -2.570393989   -2.792526803 -101.095717821    2.046861630   28.086822183
   -2.379994435   -2.792526803  -99.692152080   11.561026210   27.781967998
   -2.189594880   -2.792526803  -97.084721675   14.896398622   27.739152543
   -1.999195325   -2.792526803  -94.269559554   14.291484583   28.450407483
   -1.808795770   -2.792526803  -91.670720947   13.206276612   29.991750653
   -1.618396215   -2.792526803  -89.072527829   14.657385746   31.936954527
   -1.427996661   -2.792526803  -85.843198829   19.831380716   33.486445408
   -1.237597106   -2.792526803  -81.339459334   27.691168191   33.764048519
   -1.047197551   -2.792526803  -75.287243468   35.559942002   32.151342925
   -0.856797996   -2.792526803  -67.977371248   40.380294137   28.500158441
   -0.666398442   -2.792526803  -60.237035883   39.730927400   23.137403574
   -0.475998887   -2.792526803  -53.240508270   32.507477330   16.706539940
   -0.285599332   -2.792526803  -48.242696443   18.909710714    9.901403668
   -0.095199777   -2.792526803  -46.335386257    0.413867565    3.291490129
    0.095199777   -2.792526803  -48.197919331  -20.078634055   -2.751199856
    0.285599332   -2.792526803  -53.813295466  -38.153840166   -7.967922063
    0.475998887   -2.792526803  -62.217108057  -48.481769948  -12.105921187
    0.666398442   -2.792526803  -71.470987376  -46.508399957  -14.864111654
    0.856797996   -2.792526803  -79.036387803  -30.932411120  -15.983504909
    1.047197551   -2.792526803  -82.583281951   -5.256525264  -15.396306301
    1.237597106   -2.792526803  -80.877792803   22.731872884  -13.358042521
    1.427996661   -2.792526803  -74.348920610   44.020428123  -10.382137749
    1.618396215   -2.792526803  -64.963441450   52.017124559   -7.026209748
    1.808795770   -2.792526803  -55.509790005   44.846738085   -3.644360260
    1.999195325   -2.792526803  -48.671779626   25.338492220   -0.267911629
    2.189594880   -2.792526803  -46.280533000   -0.779656312    3.306874795
    2.379994435   -2.792526803  -48.970545176  -26.982269761    7.308066054
    2.570393989   -2.792526803  -56.193090056  -47.564129153   11.772237997
    2.760793544   -2.792526803  -66.470171696  -58.615934020   16.450376654
    2.951193099   -2.792526803  -77.794452318  -58.564305103   20.861410966

   -3.141592654   -2.443460953  -79.728611550  -43.328043332   22.471693682
   -2.951193099   -2.443460953  -86.657313817  -28.906485428   24.277689485
   -2.760793544   -2.443460953  -90.584148319  -12.480794500   24.950422260
   -2.570393989   -2.443460953  -91.537614882    1.763061715   24.810843272
   -2.379994435   -2.443460953  -90.217128515   11.160564837   24.346531267
   -2.189594880   -2.443460953  -87.617102322   15.344438176   24.033814685
   -1.999195325   -2.443460953  -84.596196369   16.011097784   24.152493016
   -1.808795770   -2.443460953  -81.573700198   15.802833518   24.659920426
   -1.618396215   -2.443460953  -78.485827060   16.964977378   25.165036271
   -1.427996661   -2.443460953  -74.967767897   20.300723547   25.048698432
   -1.237597106   -2.443460953  -70.662539399   24.971583897   23.697615137
   -1.047197551   -2.443460953  -65.490515498   29.024741856   20.761409482
   -0.856797996   -2.443460953  -59.770683620   30.357765188   16.298468164
   -0.666398442   -2.443460953  -54.184500020   27.386047034   10.751660563
   -0.475998887   -2.443460953  -49.637681780   19.395857958    4.787133383
   -0.285599332   -2.443460953  -47.090615260    6.508098464   -0.954800302
   -0.095199777   -2.443460953  -47.390524578  -10.232825105   -6.015362075
    0.095199777   -2.443460953  -51.066834071  -28.420284893  -10.173259302
    0.285599332   -2.443460953  -58.034909710  -43.999414143  -13.354863068
    0.475998887   -2.443460953  -67.311138636  -51.786229891  -15.522444893
    0.666398442   -2.443460953  -76.953313408  -47.284073193  -16.600713150
    0.856797996   -2.443460953  -84.436034086  -29.307560408  -16.518975786
    1.047197551   -2.443460953  -87.476182447   -1.638564787  -15.293698827
    1.237597106   -2.443460953  -84.945368982   27.667042333  -13.123576733
    1.427996661   -2.443460953  -77.413575511   49.510587024  -10.341415525
    1.618396215   -2.443460953  -66.974324391   57.546304553   -7.282901904
    1.808795770   -2.443460953  -56.472860210   50.352863370   -4.127252665
    1.999195325   -2.443460953  -48.562244261   31.172285867   -0.836427692
    2.189594880   -2.443460953  -44.991297272    5.835692929    2.759629641
    2.379994435   -2.443460953  -46.327886675  -19.395438359    6.787308970
    2.570393989   -2.443460953  -52.032619699  -39.311605003   11.164500963
    2.760793544   -2.443460953  -60.732054576  -50.464465293   15.558341007
    2.951193099   -2.443460953  -70.590469463  -51.488860570   19.479292078

   -3.141592654   -2.094395102  -73.382392948  -39.496763642   14.118778129
   -2.951193099   -2.094395102  -79.741764334  -26.751059431   15.191740252
   -2.760793544   -2.094395102  -83.401658075  -11.780755461   15.642257664
   -2.570393989   -2.094395102  -84.325493160    1.458496481   15.686643507
   -2.379994435   -2.094395102  -83.119259400   10.345900885   15.520329123
   -2.189594880   -2.094395102  -80.692166292   14.382674590   15.243920040
   -1.999195325   -2.094395102  -77.859040465   14.982703515   14.834654471
   -1.808795770   -2.094395102  -75.059499508   14.410476981   14.154077416
   -1.618396215   -2.094395102  -72.319064507   14.591382175   12.976473169
   -1.427996661   -2.094395102  -69.403473547   16.241804916   11.060203221
   -1.237597106   -2.094395102  -66.072018808   18.777361232    8.253196209
   -1.047197551   -2.094395102  -62.281881477   20.785308381    4.603480296
   -0.856797996   -2.094395102  -58.274977078   20.775639127    0.386162370
   -0.666398442   -2.094395102  -54.553085826   17.604475713   -3.960401007
   -0.475998887   -2.094395102  -51.792877097   10.596465534   -7.965937353
   -0.285599332   -2.094395102  -50.757207605   -0.457953731  -11.289579152
   -0.095199777   -2.094395102  -52.180534732  -15.054882764  -13.792146429
    0.095199777   -2.094395102  -56.581363176  -31.254310645  -15.531491613
    0.285599332   -2.094395102  -63.930240563  -45.224067019  -16.656396271
    0.475998887   -2.094395102  -73.314265946  -51.724675953  -17.293009720
    0.666398442   -2.094395102  -82.835275034  -46.080060843  -17.463754346
    0.856797996   -2.094395102  -89.982358635  -26.975188895  -17.101845847
    1.047197551   -2.094395102  -92.476225628    1.748809973  -16.104824296
    1.237597106   -2.094395102  -89.217027361   31.882771946  -14.451748426
    1.427996661   -2.094395102  -80.830539539   54.212554962  -12.224907542
    1.618396215   -2.094395102  -69.472090715   62.464162738   -9.585706489
    1.808795770   -2.094395102  -58.018683915   55.439143811   -6.681919934
    1.999195325   -2.094395102  -49.108904775   36.613462798   -3.587749827
    2.189594880   -2.094395102  -44.448687539   11.855453879   -0.315315164
    2.379994435   -2.094395102  -44.579476116  -12.783784136    3.101613196
    2.570393989   -2.094395102  -48.992806231  -32.453007153    6.518612018
    2.760793544   -2.094395102  -56.410940381  -43.992802804    9.673725275
    2.951193099   -2.094395102  -65.129208542  -46.094714364   12.271700709

   -3.141592654   -1.745329252  -70.498575820  -37.830153273    5.458288841
   -2.951193099   -1.745329252  -76.630325518  -25.982282551    5.559904078
   -2.760793544   -1.745329252  -80.204226211  -11.607310906    5.482334526
   -2.570393989   -1.745329252  -81.131973766    1.262176082    5.353833344
   -2.379994435   -1.745329252  -79.996596900    9.780297534    5.124510258
   -2.189594880   -1.745329252  -77.729733936   13.207220328    4.583095120
   -1.999195325   -1.745329252  -75.209280531   12.798952905    3.471381284
   -1.808795770   -1.745329252  -72.955898837   10.794569088    1.620099480
   -1.618396215   -1.745329252  -71.064272086    9.271060851   -0.971759129
   -1.427996661   -1.745329252  -69.322074821    9.284232386   -4.130356729
   -1.237597106   -1.745329252  -67.433752536   10.712342783   -7.560572314
   -1.047197551   -1.745329252  -65.212824443   12.558954037  -10.906784820
   -0.856797996   -1.745329252  -62.698602199   13.512798575  -13.829871535
   -0.666398442   -1.745329252  -60.188163050   12.277345192  -16.062236342
   -0.475998887   -1.745329252  -58.213764233    7.704641723  -17.449882444
   -0.285599332   -1.745329252  -57.500026949   -1.003265748  -17.997191613
   -0.095199777   -1.745329252  -58.848357416  -13.848021756  -17.861609439
    0.095199777   -1.745329252  -62.919135791  -29.134986160  -17.325591167
    0.285599332   -1.745329252  -69.843006772  -42.988267031  -16.698088215
    0.475998887   -1.745329252  -78.834290045  -49.880340286  -16.208747039
    0.666398442   -1.745329252  -88.052704299  -44.732016733  -15.916105987
    0.856797996   -1.745329252  -94.971390421  -25.846290688  -15.691968421
    1.047197551   -1.745329252  -97.235261179    3.111324189  -15.267884399
    1.237597106   -1.745329252  -93.659123023   33.898656350  -14.379231837
    1.427996661   -1.745329252  -84.807787952   57.077529567  -12.872324415
    1.618396215   -1.745329252  -72.823988726   66.133947477  -10.772013287
    1.808795770   -1.745329252  -60.609002446   59.721958937   -8.239327884
    1.999195325   -1.745329252  -50.840652551   41.305878293   -5.490660299
    2.189594880   -1.745329252  -45.262089809   16.770014872   -2.726865709
    2.379994435   -1.745329252  -44.453270734   -7.882554714   -0.128486262
    2.570393989   -1.745329252  -47.960375942  -27.905421516    2.121519295
    2.760793544   -1.745329252  -54.576948581  -40.188631591    3.848199725
    2.951193099   -1.745329252  -62.666834853  -43.329760706    4.947032400

   -3.141592654   -1.396263402  -71.829766326  -39.196823262    3.332824316
   -2.951193099   -1.396263402  -78.206451823  -27.094263603    2.749188341
   -2.760793544   -1.396263402  -81.930237087  -12.050567084    2.064032780
   -2.570393989   -1.396263402  -82.881040552    1.392153746    1.367385149
   -2.379994435   -1.396263402  -81.714046232    9.840156322    0.527159150
   -2.189594880   -1.396263402  -79.516064819   12.265726390   -0.768818829
   -1.999195325   -1.396263402  -77.336195107   10.063107389   -2.844831003
   -1.808795770   -1.396263402  -75.802049150    5.983794496   -5.839021600
   -1.618396215   -1.396263402  -74.997550578    2.784961215   -9.582195132
   -1.427996661   -1.396263402  -74.574967998    2.106774821  -13.612993813
   -1.237597106   -1.396263402  -74.019069231    4.114785186  -17.323870077
   -1.047197551   -1.396263402  -72.903830269    7.716935106  -20.146340658
   -0.856797996   -1.396263402  -71.079548952   11.188087448  -21.720451993
   -0.666398442   -1.396263402  -68.750815582   12.674264703  -21.960539330
   -0.475998887   -1.396263402  -66.465400201   10.466123076  -21.032083215
   -0.285599332   -1.396263402  -65.060535493    3.338288783  -19.281799576
   -0.095199777   -1.396263402  -65.513162812   -8.963589588  -17.135712848
    0.095199777   -1.396263402  -68.687776513  -24.772212490  -15.025077635
    0.285599332   -1.396263402  -74.902070828  -40.008819832  -13.285473959
    0.475998887   -1.396263402  -83.496118722  -48.709795503  -12.089056882
    0.666398442   -1.396263402  -92.654925763  -45.199344882  -11.402179412
    0.856797996   -1.396263402  -99.761890120  -27.196938085  -11.012683395
    1.047197551   -1.396263402 -102.280859384    1.956518679  -10.602729122
    1.237597106   -1.396263402  -98.823128591   33.933291039   -9.887105471
    1.427996661   -1.396263402  -89.805266018   58.809575687   -8.702959250
    1.618396215   -1.396263402  -77.334199676   69.439537568   -7.057898652
    1.808795770   -1.396263402  -64.386307465   63.973031324   -5.087205426
    1.999195325   -1.396263402  -53.782091199   45.692352506   -2.979511285
    2.189594880   -1.396263402  -47.413912582   20.568207306   -0.917221554
    2.379994435   -1.396263402  -45.979334739   -5.174699164    0.928295393
    2.570393989   -1.396263402  -49.096464308  -26.540030109    2.383740861
    2.760793544   -1.396263402  -55.581777006  -40.144660448    3.292825575
    2.951193099   -1.396263402  -63.766519247  -44.285877318    3.583729604

   -3.141592654   -1.047197551  -74.157378233  -42.244807984    4.323888024
   -2.951193099   -1.047197551  -81.084748978  -29.735950655    2.759239864
   -2.760793544   -1.047197551  -85.237422075  -13.901676192    1.037539328
   -2.570393989   -1.047197551  -86.474903729    0.145867905   -0.675844082
   -2.379994435   -1.047197551  -85.544101490    8.447694047   -2.451813409
   -2.189594880   -1.047197551  -83.702871677    9.759509781   -4.579754996
   -1.999195325   -1.047197551  -82.163298902    5.785759262   -7.387733183
   -1.808795770   -1.047197551  -81.611891916    0.026061977  -10.992719257
   -1.618396215   -1.047197551  -82.032881839   -3.910987430  -15.125059389
   -1.427996661   -1.047197551  -82.839581909   -3.846175976  -19.148118444
   -1.237597106   -1.047197551  -83.227743381    0.365536870  -22.276558796
   -1.047197551   -1.047197551  -82.539687542    7.062346007  -23.874659861
   -0.856797996   -1.047197551  -80.533878379   13.689024375  -23.694278926
   -0.666398442   -1.047197551  -77.477595543   17.646568960  -21.928549225
   -0.475998887   -1.047197551  -74.097031160   16.780896733  -19.095963961
   -0.285599332   -1.047197551  -71.459973783    9.769829509  -15.840633089
   -0.095199777   -1.047197551  -70.764422362   -3.495911002  -12.724839560
    0.095199777   -1.047197551  -73.051479847  -21.007011491  -10.112513287
    0.285599332   -1.047197551  -78.737945268  -38.235166074   -8.112628893
    0.475998887   -1.047197551  -87.170337075  -48.707016097   -6.626281995
    0.666398442   -1.047197551  -96.445017119  -46.284503575   -5.444201191
    0.856797996   -1.047197551 -103.786167557  -28.417268401   -4.366599213
    1.047197551   -1.047197551 -106.474532682    1.510228446   -3.271591136
    1.237597106   -1.047197551 -102.977905187   34.829496332   -2.131034411
    1.427996661   -1.047197551  -93.652180096   61.101868744   -0.958694496
    1.618396215   -1.047197551  -80.640804115   72.715852978    0.230986571
    1.808795770   -1.047197551  -67.027772685   67.555794853    1.441994370
    1.999195325   -1.047197551  -55.767420679   48.890670406    2.675782527
    2.189594880   -1.047197551  -48.871582517   22.832856712    3.893162324
    2.379994435   -1.047197551  -47.124574313   -4.200395876    4.976161865
    2.570393989   -1.047197551  -50.193138090  -27.009557322    5.729085694
    2.760793544   -1.047197551  -56.900230551  -41.959195386    5.933317223
    2.951193099   -1.047197551  -65.529608285  -47.046896303    5.453287234

   -3.141592654   -0.698131701  -74.164284535  -46.288138926    3.932658243
   -2.951193099   -0.698131701  -81.894083844  -34.025168438    1.261653237
   -2.760793544   -0.698131701  -86.848222032  -17.980714976   -1.588710761
   -2.570393989   -0.698131701  -88.833198797   -3.655889411   -4.355185578
   -2.379994435   -0.698131701  -88.628500006    4.528723205   -7.013246170
   -2.189594880   -0.698131701  -87.594344953    5.105698892   -9.781628298
   -1.999195325   -0.698131701  -87.045086085    0.020331936  -12.932728278
   -1.808795770   -0.698131701  -87.680490989   -6.557705729  -16.511214824
   -1.618396215   -0.698131701  -89.353825305  -10.247889425  -20.141401783
   -1.427996661   -0.698131701  -91.225612732   -8.435574156  -23.085501392
   -1.237597106   -0.698131701  -92.212676288   -1.158906646  -24.541397632
   -1.047197551   -0.698131701  -91.471015481    9.163110936  -24.017014189
   -0.856797996   -0.698131701  -88.746886421   18.983810261  -21.570279731
   -0.666398442   -0.698131701  -84.471938214   24.899406356  -17.781121181
   -0.475998887   -0.698131701  -79.648778865   24.410386718  -13.507264964
   -0.285599332   -0.698131701  -75.638822917   16.360399953   -9.552304335
   -0.095199777   -0.698131701  -73.862487747    1.169827980   -6.392257924
    0.095199777   -0.698131701  -75.463353632  -18.435425991   -4.074757722
    0.285599332   -0.698131701  -80.825146226  -37.272204639   -2.279962548
    0.475998887   -0.698131701  -89.157959158  -48.463893801   -0.549482235
    0.666398442   -0.698131701  -98.379600803  -45.847981773    1.440524543
    0.856797996   -0.698131701 -105.566517229  -27.188271898    3.688260551
    1.047197551   -0.698131701 -107.930311652    3.653988112    5.881009810
    1.237597106   -0.698131701 -103.956489790   37.619453942    7.599408964
    1.427996661   -0.698131701  -94.071728514   64.102409947    8.584336177
    1.618396215   -0.698131701  -80.500055976   75.543414582    8.873898277
    1.808795770   -0.698131701  -66.384934048   69.972136790    8.746649731
    1.999195325   -0.698131701  -54.714238665   50.766518426    8.533933563
    2.189594880   -0.698131701  -47.522125246   24.043921427    8.429094212
    2.379994435   -0.698131701  -45.623109216   -3.851318086    8.393709704
    2.570393989   -0.698131701  -48.727394795  -27.771320599    8.188707584
    2.760793544   -0.698131701  -55.700135237  -43.996223610    7.496026421
    2.951193099   -0.698131701  -64.835070496  -50.281747309    6.084329304

   -3.141592654   -0.349065850  -73.072564856  -51.612429071    3.027463447
   -2.951193099   -0.349065850  -81.887143483  -39.961998271   -0.097762618
   -2.760793544   -0.349065850  -87.974725711  -23.838088846   -3.341378557
   -2.570393989   -0.349065850  -91.031857830   -9.028828458   -6.445861534
   -2.379994435   -0.349065850  -91.806675692   -0.435193093   -9.347790346
   -2.189594880   -0.349065850  -91.710160108    0.153204927  -12.175654087
   -1.999195325   -0.349065850  -92.127422506   -5.182628574  -15.075814147
   -1.808795770   -0.349065850  -93.756647166  -11.672678699  -17.967661771
   -1.618396215   -0.349065850  -96.318003037  -14.239327472  -20.402451263
   -1.427996661   -0.349065850  -98.736554571   -9.964740567  -21.678559526
   -1.237597106   -0.349065850  -99.698704673    0.730982401  -21.171070881
   -1.047197551   -0.349065850  -98.261440738   14.488569878  -18.694495060
   -0.856797996   -0.349065850  -94.272304151   26.697592497  -14.663413821
   -0.666398442   -0.349065850  -88.436651190   33.263493859   -9.951390817
   -0.475998887   -0.349065850  -82.101772671   31.660555207   -5.543143143
   -0.285599332   -0.349065850  -76.915513443   21.345614628   -2.138340508
   -0.095199777   -0.349065850  -74.426681572    3.719954777    0.098051357
    0.095199777   -0.349065850  -75.715618684  -17.510890915    1.553962161
    0.285599332   -0.349065850  -80.948222674  -36.596566423    2.951826913
    0.475998887   -0.349065850  -89.069067643  -46.747023767    4.964746088
    0.666398442   -0.349065850  -97.810564333  -42.521971865    7.841735944
    0.856797996   -0.349065850 -104.235285279  -22.668112479   11.236971178
    1.047197551   -0.349065850 -105.709742351    8.243497249   14.367428483
    1.237597106   -0.349065850 -100.950289572   41.112164964   16.426934920
    1.427996661   -0.349065850  -90.558582648   65.898852695   17.008210467
    1.618396215   -0.349065850  -76.798497531   75.810314306   16.265933085
    1.808795770   -0.349065850  -62.727449490   69.373490321   14.755453247
    1.999195325   -0.349065850  -51.198259089   49.969685929   13.092781373
    2.189594880   -0.349065850  -44.149941461   23.338458352   11.655910670
    2.379994435   -0.349065850  -42.389639850   -4.668264537   10.473902974
    2.570393989   -0.349065850  -45.701629564  -29.234852934    9.303375776
    2.760793544   -0.349065850  -53.059677080  -46.655320646    7.803957563
    2.951193099   -0.349065850  -62.837663608  -54.386427538    5.725541491

   -3.141592654    0.000000000  -72.161506601  -57.077920390    1.383965428
   -2.951193099    0.000000000  -82.069640720  -45.874359858   -1.512711566
   -2.760793544    0.000000000  -89.285048733  -29.680348434   -4.406127924
   -2.570393989    0.000000000  -93.420327751  -14.478647446   -7.118009753
   -2.379994435    0.000000000  -95.192499887   -5.479753716   -9.610325660
   -2.189594880    0.000000000  -96.029588349   -4.620316891  -11.959033777
   -1.999195325    0.000000000  -97.326848148   -9.595456417  -14.198498747
   -1.808795770    0.000000000  -99.717252210  -15.100008316  -16.139177566
   -1.618396215    0.000000000 -102.753373139  -15.596861082  -17.307890619
   -1.427996661    0.000000000 -105.148149392   -8.216126155  -17.120279141
   -1.237597106    0.000000000 -105.448545445    5.901685608  -15.207718541
   -1.047197551    0.000000000 -102.753702722   22.301906769  -11.705764541
   -0.856797996    0.000000000  -97.156018486   35.448987255   -7.289094161
   -0.666398442    0.000000000  -89.723456133   40.975133883   -2.914122363
   -0.475998887    0.000000000  -82.141216316   36.887406553    0.577313680
   -0.285599332    0.000000000  -76.233744864   23.731586792    2.822888685
   -0.095199777    0.000000000  -73.501783641    4.108045774    4.068828833
    0.095199777    0.000000000  -74.777236421  -17.446656122    5.052790607
    0.285599332    0.000000000  -79.883642446  -35.078074176    6.654737042
    0.475998887    0.000000000  -87.482760066  -42.712800473    9.458936167
    0.666398442    0.000000000  -95.221976880  -36.193063684   13.409639551
    0.856797996    0.000000000 -100.330480937  -15.508487164   17.757175808
    1.047197551    0.000000000 -100.521216291   14.226556468   21.363344002
    1.237597106    0.000000000  -94.866091419   44.356440082   23.243509552
    1.427996661    0.000000000  -84.161747647   65.980875028   23.024803404
    1.618396215    0.000000000  -70.636915727   73.456290795   21.058992073
    1.808795770    0.000000000  -57.143938938   65.884955780   18.153574324
    1.999195325    0.000000000  -46.293373336   46.478642634   15.133287838
    2.189594880    0.000000000  -39.864120707   20.353151998   12.498230582
    2.379994435    0.000000000  -38.632297337   -7.300587935   10.326539652
    2.570393989    0.000000000  -42.453639156  -32.054338926    8.394708568
    2.760793544    0.000000000  -50.411842137  -50.218184640    6.383903165
    2.951193099    0.000000000  -60.963600970  -58.966652026    4.062914031

   -3.141592654    0.349065850  -70.559842981  -60.626719443    0.814849172
   -2.951193099    0.349065850  -81.192656147  -49.894289003   -0.880676537
   -2.760793544    0.349065850  -89.207888263  -34.012649862   -2.494805856
   -2.570393989    0.349065850  -94.184713809  -18.952098931   -4.049700793
   -2.379994435    0.349065850  -96.810610253   -9.946341427   -5.596216758
   -2.189594880    0.349065850  -98.482334409   -8.866537136   -7.163549336
   -1.999195325    0.349065850 -100.534835915  -13.177919056   -8.667988286
   -1.808795770    0.349065850 -103.486825398  -17.268190593   -9.848416013
   -1.618396215    0.349065850 -106.732270141  -15.493717555  -10.299057054
   -1.427996661    0.349065850 -108.845294319   -5.321266400   -9.642127761
   -1.237597106    0.349065850 -108.342135290   11.325900063   -7.759380778
   -1.047197551    0.349065850 -104.457622848   29.116981681   -4.939410446
   -0.856797996    0.349065850  -97.559528775   42.011969995   -1.807066306
   -0.666398442    0.349065850  -89.023494774   45.808899600    0.947432842
   -0.475998887    0.349065850  -80.746039109   39.341280433    2.883512966
   -0.285599332    0.349065850  -74.569098528   24.271983410    4.043220629
   -0.095199777    0.349065850  -71.808104256    4.160200873    4.937591448
    0.095199777    0.349065850  -72.975781263  -16.075960731    6.346142609
    0.285599332    0.349065850  -77.576779270  -30.983312561    8.947264114
    0.475998887    0.349065850  -84.101741139  -35.601378709   12.954585325
    0.666398442    0.349065850  -90.277753686  -27.194136612   17.905872361
    0.856797996    0.349065850  -93.662816421   -6.833970115   22.753204015
    1.047197551    0.349065850  -92.424305872   20.207104709   26.253788006
    1.237597106    0.349065850  -86.015837570   46.159128040   27.509505598
    1.427996661    0.349065850  -75.379432644   63.598110839   26.337937792
    1.618396215    0.349065850  -62.612704288   68.170326599   23.286068822
    1.808795770    0.349065850  -50.257951947   59.520026220   19.296552976
    1.999195325    0.349065850  -40.596000671   40.557076575   15.264502161
    2.189594880    0.349065850  -35.185547915   15.628104645   11.736315057
    2.379994435    0.349065850  -34.736010255  -10.844621300    8.854655981
    2.570393989    0.349065850  -39.156112726  -34.898001481    6.497477176
    2.760793544    0.349065850  -47.635970114  -52.946853334    4.463002142
    2.951193099    0.349065850  -58.732768573  -62.014127388    2.593605130

   -3.141592654    0.698131701  -69.001575940  -62.053754710   -0.064281839
   -2.951193099    0.698131701  -79.920988566  -51.481704058   -0.227405297
   -2.760793544    0.698131701  -88.265260161  -35.869832529   -0.246749472
   -2.570393989    0.698131701  -93.621908250  -21.064599698   -0.342799053
   -2.379994435    0.698131701  -96.665557107  -12.191121102   -0.661185884
   -2.189594880    0.698131701  -98.761464765  -11.027980598   -1.220236238
   -1.999195325    0.698131701 -101.193814758  -14.941838778   -1.902218368
   -1.808795770    0.698131701 -104.412647310  -18.236360521   -2.494483395
   -1.618396215    0.698131701 -107.737608045  -15.313571326   -2.765934587
   -1.427996661    0.698131701 -109.696260071   -3.891898394   -2.564868517
   -1.237597106    0.698131701 -108.823558284   13.682255658   -1.893212202
   -1.047197551    0.698131701 -104.454748287   31.703984971   -0.916631916
   -0.856797996    0.698131701  -97.105909280   44.043089284    0.128209608
   -0.666398442    0.698131701  -88.278021621   46.814216246    1.083254853
   -0.475998887    0.698131701  -79.898163121   39.512599075    1.990393733
   -0.285599332    0.698131701  -73.700635896   24.510765563    3.149639031
   -0.095199777    0.698131701  -70.781148232    5.823657403    5.015125265
    0.095199777    0.698131701  -71.393434929  -11.740279200    8.020048863
    0.285599332    0.698131701  -74.865254782  -23.465292987   12.314465458
    0.475998887    0.698131701  -79.699708236  -25.590229106   17.574600382
    0.666398442    0.698131701  -83.874718266  -16.583450575   22.967827275
    0.856797996    0.698131701  -85.380942298    1.860413454   27.362540519
    1.047197551    0.698131701  -82.847909712   24.832468401   29.714471480
    1.237597106    0.698131701  -76.031534572   45.798073266   29.492028570
    1.427996661    0.698131701  -65.900839840   58.872579305   26.868040687
    1.618396215    0.698131701  -54.317931100   60.803700593   22.605217107
    1.808795770    0.698131701  -43.456536903   51.507600976   17.693929050
    1.999195325    0.698131701  -35.255607954   33.408976397   12.970809874
    2.189594880    0.698131701  -31.061139933   10.052960582    8.920769732
    2.379994435    0.698131701  -31.517071734  -14.819585577    5.694411871
    2.570393989    0.698131701  -36.567581134  -37.616669474    3.260695890
    2.760793544    0.698131701  -45.480873847  -54.855867562    1.544737391
    2.951193099    0.698131701  -56.897343813  -63.518639990    0.471408176

   -3.141592654    1.047197551  -70.238381867  -62.029984630   -5.306198052
   -2.951193099    1.047197551  -81.078286192  -50.719992230   -4.375073055
   -2.760793544    1.047197551  -89.244123417  -34.819898778   -3.070191859
   -2.570393989    1.047197551  -94.407285509  -20.132857110   -1.762663721
   -2.379994435    1.047197551  -97.304634377  -11.605183796   -0.709345234
   -2.189594880    1.047197551  -99.324712353  -10.801158154   -0.002095150
   -1.999195325    1.047197551 -101.738079892  -14.936851820    0.391202212
   -1.808795770    1.047197551 -104.962867151  -18.278718350    0.535525463
   -1.618396215    1.047197551 -108.291536287  -15.306410553    0.468346292
   -1.427996661    1.047197551 -110.245362249   -3.866824006    0.200306862
   -1.237597106    1.047197551 -109.374700587   13.604402902   -0.229060552
   -1.047197551    1.047197551 -105.036875144   31.442661386   -0.699236258
   -0.856797996    1.047197551  -97.748036809   43.712439484   -0.982001259
   -0.666398442    1.047197551  -88.960065533   46.815584244   -0.771011928
   -0.475998887    1.047197551  -80.495375145   40.541630933    0.252470687
   -0.285599332    1.047197551  -73.939484757   27.371220915    2.371496661
   -0.095199777    1.047197551  -70.247624149   11.149145208    5.742819601
    0.095199777    1.047197551  -69.598724317   -3.865947388   10.328069591
    0.285599332    1.047197551  -71.378933476  -13.767124268   15.774541014
    0.475998887    1.047197551  -74.310218506  -15.615416902   21.377416085
    0.666398442    1.047197551  -76.719186814   -8.349750097   26.162346067
    0.856797996    1.047197551  -76.974525943    6.507980339   29.148672099
    1.047197551    1.047197551  -73.984328340   24.925967437   29.670684394
    1.237597106    1.047197551  -67.573466050   41.587669304   27.651758365
    1.427996661    1.047197551  -58.556514513   51.661615924   23.604652009
    1.618396215    1.047197551  -48.494836269   52.322611438   18.406200684
    1.808795770    1.047197551  -39.245990028   43.244538339   12.946301454
    1.999195325    1.047197551  -32.524241151   26.215480553    7.857030014
    2.189594880    1.047197551  -29.574475951    4.173640484    3.455296984
    2.379994435    1.047197551  -31.028758372  -19.446918302   -0.152130181
    2.570393989    1.047197551  -36.847955486  -41.065798616   -2.903942395
    2.760793544    1.047197551  -46.305764199  -57.114101382   -4.708832819
    2.951193099    1.047197551  -58.037828247  -64.569893063   -5.492959131

   -3.141592654    1.396263402  -75.340602008  -60.915569572  -11.004422422
   -2.951193099    1.396263402  -85.770032184  -47.630375337   -9.540856128
   -2.760793544    1.396263402  -93.226316368  -30.604486960   -7.577324583
   -2.570393989    1.396263402  -97.554769941  -15.719539913   -5.529723247
   -2.379994435    1.396263402  -99.651297742   -7.699734210   -3.659635523
   -2.189594880    1.396263402 -101.009737534   -7.798896679   -2.040216512
   -1.999195325    1.396263402 -102.953101270  -13.023988826   -0.650547632
   -1.808795770    1.396263402 -105.926967442  -17.578257060    0.489820519
   -1.618396215    1.396263402 -109.245264948  -15.911147775    1.273137324
   -1.427996661    1.396263402 -111.433993099   -5.702096044    1.579338674
   -1.237597106    1.396263402 -110.997380391   10.972700901    1.421897797
   -1.047197551    1.396263402 -107.170129333   28.869680515    1.034532432
   -0.856797996    1.396263402 -100.276403992   42.319625856    0.845458385
   -0.666398442    1.396263402  -91.554622601   47.657629726    1.334855656
   -0.475998887    1.396263402  -82.658000387   44.311103336    2.866154852
   -0.285599332    1.396263402  -75.091312783   34.181371977    5.591495434
   -0.095199777    1.396263402  -69.848835448   20.493391948    9.394050465
    0.095199777    1.396263402  -67.264405302    6.883526432   13.897863725
    0.285599332    1.396263402  -66.989431955   -3.231480327   18.463953762
    0.475998887    1.396263402  -68.081208019   -7.135217391   22.278452272
    0.666398442    1.396263402  -69.203219862   -3.520750298   24.529117048
    0.856797996    1.396263402  -68.962249924    6.832556643   24.675201547
    1.047197551    1.396263402  -66.330558228   20.964141497   22.638452257
    1.237597106    1.396263402  -60.996755775   34.476167294   18.861824039
    1.427996661    1.396263402  -53.509156521   42.961443425   14.099661150
    1.618396215    1.396263402  -45.143888433   43.379464831    9.120487875
    1.808795770    1.396263402  -37.555422855   34.805586154    4.444492398
    1.999195325    1.396263402  -32.375922221   18.447198890    0.267781500
    2.189594880    1.396263402  -30.848152980   -3.006916696   -3.417321967
    2.379994435    1.396263402  -33.610294723  -25.961885572   -6.621886643
    2.570393989    1.396263402  -40.575222978  -46.480713232   -9.214670375
    2.760793544    1.396263402  -50.907750522  -60.763410345  -10.935776103
    2.951193099    1.396263402  -63.120685605  -65.892585088  -11.545422425

   -3.141592654    1.745329252  -81.816774034  -59.410858659  -17.176623067
   -2.951193099    1.745329252  -91.767905364  -44.234285803  -15.766865158
   -2.760793544    1.745329252  -98.463066932  -26.154985780  -13.569789359
   -2.570393989    1.745329252 -101.911559520  -11.047362503  -10.960804303
   -2.379994435    1.745329252 -103.143670019   -3.362567854   -8.199072201
   -2.189594880    1.745329252 -103.731495789   -4.073994219   -5.390279048
   -1.999195325    1.745329252 -105.037401092  -10.085044097   -2.586907697
   -1.808795770    1.745329252 -107.542189409  -15.632336843    0.074679546
   -1.618396215    1.745329252 -110.599614949  -15.143042004    2.335252800
   -1.427996661    1.745329252 -112.750707377   -6.039311240    3.925180424
   -1.237597106    1.745329252 -112.443368961   10.065629998    4.756283203
   -1.047197551    1.745329252 -108.767529750   28.356440561    5.040746670
   -0.856797996    1.745329252 -101.845443762   43.291509993    5.251600573
   -0.666398442    1.745329252  -92.729524247   50.907086354    5.923650520
   -0.475998887    1.745329252  -82.975477037   50.045204083    7.417798468
   -0.285599332    1.745329252  -74.112493202   41.926027106    9.786842762
   -0.095199777    1.745329252  -67.284163223   29.191634788   12.740425903
    0.095199777    1.745329252  -63.068047580   15.050168507   15.726410415
    0.285599332    1.745329252  -61.418294883    2.773540192   18.036836023
    0.475998887    1.745329252  -61.686117449   -4.672173792   18.993590056
    0.666398442    1.745329252  -62.736512802   -5.247172293   18.157716940
    0.856797996    1.745329252  -63.201201391    1.299201630   15.529449881
    1.047197551    1.745329252  -61.884440858   12.968357942   11.566092573
    1.237597106    1.745329252  -58.168916669   25.750555320    7.039107527
    1.427996661    1.745329252  -52.293374471   34.923464995    2.695479212
    1.618396215    1.745329252  -45.338084297   36.626006026   -1.021082621
    1.808795770    1.745329252  -38.925923300   29.112734251   -4.083396236
    1.999195325    1.745329252  -34.779705089   13.180603347   -6.765234617
    2.189594880    1.745329252  -34.256277404   -8.328546466   -9.383852334
    2.379994435    1.745329252  -38.037495113  -31.276523828  -12.053006414
    2.570393989    1.745329252  -45.966986019  -51.148797985  -14.573786669
    2.760793544    1.745329252  -57.056352050  -63.884419068  -16.521192084
    2.951193099    1.745329252  -69.658364653  -66.767368005  -17.460343758

   -3.141592654    2.094395102  -88.815754621  -58.448096082  -19.219487302
   -2.951193099    2.094395102  -98.395149664  -41.384702066  -17.952955288
   -2.760793544    2.094395102 -104.414311859  -22.017186516  -15.782305178
   -2.570393989    2.094395102 -107.000986075   -6.224017907  -13.011564070
   -2.379994435    2.094395102 -107.281357255    1.759175833   -9.854751204
   -2.189594880    2.094395102 -106.882376245    1.136340211   -6.387815698
   -1.999195325    2.094395102 -107.204647161   -5.014856106   -2.643458706
   -1.808795770    2.094395102 -108.786277074  -11.087000859    1.240299278
   -1.618396215    2.094395102 -111.063892618  -11.571964012    4.953209936
   -1.427996661    2.094395102 -112.648701755   -3.677162022    8.102931425
   -1.237597106    2.094395102 -111.990360114   11.461961902   10.408258394
   -1.047197551    2.094395102 -108.084926717   29.509409741   11.855036748
   -0.856797996    2.094395102 -100.893343982   45.102939952   12.707758094
   -0.666398442    2.094395102  -91.315606865   53.998474098   13.352725957
   -0.475998887    2.094395102  -80.843330181   54.438739314   14.078162841
   -0.285599332    2.094395102  -71.066830619   46.962074731   14.919548549
   -0.095199777    2.094395102  -63.308142493   33.706463901   15.611683003
    0.095199777    2.094395102  -58.389877830   17.683089143   15.677923102
    0.285599332    2.094395102  -56.512197349    2.379850034   14.589307078
    0.475998887    2.094395102  -57.190467059   -8.605381546   12.001622228
    0.666398442    2.094395102  -59.301692731  -12.290643131    7.963352043
    0.856797996    2.094395102  -61.303568765   -7.520897585    3.011650469
    1.047197551    2.094395102  -61.691772737    4.194173138   -1.982375421
    1.237597106    2.094395102  -59.512261953   18.592156207   -6.134275028
    1.427996661    2.094395102  -54.779648167   30.103448052   -8.934964872
    1.618396215    2.094395102  -48.537939870   33.819317508  -10.435089947
    1.808795770    2.094395102  -42.549715170   27.264691744  -11.158544786
    1.999195325    2.094395102  -38.760508328   11.112549572  -11.800351309
    2.189594880    2.094395102  -38.714533878  -11.327043723  -12.891442189
    2.379994435    2.094395102  -43.157200234  -35.142864812  -14.573995429
    2.570393989    2.094395102  -51.849632710  -55.122120273  -16.573232903
    2.760793544    2.094395102  -63.622323796  -66.901650799  -18.349481776
    2.951193099    2.094395102  -76.635436729  -67.956843981  -19.344908150

   -3.141592654    2.443460953  -95.268383114  -58.041023926  -13.035154134
   -2.951193099    2.443460953 -104.611599567  -39.366514068  -11.433831343
   -2.760793544    2.443460953 -110.114224690  -18.673186592   -9.176222515
   -2.570393989    2.443460953 -111.959780841   -1.821130998   -6.528680366
   -2.379994435    2.443460953 -111.308633311    7.134149724   -3.644738336
   -2.189594880    2.443460953 -109.791726577    7.497046534   -0.499975683
   -1.999195325    2.443460953 -108.816556685    2.204676041    3.014518870
   -1.808795770    2.443460953 -108.975208532   -3.469597981    6.906308553
   -1.618396215    2.443460953 -109.821971851   -4.301824146   10.940722941
   -1.427996661    2.443460953 -110.116022618    2.496413712   14.666697588
   -1.237597106    2.443460953 -108.422630582   16.121573027   17.597442273
   -1.047197551    2.443460953 -103.772512072   32.713950236   19.429022590
   -0.856797996    2.443460953  -96.077441958   47.260148435   20.151337957
   -0.666398442    2.443460953  -86.153052343   55.526970939   19.977198157
   -0.475998887    2.443460953  -75.436706855   55.448994069   19.156609332
   -0.285599332    2.443460953  -65.541090824   47.103548919   17.793168232
   -0.095199777    2.443460953  -57.893949969   32.249966839   15.763571329
    0.095199777    2.443460953  -53.471033360   13.806750414   12.792840722
    0.285599332    2.443460953  -52.605031721   -4.404912994    8.642058807
    0.475998887    2.443460953  -54.839145834  -18.044279697    3.354733280
    0.666398442    2.443460953  -58.913388148  -23.189406244   -2.585936094
    0.856797996    2.443460953  -62.983569880  -18.000496704   -8.297252276
    1.047197551    2.443460953  -65.172293914   -3.950083437  -12.790107777
    1.237597106    2.443460953  -64.221212075   13.936006485  -15.370845889
    1.427996661    2.443460953  -60.038525562   28.872105031  -15.953348531
    1.618396215    2.443460953  -53.791368707   34.855069318  -15.068122417
    1.808795770    2.443460953  -47.522301035   28.912080936  -13.592052516
    1.999195325    2.443460953  -43.481233000   11.929500560  -12.359760141
    2.189594880    2.443460953  -43.423905625  -12.064463549  -11.870058498
    2.379994435    2.443460953  -48.152133151  -37.313501386  -12.171288952
    2.570393989    2.443460953  -57.336738132  -57.953270226  -12.934079065
    2.760793544    2.443460953  -69.630531106  -69.368102047  -13.633218852
    2.951193099    2.443460953  -83.007159188  -69.197301806  -13.765547796

   -3.141592654    2.792526803  -98.482296201  -56.620109801    0.683280643
   -2.951193099    2.792526803 -107.448286759  -36.880776228    2.757811244
   -2.760793544    2.792526803 -112.395939491  -15.390190180    4.750179764
   -2.570393989    2.792526803 -113.561142716    2.011569846    6.567689698
   -2.379994435    2.792526803 -112.132029202   11.486283019    8.339242735
   -2.189594880    2.792526803 -109.721958891   12.564945513   10.389436234
   -1.999195325    2.792526803 -107.695414410    8.198092459   13.057611933
   -1.808795770    2.792526803 -106.627192170    3.374342021   16.454522400
   -1.618396215    2.792526803 -106.127130899    2.876996412   20.301267065
   -1.427996661    2.792526803 -105.088642467    9.155613665   23.973355900
   -1.237597106    2.792526803 -102.247807792   21.382491262   26.734604719
   -1.047197551    2.792526803  -96.779796617   35.981193320   28.030747754
   -0.856797996    2.792526803  -88.670102624   48.341829217   27.676417672
   -0.666398442    2.792526803  -78.741685912   54.505897153   25.834117623
   -0.475998887    2.792526803  -68.410481457   52.428973573   22.846350108
   -0.285599332    2.792526803  -59.282973709   42.032624857   19.015880717
   -0.095199777    2.792526803  -52.810617002   24.955570840   14.492096086
    0.095199777    2.792526803  -49.994386548    4.244234353    9.298575295
    0.285599332    2.792526803  -51.135440508  -15.798314417    3.493367064
    0.475998887    2.792526803  -55.628360485  -30.125865507   -2.637576354
    0.666398442    2.792526803  -61.932941383  -34.207319020   -8.487503457
    0.856797996    2.792526803  -67.850812972  -26.100538255  -13.237498296
    1.047197551    2.792526803  -71.199051130   -7.895623214  -16.149334259
    1.237597106    2.792526803  -70.588832745   14.217595049  -16.905395465
    1.427996661    2.792526803  -66.031789348   32.267690095  -15.769953711
    1.618396215    2.792526803  -58.981676178   39.588052348  -13.464407534
    1.808795770    2.792526803  -51.824415887   33.277441017  -10.834113664
    1.999195325    2.792526803  -47.080232461   14.847523194   -8.506753969
    2.189594880    2.792526803  -46.633539213  -10.867394766   -6.729767411
    2.379994435    2.792526803  -51.271773597  -37.456704848   -5.399263211
    2.570393989    2.792526803  -60.553667794  -58.692863506   -4.223577297
    2.760793544    2.792526803  -72.980262110  -69.899565924   -2.901919480
    2.951193099    2.792526803  -86.385452457  -68.897330741   -1.261766799
