#! FIELDS phi psi file.free der_phi der_psi
#! SET min_phi -pi
#! SET max_phi pi
#! SET nbins_phi  33
#! SET periodic_phi true
#! SET min_psi -pi
#! SET max_psi pi
#! SET nbins_psi  18
#! SET periodic_psi true
   -3.141592654   -3.141592654 -107.599098456  -53.390936326   17.304899850
   -2.951193099   -3.141592654 -116.011437012  -34.417213460   19.662305402
   -2.760793544   -3.141592654 -120.595110973  -14.081192518   21.069766599
   -2.570393989   -3.141592654 -121.614083641    2.296664586   21.696756830
   -2.379994435   -3.141592654 -120.171892168   11.498342768   22.008998953
   -2.189594880   -3.141592654 -117.696600989   13.410226314   22.628857274
   -1.999195325   -3.141592654 -115.347072602   10.860774830   24.088034547
   -1.808795770   -3.141592654 -113.563936833    8.202244748   26.569236582
   -1.618396215   -3.141592654 -111.970293214    9.378709062   29.758697947
   -1.427996661   -3.141592654 -109.623795388   16.153950619   32.908479678
   -1.237597106   -3.141592654 -105.516916925   27.442439964   35.096015596
   -1.047197551   -3.141592654  -99.084196165   39.886971763   35.554409088
   -0.856797996   -3.141592654  -90.496868981   49.371841528   33.913777665
   -0.666398442   -3.141592654  -80.668579672   52.411521447   30.248370768
   -0.475998887   -3.141592654  -71.034227346   47.204623332   24.968996108
   -0.285599332   -3.141592654  -63.195059394   33.732736349   18.613668774
   -0.095199777   -3.141592654  -58.585186592   13.727821219   11.706392601
    0.095199777   -3.141592654  -58.148608194   -9.397424070    4.695172247
    0.285599332   -3.141592654  -62.028296495  -30.675543720   -1.993531123
    0.475998887   -3.141592654  -69.325308828  -44.349980440   -7.881815411
    0.666398442   -3.141592654  -78.100579063  -45.585481033  -12.424802981
    0.856797996   -3.141592654  -85.763849526  -32.826200998  -15.132376792
    1.047197551   -3.141592654  -89.881911325   -9.243389278  -15.766121563
    1.237597106   -3.141592654  -89.055188810   17.636750220  -14.511539613
    1.427996661   -3.141592654  -83.519082812   38.810077153  -11.944549194
    1.618396215   -3.141592654  -75.083683003   47.275104902   -8.794035277
    1.808795770   -3.141592654  -66.487332831   40.499800281   -5.627297384
    1.999195325   -3.141592654  -60.486450366   20.753033191   -2.648783061
    2.189594880   -3.141592654  -59.052259832   -6.356544225    0.263774847
    2.379994435   -3.141592654  -62.931747731  -33.902457425    3.364432261
    2.570393989   -3.141592654  -71.578632271  -55.490665535    6.802094530
    2.760793544   -3.141592654  -83.389477953  -66.608207004   10.493285449
    2.951193099   -3.141592654  -96.148749557  -65.458728895   14.130399448

   -3.141592654   -2.792526803  -99.817118111  -49.029672941   25.646162424
   -2.951193099   -2.792526803 -107.608159432  -32.278797565   27.807136764
   -2.760793544   -2.792526803 -111.982688124  -13.936798970   28.688313942
   -2.570393989   -2.792526803 -113.101370037    1.287231031   28.636905861
   -2.379994435   -2.792526803 -111.864508356   10.575380516   28.270517803
   -2.189594880   -2.792526803 -109.454453375   13.832452678   28.269237150
   -1.999195325   -2.792526803 -106.826939732   13.430718913   29.117111304
   -1.808795770   -2.792526803 -104.346719711   12.864307902   30.883686163
   -1.618396215   -2.792526803 -101.741754547   15.096421698   33.139152987
   -1.427996661   -2.792526803  -98.342663469   21.172724504   35.066096339
   -1.237597106   -2.792526803  -93.501070592   29.858954070   35.737608235
   -1.047197551   -2.792526803  -86.976343933   38.285189763   34.447486880
   -0.856797996   -2.792526803  -79.125962383   43.243677694   30.938320749
   -0.666398442   -2.792526803  -70.866108195   42.229408576   25.445668763
   -0.475998887   -2.792526803  -63.467601237   34.142281028   18.582399415
   -0.285599332   -2.792526803  -58.272296124   19.289694711   11.102546946
   -0.095199777   -2.792526803  -56.425804583   -0.615908717    3.723936436
    0.095199777   -2.792526803  -58.606570724  -22.341358691   -2.986018997
    0.285599332   -2.792526803  -64.730596415  -41.139957300   -8.595378342
    0.475998887   -2.792526803  -73.715096660  -51.485816927  -12.766037846
    0.666398442   -2.792526803  -83.488284895  -48.877206271  -15.231507186
    0.856797996   -2.792526803  -91.408483272  -32.264135634  -15.867357785
    1.047197551   -2.792526803  -95.100343162   -5.469581310  -14.778651516
    1.237597106   -2.792526803  -93.340938223   23.454635404  -12.360359611
    1.427996661   -2.792526803  -86.609571883   45.357782194   -9.185307125
    1.618396215   -2.792526803  -76.939256567   53.600506034   -5.787529737
    1.808795770   -2.792526803  -67.188544236   46.320037357   -2.444171288
    1.999195325   -2.792526803  -60.104434168   26.401616530    0.898273695
    2.189594880   -2.792526803  -57.565410906   -0.311116071    4.496989630
    2.379994435   -2.792526803  -60.224726197  -27.119376944    8.582169175
    2.570393989   -2.792526803  -67.518017085  -48.139864212   13.143824175
    2.760793544   -2.792526803  -77.924280617  -59.363159997   17.865007445
    2.951193099   -2.792526803  -89.386183010  -59.246876020   22.213410477

   -3.141592654   -2.443460953  -91.204375760  -44.271134328   23.166614485
   -2.951193099   -2.443460953  -98.300722601  -29.736772888   24.791167947
   -2.760793544   -2.443460953 -102.377729404  -13.254675410   25.341310637
   -2.570393989   -2.443460953 -103.478144424    0.969672301   25.173191319
   -2.379994435   -2.443460953 -102.311402431   10.339976285   24.778111711
   -2.189594880   -2.443460953  -99.861411117   14.607722056   24.611429276
   -1.999195325   -2.443460953  -96.953751664   15.599429864   24.929550203
   -1.808795770   -2.443460953  -93.955040055   16.003687748   25.669871777
   -1.618396215   -2.443460953  -90.751063744   18.001523768   26.423307655
   -1.427996661   -2.443460953  -86.950257508   22.213806244   26.539703826
   -1.237597106   -2.443460953  -82.211247887   27.550114820   25.352513827
   -1.047197551   -2.443460953  -76.517312706   31.829488613   22.442864636
   -0.856797996   -2.443460953  -70.285365232   32.825350432   17.804429519
   -0.666398442   -2.443460953  -64.304896430   28.968644126   11.852444851
   -0.475998887   -2.443460953  -59.572553709   19.704462668    5.287796333
   -0.285599332   -2.443460953  -57.099181604    5.420403328   -1.143128615
   -0.095199777   -2.443460953  -57.724608554  -12.513227040   -6.824716168
    0.095199777   -2.443460953  -61.909763669  -31.389373227  -11.375867885
    0.285599332   -2.443460953  -69.454002162  -46.978041120  -14.620724136
    0.475998887   -2.443460953  -79.244284661  -54.126845757  -16.519895523
    0.666398442   -2.443460953  -89.236222835  -48.589727656  -17.099887883
    0.856797996   -2.443460953  -96.860559834  -29.518540995  -16.452288253
    1.047197551   -2.443460953  -99.850535784   -0.958449424  -14.748065262
    1.237597106   -2.443460953  -97.129487290   28.922470691  -12.275412631
    1.427996661   -2.443460953  -89.327116411   51.047650164   -9.370799169
    1.618396215   -2.443460953  -78.586974668   59.126122158   -6.310204980
    1.808795770   -2.443460953  -67.796682815   51.766532765   -3.191631260
    1.999195325   -2.443460953  -59.648132240   32.219172452    0.085055436
    2.189594880   -2.443460953  -55.925872944    6.352952226    3.710853808
    2.379994435   -2.443460953  -57.219840964  -19.471565137    7.791732267
    2.570393989   -2.443460953  -62.989503100  -39.904916494   12.198985542
    2.760793544   -2.443460953  -71.835063635  -51.381586224   16.555016409
    2.951193099   -2.443460953  -81.879220548  -52.501156790   20.354150862

   -3.141592654   -2.094395102  -84.852115008  -40.630763270   13.875650088
   -2.951193099   -2.094395102  -91.404600033  -27.646397272   14.972214980
   -2.760793544   -2.094395102  -95.211633051  -12.456491213   15.530889180
   -2.570393989   -2.094395102  -96.248755733    0.915773602   15.754864629
   -2.379994435   -2.094395102  -95.137773721    9.879367183   15.806866219
   -2.189594880   -2.094395102  -92.787949468   14.050251959   15.747979468
   -1.999195325   -2.094395102  -89.990081679   14.979583018   15.528269641
   -1.808795770   -2.094395102  -87.139137658   14.985946589   14.991362926
   -1.618396215   -2.094395102  -84.218722399   15.913806064   13.897646780
   -1.427996661   -2.094395102  -80.980825757   18.268479634   11.984254906
   -1.237597106   -2.094395102  -77.218298997   21.198326472    9.068793665
   -1.047197551   -2.094395102  -72.968752311   23.081136802    5.172288858
   -0.856797996   -2.094395102  -68.581748751   22.370928664    0.561679407
   -0.666398442   -2.094395102  -64.659805872   18.043332138   -4.294319583
   -0.475998887   -2.094395102  -61.942496980    9.690097314   -8.850687388
   -0.285599332   -2.094395102  -61.197237757   -2.559941816  -12.655507616
   -0.095199777   -2.094395102  -63.098826201  -17.886781518  -15.451370868
    0.095199777   -2.094395102  -68.055740072  -34.154589834  -17.212388003
    0.285599332   -2.094395102  -75.908508972  -47.531105950  -18.077088750
    0.475998887   -2.094395102  -85.635837303  -52.988500662  -18.248283216
    0.666398442   -2.094395102  -95.286820257  -46.207146904  -17.887395066
    0.856797996   -2.094395102 -102.365486403  -26.198478990  -17.074742203
    1.047197551   -2.094395102 -104.654480023    3.051046437  -15.804708024
    1.237597106   -2.094395102 -101.123961526   33.378364339  -14.073110201
    1.427996661   -2.094395102  -92.449997209   55.711095343  -11.908053525
    1.618396215   -2.094395102  -80.812953955   63.872636341   -9.387537553
    1.808795770   -2.094395102  -69.106253473   56.665463062   -6.589814005
    1.999195325   -2.094395102  -59.990760977   37.511375349   -3.558675747
    2.189594880   -2.094395102  -55.203755402   12.257682300   -0.314272996
    2.379994435   -2.094395102  -55.313423429  -12.980503821    3.081757937
    2.570393989   -2.094395102  -59.818397987  -33.212940334    6.458635019
    2.760793544   -2.094395102  -67.419865496  -45.132830494    9.547562689
    2.951193099   -2.094395102  -76.369237216  -47.349975680   12.072001679

   -3.141592654   -1.745329252  -82.207258378  -38.760128408    4.529934335
   -2.951193099   -1.745329252  -88.478859359  -26.525817178    4.877856702
   -2.760793544   -1.745329252  -92.122502717  -11.834646489    5.131532414
   -2.570393989   -1.745329252  -93.074927547    1.189001211    5.355776263
   -2.379994435   -1.745329252  -91.949519134    9.728430962    5.436026978
   -2.189594880   -1.745329252  -89.690540884   13.184801965    5.113088528
   -1.999195325   -1.745329252  -87.158896303   12.969365509    4.110835345
   -1.808795770   -1.745329252  -84.836044067   11.380938159    2.259629715
   -1.618396215   -1.745329252  -82.780926080   10.401923865   -0.434217115
   -1.427996661   -1.745329252  -80.775982560   10.869007960   -3.791803204
   -1.237597106   -1.745329252  -78.566850609   12.416586761   -7.514225967
   -1.047197551   -1.745329252  -76.046995099   13.896524826  -11.232614192
   -0.856797996   -1.745329252  -73.349686112   14.022424307  -14.577110628
   -0.666398442   -1.745329252  -70.843645487   11.689280329  -17.225539936
   -0.475998887   -1.745329252  -69.084745973    6.048298405  -18.950627854
   -0.285599332   -1.745329252  -68.762262464   -3.388934052  -19.678038406
   -0.095199777   -1.745329252  -70.590247451  -16.405940993  -19.506863189
    0.095199777   -1.745329252  -75.114769309  -31.255110867  -18.710114420
    0.285599332   -1.745329252  -82.360463045  -44.205410333  -17.653783832
    0.475998887   -1.745329252  -91.480326047  -50.028008979  -16.682665154
    0.666398442   -1.745329252 -100.635768198  -43.986492183  -15.989459184
    0.856797996   -1.745329252 -107.357079075  -24.599817154  -15.547284119
    1.047197551   -1.745329252 -109.366343325    4.479074840  -15.116548246
    1.237597106   -1.745329252 -105.535396523   35.183541663  -14.386398388
    1.427996661   -1.745329252  -96.449201463   58.261026552  -13.112665479
    1.618396215   -1.745329252  -84.245656542   67.253661104  -11.234285087
    1.808795770   -1.745329252  -71.825211755   60.734733952   -8.866432978
    1.999195325   -1.745329252  -61.885553781   42.047707173   -6.227988535
    2.189594880   -1.745329252  -56.207431601   17.034658379   -3.550230317
    2.379994435   -1.745329252  -55.403655139   -8.218566872   -1.040777817
    2.570393989   -1.745329252  -59.028015069  -28.790171044    1.117224689
    2.760793544   -1.745329252  -65.846796368  -41.392499200    2.780332339
    2.951193099   -1.745329252  -74.169837613  -44.532982524    3.891781960

   -3.141592654   -1.396263402  -83.998220994  -39.529291872    2.499175264
   -2.951193099   -1.396263402  -90.384750282  -26.886580088    2.260590991
   -2.760793544   -1.396263402  -94.030393040  -11.500514453    1.999698422
   -2.570393989   -1.396263402  -94.866336559    1.986906799    1.718395493
   -2.379994435   -1.396263402  -93.600690744   10.248132775    1.206075834
   -2.189594880   -1.396263402  -91.346493352   12.454536245    0.100809106
   -1.999195325   -1.396263402  -89.139442189   10.189883403   -1.933129632
   -1.808795770   -1.396263402  -87.567968575    6.276040348   -5.022568396
   -1.618396215   -1.396263402  -86.679624016    3.374388764   -8.974908044
   -1.427996661   -1.396263402  -86.119647706    2.921603490  -13.301999246
   -1.237597106   -1.396263402  -85.406434372    4.886159729  -17.366723956
   -1.047197551   -1.396263402  -84.175767434    8.083877279  -20.562956209
   -0.856797996   -1.396263402  -82.343432387   10.859716686  -22.483596153
   -0.666398442   -1.396263402  -80.151786683   11.557717245  -22.987207622
   -0.475998887   -1.396263402  -78.141699894    8.727848500  -22.184265038
   -0.285599332   -1.396263402  -77.096112679    1.371685737  -20.380339881
   -0.095199777   -1.396263402  -77.904806302  -10.662301954  -17.994028536
    0.095199777   -1.396263402  -81.341344338  -25.776034152  -15.497998112
    0.285599332   -1.396263402  -87.661909976  -40.128018594  -13.317472229
    0.475998887   -1.396263402  -96.200697711  -48.068304781  -11.740325925
    0.666398442   -1.396263402 -105.193088513  -44.177883102  -10.833447694
    0.856797996   -1.396263402 -112.103892511  -26.229159403  -10.431680673
    1.047197551   -1.396263402 -114.464661008    2.624697330  -10.193078795
    1.237597106   -1.396263402 -110.906181410   34.343438023   -9.754061483
    1.427996661   -1.396263402 -101.816252797   59.192883107   -8.857446154
    1.618396215   -1.396263402  -89.256998458   69.992331377   -7.443421359
    1.808795770   -1.396263402  -76.185946829   64.681647631   -5.629829516
    1.999195325   -1.396263402  -65.448315163   46.322117505   -3.632841810
    2.189594880   -1.396263402  -58.991638970   20.812199860   -1.677569448
    2.379994435   -1.396263402  -57.562527151   -5.499319415    0.041832671
    2.570393989   -1.396263402  -60.791018312  -27.365325661    1.370766680
    2.760793544   -1.396263402  -67.457100275  -41.166888164    2.208387801
    2.951193099   -1.396263402  -75.822598262  -45.109262985    2.546820351

   -3.141592654   -1.047197551  -86.732877535  -41.910895508    4.052467455
   -2.951193099   -1.047197551  -93.526558693  -28.711133268    2.777438438
   -2.760793544   -1.047197551  -97.443689074  -12.543845007    1.418076747
   -2.570393989   -1.047197551  -98.425705990    1.388534591    0.058774661
   -2.379994435   -1.047197551  -97.296258920    9.245660205   -1.442067254
   -2.189594880   -1.047197551  -95.351995689   10.050201452   -3.417549931
   -1.999195325   -1.047197551  -93.792202949    5.742788055   -6.207044996
   -1.808795770   -1.047197551  -93.258157591   -0.077965846   -9.920457218
   -1.618396215   -1.047197551  -93.687376955   -3.881226830  -14.268843071
   -1.427996661   -1.047197551  -94.472378292   -3.672497789  -18.585881272
   -1.237597106   -1.047197551  -94.824898086    0.517024385  -22.045525482
   -1.047197551   -1.047197551  -94.128270046    6.944668662  -23.958851713
   -0.856797996   -1.047197551  -92.185270530   13.116031046  -24.018658049
   -0.666398442   -1.047197551  -89.283668277   16.597952010  -22.364392197
   -0.475998887   -1.047197551  -86.133831868   15.442119495  -19.481228724
   -0.285599332   -1.047197551  -83.751938818    8.483518877  -16.012058379
   -0.095199777   -1.047197551  -83.265815031   -4.361804518  -12.558821995
    0.095199777   -1.047197551  -85.656469421  -21.214992455   -9.562948934
    0.285599332   -1.047197551  -91.317891624  -37.802981211   -7.230679708
    0.475998887   -1.047197551  -99.626573706  -47.915596427   -5.551993921
    0.666398442   -1.047197551 -108.749227614  -45.560305231   -4.367190673
    0.856797996   -1.047197551 -115.987659349  -28.109256475   -3.469348166
    1.047197551   -1.047197551 -118.663975192    1.337375641   -2.675303686
    1.237597106   -1.047197551 -115.227375113   34.423094103   -1.866123141
    1.427996661   -1.047197551 -105.969756015   60.846414374   -0.968691472
    1.618396215   -1.047197551  -92.969787470   72.860406348    0.053466865
    1.808795770   -1.047197551  -79.292449222   68.039678157    1.203020884
    1.999195325   -1.047197551  -67.931691770   49.380859835    2.434428921
    2.189594880   -1.047197551  -60.972532741   22.943287821    3.645558182
    2.379994435   -1.047197551  -59.256895653   -4.656688891    4.677537671
    2.570393989   -1.047197551  -62.456165905  -27.887110935    5.343058797
    2.760793544   -1.047197551  -69.337559929  -42.841504602    5.479274163
    2.951193099   -1.047197551  -78.096124966  -47.461156741    5.022149925

   -3.141592654   -0.698131701  -86.888135243  -45.680607287    4.171453154
   -2.951193099   -0.698131701  -94.412783525  -32.538678801    1.641326444
   -2.760793544   -0.698131701  -99.034745252  -16.093364479   -0.998959267
   -2.570393989   -0.698131701 -100.668272834   -1.955778125   -3.548152545
   -2.379994435   -0.698131701 -100.193446914    5.605590847   -6.036118113
   -2.189594880   -0.698131701  -99.024191991    5.451699871   -8.716016994
   -1.999195325   -0.698131701  -98.465107531   -0.182036188  -11.871263155
   -1.808795770   -0.698131701  -99.165001545   -6.986556927  -15.542821664
   -1.618396215   -0.698131701 -100.918365747  -10.632341963  -19.338290174
   -1.427996661   -0.698131701 -102.848701781   -8.674985511  -22.489427219
   -1.237597106   -0.698131701 -103.870962747   -1.323945516  -24.151511672
   -1.047197551   -0.698131701 -103.164967277    8.908179310  -23.782546676
   -0.856797996   -0.698131701 -100.508234406   18.504696409  -21.395156529
   -0.666398442   -0.698131701  -96.347171439   24.181710351  -17.542811511
   -0.475998887   -0.698131701  -91.672798106   23.589521819  -13.087040580
   -0.285599332   -0.698131701  -87.809734080   15.672876448   -8.869280473
   -0.095199777   -0.698131701  -86.132469796    0.838663166   -5.432390874
    0.095199777   -0.698131701  -87.753022354  -18.318627274   -2.902883496
    0.285599332   -0.698131701  -93.056484992  -36.825414643   -1.026301076
    0.475998887   -0.698131701 -101.294487594  -47.984740048    0.627313244
    0.666398442   -0.698131701 -110.449328854  -45.687671327    2.402101320
    0.856797996   -0.698131701 -117.654099825  -27.556707156    4.358757273
    1.047197551   -0.698131701 -120.132906571    2.847552014    6.267814790
    1.237597106   -0.698131701 -116.325104940   36.750160761    7.785551945
    1.427996661   -0.698131701 -106.574223121   63.624191662    8.697881118
    1.618396215   -0.698131701  -93.033341275   75.699224940    9.043802505
    1.808795770   -0.698131701  -78.835376188   70.620248079    9.057565349
    1.999195325   -0.698131701  -67.028557771   51.444851823    8.995804551
    2.189594880   -0.698131701  -59.745101613   24.244761491    8.977112297
    2.379994435   -0.698131701  -57.874427797   -4.365616416    8.922654025
    2.570393989   -0.698131701  -61.131347757  -28.802890668    8.609040455
    2.760793544   -0.698131701  -68.307014125  -44.999768304    7.783264027
    2.951193099   -0.698131701  -77.580137459  -50.651053590    6.293342197

   -3.141592654   -0.349065850  -85.733121795  -51.070088091    3.349650390
   -2.951193099   -0.349065850  -94.337023673  -38.361820238    0.205547501
   -2.760793544   -0.349065850 -100.059676826  -21.736538678   -2.980523616
   -2.570393989   -0.349065850 -102.722966310   -7.112720522   -5.993346332
   -2.379994435   -0.349065850 -103.192877899    0.779277886   -8.810526434
   -2.189594880   -0.349065850 -102.946135867    0.516862114  -11.588764953
   -1.999195325   -0.349065850 -103.362282922   -5.491075002  -14.486432091
   -1.808795770   -0.349065850 -105.085774178  -12.299410071  -17.421050433
   -1.618396215   -0.349065850 -107.768830294  -14.849587774  -19.928854334
   -1.427996661   -0.349065850 -110.285133717  -10.375829641  -21.280127692
   -1.237597106   -0.349065850 -111.303445543    0.528727130  -20.815377306
   -1.047197551   -0.349065850 -109.891709441   14.381885413  -18.317196141
   -0.856797996   -0.349065850 -105.923612062   26.551969320  -14.182748012
   -0.666398442   -0.349065850 -100.124978041   33.004880525   -9.292225476
   -0.475998887   -0.349065850  -93.848167763   31.312777384   -4.663567674
   -0.285599332   -0.349065850  -88.728378117   21.007264345   -1.051595188
   -0.095199777   -0.349065850  -86.293969664    3.491426160    1.314423083
    0.095199777   -0.349065850  -87.612083205  -17.600114885    2.768820771
    0.285599332   -0.349065850  -92.853484892  -36.635642390    4.012957009
    0.475998887   -0.349065850 -100.990072695  -46.917383342    5.744880349
    0.666398442   -0.349065850 -109.790822409  -43.007290333    8.280822344
    0.856797996   -0.349065850 -116.342778480  -23.516469653   11.364026491
    1.047197551   -0.349065850 -117.998807479    7.229486529   14.293322076
    1.237597106   -0.349065850 -113.415901499   40.338364655   16.311751283
    1.427996661   -0.349065850 -103.113897207   65.776514734   17.016724866
    1.618396215   -0.349065850  -89.299859991   76.478944718   16.524439962
    1.808795770   -0.349065850  -75.044665237   70.546827232   15.317746596
    1.999195325   -0.349065850  -63.290541096   51.032755579   13.923535457
    2.189594880   -0.349065850  -56.100533025   23.672073410   12.640634274
    2.379994435   -0.349065850  -54.369895967   -5.323043810   11.457669690
    2.570393989   -0.349065850  -57.881412694  -30.595654649   10.147950792
    2.760793544   -0.349065850  -65.511233431  -48.025273308    8.438603357
    2.951193099   -0.349065850  -75.488501659  -55.011053397    6.164746041

   -3.141592654    0.000000000  -84.782657360  -56.821075373    1.702061484
   -2.951193099    0.000000000  -94.519110727  -44.403312525   -1.343996105
   -2.760793544    0.000000000 -101.382326908  -27.591924546   -4.298468421
   -2.570393989    0.000000000 -105.119761240  -12.516174092   -7.014771634
   -2.379994435    0.000000000 -106.576254215   -4.205384834   -9.489812719
   -2.189594880    0.000000000 -107.252689157   -4.210063611  -11.824970322
   -1.999195325    0.000000000 -108.541860135   -9.874880016  -14.066264291
   -1.808795770    0.000000000 -111.021436952  -15.695726616  -16.020157522
   -1.618396215    0.000000000 -114.169849764  -16.129512556  -17.197038986
   -1.427996661    0.000000000 -116.638981714   -8.450838869  -16.987497428
   -1.237597106    0.000000000 -116.949444777    6.009822702  -15.000943910
   -1.047197551    0.000000000 -114.208519264   22.631245580  -11.364400529
   -0.856797996    0.000000000 -108.541408547   35.802437477   -6.764311770
   -0.666398442    0.000000000 -101.053000648   41.173049874   -2.189652011
   -0.475998887    0.000000000  -93.455748140   36.831442734    1.471772163
   -0.285599332    0.000000000  -87.583358403   23.417718812    3.808239285
   -0.095199777    0.000000000  -84.930865419    3.589336472    5.025994553
    0.095199777    0.000000000  -86.318897232  -18.110602718    5.846098416
    0.285599332    0.000000000  -91.562377568  -35.865167785    7.167955854
    0.475998887    0.000000000  -99.323332590  -43.639265232    9.635336247
    0.666398442    0.000000000 -107.252405906  -37.267586157   13.279819904
    0.856797996    0.000000000 -112.573310454  -16.646512377   17.441509523
    1.047197551    0.000000000 -112.967415694   13.274849862   21.044205857
    1.237597106    0.000000000 -107.445499824   43.963687058   23.116190576
    1.427996661    0.000000000  -96.735543191   66.458244783   23.245661193
    1.618396215    0.000000000  -83.032771567   74.802819637   21.707553527
    1.808795770    0.000000000  -69.231474261   67.659564315   19.214517206
    1.999195325    0.000000000  -58.060291627   47.926729777   16.499473850
    2.189594880    0.000000000  -51.444265270   20.768124869   13.995948763
    2.379994435    0.000000000  -50.256385925   -8.178473941   11.759447517
    2.570393989    0.000000000  -54.342103074  -33.851254124    9.597862498
    2.760793544    0.000000000  -62.663994489  -52.091688517    7.268200511
    2.951193099    0.000000000  -73.506021105  -60.025131791    4.629071425

   -3.141592654    0.349065850  -83.068754709  -60.915445242    1.122876033
   -2.951193099    0.349065850  -93.615964499  -48.783404181   -0.768503338
   -2.760793544    0.349065850 -101.331510765  -32.121991274   -2.498708510
   -2.570393989    0.349065850 -105.936671432  -17.075294892   -4.109664710
   -2.379994435    0.349065850 -108.256549223   -8.694224974   -5.674506940
   -2.189594880    0.349065850 -109.768486491   -8.445816859   -7.238833884
   -1.999195325    0.349065850 -111.808197838  -13.414383634   -8.729677615
   -1.808795770    0.349065850 -114.836306623  -17.762389726   -9.887646593
   -1.618396215    0.349065850 -118.166029929  -15.826102717  -10.302642186
   -1.427996661    0.349065850 -120.303805141   -5.234059051   -9.588501453
   -1.237597106    0.349065850 -119.738956570   11.858414931   -7.622807068
   -1.047197551    0.349065850 -115.723095078   29.902182121   -4.699507061
   -0.856797996    0.349065850 -108.673951009   42.747707330   -1.458244037
   -0.666398442    0.349065850 -100.024847049   46.209606370    1.390764952
   -0.475998887    0.349065850  -91.717143583   39.234135792    3.387883985
   -0.285599332    0.349065850  -85.611415475   23.631116346    4.558338826
   -0.095199777    0.349065850  -83.015604829    3.079287657    5.399932109
    0.095199777    0.349065850  -84.417679167  -17.437001698    6.687435554
    0.285599332    0.349065850  -89.289801273  -32.453845367    9.113086476
    0.475998887    0.349065850  -96.092195783  -37.031190180   12.932021599
    0.666398442    0.349065850 -102.524734741  -28.446318212   17.747052143
    0.856797996    0.349065850 -106.117832862   -7.742897878   22.579339666
    1.047197551    0.349065850 -105.000734895   19.876839725   26.230684148
    1.237597106    0.349065850  -98.577796752   46.672010277   27.799977395
    1.427996661    0.349065850  -87.749673817   65.093903878   27.050296013
    1.618396215    0.349065850  -74.615620240   70.457019599   24.440298795
    1.808795770    0.349065850  -61.794782797   61.987249180   20.817289817
    1.999195325    0.349065850  -51.713792030   42.333816397   16.999850215
    2.189594880    0.349065850  -46.092681417   15.965897744   13.495467903
    2.379994435    0.349065850  -45.737576155  -12.161468870   10.452554631
    2.570393989    0.349065850  -50.531012875  -37.375912715    7.797084643
    2.760793544    0.349065850  -59.514742681  -55.584987037    5.401588463
    2.951193099    0.349065850  -71.043355937  -63.774653694    3.183961730

   -3.141592654    0.698131701  -81.362587226  -62.920749288    0.488419962
   -2.951193099    0.698131701  -92.294473154  -50.819907080    0.168880553
   -2.760793544    0.698131701 -100.411318085  -34.288260240    0.030787887
   -2.570393989    0.698131701 -105.442384137  -19.364249387   -0.153918520
   -2.379994435    0.698131701 -108.202123513  -10.995895695   -0.533533053
   -2.189594880    0.698131701 -110.139264421  -10.564335714   -1.124759093
   -1.999195325    0.698131701 -112.543007717  -15.057886949   -1.814097133
   -1.808795770    0.698131701 -115.810078582  -18.562773287   -2.399129751
   -1.618396215    0.698131701 -119.185635818  -15.465329337   -2.665571070
   -1.427996661    0.698131701 -121.136802724   -3.653558069   -2.478222209
   -1.237597106    0.698131701 -120.180017270   14.292111025   -1.849953624
   -1.047197551    0.698131701 -115.675038485   32.458596391   -0.945525509
   -0.856797996    0.698131701 -108.192080888   44.632756502    0.015420467
   -0.666398442    0.698131701  -99.288040382   46.980387597    0.904242843
   -0.475998887    0.698131701  -90.926932011   39.134867827    1.793404200
   -0.285599332    0.698131701  -84.851152849   23.617461172    2.996979538
   -0.095199777    0.698131701  -82.139941149    4.546296545    4.956480267
    0.095199777    0.698131701  -83.017061640  -13.223416562    8.071169505
    0.285599332    0.698131701  -86.774902777  -24.966851063   12.456827848
    0.475998887    0.698131701  -91.881769927  -26.929337666   17.779650917
    0.666398442    0.698131701  -96.280778987  -17.577017383   23.231216367
    0.856797996    0.698131701  -97.926319332    1.418983856   27.727167026
    1.047197551    0.698131701  -95.405395437   25.178472187   30.265216750
    1.237597106    0.698131701  -88.430363011   47.134053997   30.321882362
    1.427996661    0.698131701  -77.946269905   61.221233288   28.032386523
    1.618396215    0.698131701  -65.841968404   63.832154832   24.089461662
    1.808795770    0.698131701  -54.393898381   54.481739896   19.408657267
    1.999195325    0.698131701  -45.706288466   35.381720629   14.775185001
    2.189594880    0.698131701  -41.295111031   10.260925907   10.662469718
    2.379994435    0.698131701  -41.898057924  -16.547511862    7.247276749
    2.570393989    0.698131701  -47.420099986  -40.697952491    4.550547190
    2.760793544    0.698131701  -56.961816835  -58.180523159    2.554518802
    2.951193099    0.698131701  -68.940521492  -65.947977210    1.228497249

   -3.141592654    1.047197551  -82.495380239  -63.146159110   -4.470880330
   -2.951193099    1.047197551  -93.392767866  -50.284533584   -3.588107205
   -2.760793544    1.047197551 -101.372552336  -33.443990622   -2.381157282
   -2.570393989    1.047197551 -106.245991572  -18.598988248   -1.206527517
   -2.379994435    1.047197551 -108.885107370  -10.507365145   -0.288203941
   -2.189594880    1.047197551 -110.757403554  -10.356458748    0.316312201
   -1.999195325    1.047197551 -113.139956327  -15.017546513    0.650197217
   -1.808795770    1.047197551 -116.405897515  -18.578359184    0.761699660
   -1.618396215    1.047197551 -119.787128735  -15.518442233    0.648433687
   -1.427996661    1.047197551 -121.758571859   -3.839249010    0.279129911
   -1.237597106    1.047197551 -120.860023272   13.837419521   -0.326721764
   -1.047197551    1.047197551 -116.469899844   31.708299365   -1.030522613
   -0.856797996    1.047197551 -109.141683761   43.819718452   -1.545000633
   -0.666398442    1.047197551 -100.357120790   46.652959877   -1.484104773
   -0.475998887    1.047197551  -91.949213403   40.107142472   -0.460425227
   -0.285599332    1.047197551  -85.496272729   26.729310462    1.833039990
   -0.095199777    1.047197551  -81.939730534   10.368007025    5.518586886
    0.095199777    1.047197551  -81.448244465   -4.742930817   10.477716775
    0.285599332    1.047197551  -83.400196472  -14.695276179   16.267310924
    0.475998887    1.047197551  -86.505494829  -16.502023677   22.121621877
    0.666398442    1.047197551  -89.064730217   -9.014816482   27.057020593
    0.856797996    1.047197551  -89.403748205    6.336396397   30.130058427
    1.047197551    1.047197551  -86.373457536   25.561843843   30.728830510
    1.237597106    1.047197551  -79.743487229   43.268765581   28.810644214
    1.427996661    1.047197551  -70.304161472   54.378284510   24.880862785
    1.618396215    1.047197551  -59.655076391   55.659342936   19.775377967
    1.808795770    1.047197551  -49.773435620   46.381052040   14.338259399
    1.999195325    1.047197551  -42.552009959   28.159529461    9.183194400
    2.189594880    1.047197551  -39.408567903    4.174872792    4.649512422
    2.379994435    1.047197551  -41.061519412  -21.497514404    0.893552282
    2.570393989    1.047197551  -47.418506726  -44.507815817   -1.973896833
    2.760793544    1.047197551  -57.571961303  -60.776072101   -3.839575153
    2.951193099    1.047197551  -69.926043718  -67.288528442   -4.642774526

   -3.141592654    1.396263402  -87.595239772  -61.765440408  -10.031880783
   -2.951193099    1.396263402  -98.043657833  -47.066736557   -8.547830573
   -2.760793544    1.396263402 -105.304790341  -29.256891084   -6.693089509
   -2.570393989    1.396263402 -109.360235031  -14.321368779   -4.841881783
   -2.379994435    1.396263402 -111.228182977   -6.762577462   -3.190317895
   -2.189594880    1.396263402 -112.466871641   -7.482882461   -1.750790425
   -1.999195325    1.396263402 -114.400243816  -13.200315562   -0.479484438
   -1.808795770    1.396263402 -117.435037476  -18.005780761    0.584954519
   -1.618396215    1.396263402 -120.840751183  -16.378429977    1.285026893
   -1.427996661    1.396263402 -123.113745308   -6.125734620    1.450924283
   -1.237597106    1.396263402 -122.753605271   10.571048725    1.080570006
   -1.047197551    1.396263402 -119.003647327   28.437665629    0.443106401
   -0.856797996    1.396263402 -112.193806211   41.867322151    0.049171069
   -0.666398442    1.396263402 -103.551930958   47.282721399    0.474418277
   -0.475998887    1.396263402  -94.708132432   44.141042315    2.148832551
   -0.285599332    1.396263402  -87.148621490   34.265209740    5.226158298
   -0.095199777    1.396263402  -81.871374089   20.735289833    9.519582555
    0.095199777    1.396263402  -79.241091320    7.073671903   14.535447595
    0.285599332    1.396263402  -78.950426315   -3.292744238   19.514701545
    0.475998887    1.396263402  -80.082877617   -7.500933195   23.565738286
    0.666398442    1.396263402  -81.290701314   -4.019375262   25.864200236
    0.856797996    1.396263402  -81.127771279    6.576930091   25.915923634
    1.047197551    1.396263402  -78.484582499   21.405416802   23.715017578
    1.237597106    1.396263402  -72.970986749   35.947526141   19.764878270
    1.427996661    1.396263402  -65.100454316   45.468444712   14.845404204
    1.618396215    1.396263402  -56.190571234   46.465770197    9.721730656
    1.808795770    1.396263402  -48.023678833   37.618273890    4.906019014
    1.999195325    1.396263402  -42.411438630   20.022179086    0.606521173
    2.189594880    1.396263402  -40.757592409   -3.328279666   -3.148740507
    2.379994435    1.396263402  -43.766684932  -28.180303516   -6.332031523
    2.570393989    1.396263402  -51.281399275  -49.877479414   -8.798104280
    2.760793544    1.396263402  -62.282247531  -64.194542300  -10.316986961
    2.951193099    1.396263402  -75.063516947  -68.298693344  -10.715498511

   -3.141592654    1.745329252  -93.976469532  -59.790683875  -16.379656925
   -2.951193099    1.745329252 -103.884181781  -43.492684289  -14.926319641
   -2.760793544    1.745329252 -110.378418946  -24.914813408  -12.852751916
   -2.570393989    1.745329252 -113.594799626   -9.952757257  -10.475946750
   -2.379994435    1.745329252 -114.664992356   -2.800715134   -7.976507958
   -2.189594880    1.745329252 -115.203414418   -4.112495674   -5.391963058
   -1.999195325    1.745329252 -116.562023180  -10.569065720   -2.747062975
   -1.808795770    1.745329252 -119.185033852  -16.366909592   -0.189659831
   -1.618396215    1.745329252 -122.394241775  -15.992887292    1.983032802
   -1.427996661    1.745329252 -124.713287073   -6.960029416    3.466021606
   -1.237597106    1.745329252 -124.584883339    9.101009853    4.167439589
   -1.047197551    1.745329252 -121.088751093   27.443630818    4.336438602
   -0.856797996    1.745329252 -114.318747592   42.637011287    4.514534545
   -0.666398442    1.745329252 -105.281440791   50.767642941    5.302729920
   -0.475998887    1.745329252  -95.489296892   50.588891060    7.090538362
   -0.285599332    1.745329252  -86.459997622   43.087385156    9.897910160
   -0.095199777    1.745329252  -79.375375914   30.636443231   13.344613273
    0.095199777    1.745329252  -74.894783114   16.289182830   16.761158926
    0.285599332    1.745329252  -73.062871990    3.383505705   19.338325355
    0.475998887    1.745329252  -73.288302610   -4.840387813   20.348872085
    0.666398442    1.745329252  -74.429664276   -5.979497136   19.369143335
    0.856797996    1.745329252  -75.047272116    0.517887298   16.463344480
    1.047197551    1.745329252  -73.833964703   12.751857886   12.166397946
    1.237597106    1.745329252  -70.066634437   26.547792033    7.309730661
    1.427996661    1.745329252  -63.933194260   36.794542326    2.669309636
    1.618396215    1.745329252  -56.548746862   39.137093467   -1.301629239
    1.808795770    1.745329252  -49.659017715   31.449660893   -4.563684742
    1.999195325    1.745329252  -45.155360625   14.455344007   -7.360297421
    2.189594880    1.745329252  -44.539151280   -8.685734876   -9.968201520
    2.379994435    1.745329252  -48.544646549  -33.217620633  -12.475583087
    2.570393989    1.745329252  -56.943625442  -53.992832208  -14.699138456
    2.760793544    1.745329252  -68.579533678  -66.615376740  -16.279912107
    2.951193099    1.745329252  -81.616738485  -68.505332145  -16.880504193

   -3.141592654    2.094395102 -100.829260731  -58.474697304  -18.936804721
   -2.951193099    2.094395102 -110.331161969  -40.638617830  -17.618279966
   -2.760793544    2.094395102 -116.178448072  -21.070055096  -15.561655119
   -2.570393989    2.094395102 -118.607408707   -5.595235454  -13.007246178
   -2.379994435    2.094395102 -118.819658560    1.823847731  -10.094056923
   -2.189594880    2.094395102 -118.460518719    0.666181201   -6.837705438
   -1.999195325    2.094395102 -118.908211068   -5.832263026   -3.244965076
   -1.808795770    2.094395102 -120.663808071  -12.081731574    0.545229697
   -1.618396215    2.094395102 -123.138927124  -12.649053178    4.207624983
   -1.427996661    2.094395102 -124.932757461   -4.798529743    7.340201223
   -1.237597106    2.094395102 -124.485467107   10.373688533    9.673107209
   -1.047197551    2.094395102 -120.768345849   28.649553704   11.220780510
   -0.856797996    2.094395102 -113.693844641   44.777797560   12.279736151
   -0.666398442    2.094395102 -104.101816977   54.505646445   13.246403943
   -0.475998887    2.094395102  -93.441934717   55.886986996   14.379669840
   -0.285599332    2.094395102  -83.314595648   49.123212193   15.644403740
   -0.095199777    2.094395102  -75.117554364   36.025866335   16.683278155
    0.095199777    2.094395102  -69.796960342   19.467156530   16.937953794
    0.285599332    2.094395102  -67.674855365    3.089020531   15.838606617
    0.475998887    2.094395102  -68.334424032   -9.109948699   13.053688439
    0.666398442    2.094395102  -70.633565366  -13.678673977    8.687524094
    0.856797996    2.094395102  -72.930489641   -9.112512192    3.347962647
    1.047197551    2.094395102  -73.579070469    3.158605471   -2.038908480
    1.237597106    2.094395102  -71.497060203   18.648111772   -6.561812602
    1.427996661    2.094395102  -66.637163603   31.345893691   -9.705225409
    1.618396215    2.094395102  -60.073641295   35.834757171  -11.510710494
    1.808795770    2.094395102  -53.686459306   29.280897193  -12.472032318
    1.999195325    2.094395102  -49.579039671   12.307968994  -13.232946766
    2.189594880    2.094395102  -49.427575851  -11.464010797  -14.275411034
    2.379994435    2.094395102  -54.023473895  -36.562684769  -15.725328774
    2.570393989    2.094395102  -63.063756037  -57.230449817  -17.345912529
    2.760793544    2.094395102  -75.235172283  -68.846558466  -18.686447785
    2.951193099    2.094395102  -88.544342452  -69.049903742  -19.299501837

   -3.141592654    2.443460953 -107.261345699  -57.862754776  -13.052524272
   -2.951193099    2.443460953 -116.518757158  -38.729037461  -11.422022075
   -2.760793544    2.443460953 -121.893299256  -18.057679989   -9.263844552
   -2.570393989    2.443460953 -123.655283182   -1.619585547   -6.790015109
   -2.379994435    2.443460953 -123.017086704    6.789813732   -4.097424938
   -2.189594880    2.443460953 -121.610242991    6.702555933   -1.119153928
   -1.999195325    2.443460953 -120.811935216    1.171038642    2.276330967
   -1.808795770    2.443460953 -121.175326823   -4.572395972    6.111936342
   -1.618396215    2.443460953 -122.229480059   -5.373730539   10.169086583
   -1.427996661    2.443460953 -122.718590448    1.523597944   14.015953509
   -1.237597106    2.443460953 -121.190807603   15.369996091   17.183225898
   -1.047197551    2.443460953 -116.644093849   32.413056973   19.366890264
   -0.856797996    2.443460953 -108.939225811   47.701472302   20.527641063
   -0.666398442    2.443460953  -98.841277278   56.919844400   20.815061116
   -0.475998887    2.443460953  -87.769290263   57.746057372   20.392144758
   -0.285599332    2.443460953  -77.379510762   49.890819256   19.275095323
   -0.095199777    2.443460953  -69.208711382   34.819569565   17.283014815
    0.095199777    2.443460953  -64.377646434   15.400735488   14.136696262
    0.285599332    2.443460953  -63.342324267   -4.277964738    9.650940521
    0.475998887    2.443460953  -65.695235494  -19.383670414    3.960988339
    0.666398442    2.443460953  -70.127051547  -25.497882668   -2.357272469
    0.856797996    2.443460953  -74.664697708  -20.467597316   -8.365540573
    1.047197551    2.443460953  -77.270615148   -5.753495931  -13.075411056
    1.237597106    2.443460953  -76.552116827   13.338987249  -15.836232476
    1.427996661    2.443460953  -72.355835285   29.574245453  -16.612264572
    1.618396215    2.443460953  -65.877073100   36.471713858  -15.952889642
    1.808795770    2.443460953  -59.266443057   30.738314159  -14.703677179
    1.999195325    2.443460953  -54.917435669   13.218088034  -13.629861565
    2.189594880    2.443460953  -54.706986015  -11.793543066  -13.160210457
    2.379994435    2.443460953  -59.484237283  -38.060942287  -13.311443138
    2.570393989    2.443460953  -68.873793470  -59.260425746  -13.783882215
    2.760793544    2.443460953  -81.415979939  -70.566699738  -14.135084451
    2.951193099    2.443460953  -94.965517144  -69.767361693  -13.963616177

   -3.141592654    2.792526803 -110.544667104  -56.413656581    0.968496162
   -2.951193099    2.792526803 -119.439449135  -36.411642772    2.992949414
   -2.760793544    2.792526803 -124.302477765  -15.045876739    4.842650598
   -2.570393989    2.792526803 -125.437946303    1.931209914    6.478882125
   -2.379994435    2.792526803 -124.071540885   10.907752039    8.077646913
   -2.189594880    2.792526803 -121.809069547   11.611929083    9.994457474
   -1.999195325    2.792526803 -119.980387029    7.106812011   12.589333468
   -1.808795770    2.792526803 -119.114928755    2.358577003   15.997320481
   -1.618396215    2.792526803 -118.787057278    2.097242232   19.970688109
   -1.427996661    2.792526803 -117.864002674    8.733463535   23.910921079
   -1.237597106    2.792526803 -115.058586612   21.442916880   27.083642048
   -1.047197551    2.792526803 -109.519998261   36.675920238   28.893088131
   -0.856797996    2.792526803 -101.205841135   49.799332093   29.065973259
   -0.666398442    2.792526803  -90.925412624   56.719169469   27.647131960
   -0.475998887    2.792526803  -80.117728366   55.144625137   24.866214173
   -0.285599332    2.792526803  -70.465276248   44.714145991   20.958433112
   -0.095199777    2.792526803  -63.539251929   26.911331010   16.082014306
    0.095199777    2.792526803  -60.468375445    4.877102442   10.351425243
    0.285599332    2.792526803  -61.636340577  -16.726530380    3.970201492
    0.475998887    2.792526803  -66.437338741  -32.363003038   -2.627712442
    0.666398442    2.792526803  -73.242418772  -37.106849389   -8.740612384
    0.856797996    2.792526803  -79.710048800  -28.855206431  -13.541592247
    1.047197551    2.792526803  -83.510871110   -9.811842418  -16.366915136
    1.237597106    2.792526803  -83.151672028   13.514132978  -17.013009574
    1.427996661    2.792526803  -78.610185784   32.761805402  -15.842004017
    1.618396215    2.792526803  -71.378039608   40.905254852  -13.613156509
    1.808795770    2.792526803  -63.936592679   34.826944094  -11.137226920
    1.999195325    2.792526803  -58.923331743   16.027667953   -8.958104140
    2.189594880    2.792526803  -58.320229814  -10.445099316   -7.236504683
    2.379994435    2.792526803  -62.954601199  -37.812248081   -5.823355612
    2.570393989    2.792526803  -72.353153811  -59.491310757   -4.447726130
    2.760793544    2.792526803  -84.933561932  -70.642584728   -2.884449542
    2.951193099    2.792526803  -98.441242191  -69.201048931   -1.053109900
