#! FIELDS phi psi file.free der_phi der_psi
#! SET min_phi -pi
#! SET max_phi pi
#! SET nbins_phi  33
#! SET periodic_phi true
#! SET min_psi -pi
#! SET max_psi pi
#! SET nbins_psi  18
#! SET periodic_psi true
   -3.141592654   -3.141592654 -100.555687622  -52.409606727   16.768115170
   -2.951193099   -3.141592654 -108.817523673  -33.806271378   19.184941536
   -2.760793544   -3.141592654 -113.312983618  -13.730110213   20.670512460
   -2.570393989   -3.141592654 -114.275939900    2.572891305   21.378734041
   -2.379994435   -3.141592654 -112.776862996   11.838984926   21.772095666
   -2.189594880   -3.141592654 -110.227196744   13.858797606   22.473469453
   -1.999195325   -3.141592654 -107.787232868   11.346679844   24.001154873
   -1.808795770   -3.141592654 -105.918187504    8.598739254   26.503617773
   -1.618396215   -3.141592654 -104.269791911    9.533029284   29.622351448
   -1.427996661   -3.141592654 -101.927975487   15.933540311   32.578359769
   -1.237597106   -3.141592654  -97.907224263   26.755290667   34.456968764
   -1.047197551   -3.141592654  -91.653523605   38.701769233   34.548095369
   -0.856797996   -3.141592654  -83.336286654   47.744449828   32.576764876
   -0.666398442   -3.141592654  -73.847968278   50.512968891   28.718822588
   -0.475998887   -3.141592654  -64.579344604   45.324889397   23.456052986
   -0.285599332   -3.141592654  -57.067374508   32.244504264   17.336083627
   -0.095199777   -3.141592654  -52.676200219   12.974306007   10.821599527
    0.095199777   -3.141592654  -52.297249027   -9.233246846    4.244312256
    0.285599332   -3.141592654  -56.062359724  -29.660017869   -2.100743705
    0.475998887   -3.141592654  -63.108576491  -42.790584488   -7.834778603
    0.666398442   -3.141592654  -71.568862644  -43.902925339  -12.443848282
    0.856797996   -3.141592654  -78.933081791  -31.416790211  -15.391636526
    1.047197551   -3.141592654  -82.832575675   -8.385250901  -16.338155954
    1.237597106   -3.141592654  -81.907057988   17.814505650  -15.354478440
    1.427996661   -3.141592654  -76.403545488   38.306768638  -12.932437240
    1.618396215   -3.141592654  -68.119559261   46.229507200   -9.774597070
    1.808795770   -3.141592654  -59.752854904   39.197327988   -6.482873634
    1.999195325   -3.141592654  -53.993574483   19.592609402   -3.335407823
    2.189594880   -3.141592654  -52.734579630   -6.976894045   -0.285896886
    2.379994435   -3.141592654  -56.660717968  -33.754926211    2.876350120
    2.570393989   -3.141592654  -65.208517231  -54.627767381    6.304827674
    2.760793544   -3.141592654  -76.810670093  -65.338781918    9.956983357
    2.951193099   -3.141592654  -89.322579961  -64.185410383   13.572554674

   -3.141592654   -2.792526803  -92.946269574  -47.905456247   24.872846684
   -2.951193099   -2.792526803 -100.557113782  -31.503818163   27.085652377
   -2.760793544   -2.792526803 -104.812149057  -13.424528481   28.025029748
   -2.570393989   -2.792526803 -105.844995519    1.715213898   28.026526877
   -2.379994435   -2.792526803 -104.522727276   11.064098749   27.706722528
   -2.189594880   -2.792526803 -102.011039012   14.413286635   27.746870222
   -1.999195325   -2.792526803  -99.273018061   13.982729747   28.617730717
   -1.808795770   -2.792526803  -96.707063618   13.178605791   30.359601927
   -1.618396215   -2.792526803  -94.083087524   14.949379626   32.509533411
   -1.427996661   -2.792526803  -90.768177292   20.424959249   34.236638635
   -1.237597106   -2.792526803  -86.128261967   28.507374874   34.639831539
   -1.047197551   -2.792526803  -79.908699943   36.473203816   33.079341950
   -0.856797996   -2.792526803  -72.427765180   41.232649464   29.387723109
   -0.666398442   -2.792526803  -64.544336890   40.351284450   23.879830182
   -0.475998887   -2.792526803  -57.464278061   32.735321659   17.204649413
   -0.285599332   -2.792526803  -52.469735559   18.628962915   10.088141336
   -0.095199777   -2.792526803  -50.667561640   -0.410430962    3.157976459
    0.095199777   -2.792526803  -52.732882240  -21.364566015   -3.144500035
    0.285599332   -2.792526803  -58.621128968  -39.694842982   -8.505116289
    0.475998887   -2.792526803  -67.319665484  -49.991411872  -12.652051457
    0.666398442   -2.792526803  -76.834779685  -47.706007066  -15.309842788
    0.856797996   -2.792526803  -84.582223416  -31.632034052  -16.277169612
    1.047197551   -2.792526803  -88.209997299   -5.417229508  -15.547876768
    1.237597106   -2.792526803  -86.490609884   23.007749041  -13.414179204
    1.427996661   -2.792526803  -79.882969943   44.531226376  -10.387891677
    1.618396215   -2.792526803  -70.395361842   52.540411128   -6.995275743
    1.808795770   -2.792526803  -60.853939903   45.224685935   -3.552440546
    1.999195325   -2.792526803  -53.961337883   25.536740614   -0.070237593
    2.189594880   -2.792526803  -51.542687022   -0.666730962    3.646296002
    2.379994435   -2.792526803  -54.206542518  -26.796962365    7.792416881
    2.570393989   -2.792526803  -61.375598069  -47.179507537   12.360858601
    2.760793544   -2.792526803  -71.557827520  -58.018653522   17.066232638
    2.951193099   -2.792526803  -82.756043628  -57.871251543   21.412154615

   -3.141592654   -2.443460953  -84.548637978  -43.054865665   22.554291767
   -2.951193099   -2.443460953  -91.446804033  -28.871351712   24.165540608
   -2.760793544   -2.443460953  -95.389538662  -12.680573525   24.703582591
   -2.570393989   -2.443460953  -96.395528151    1.426452201   24.524268793
   -2.379994435   -2.443460953  -95.140168745   10.835573421   24.123358287
   -2.189594880   -2.443460953  -92.589121543   15.171564465   23.958152891
   -1.999195325   -2.443460953  -89.578329659   16.083826220   24.271992741
   -1.808795770   -2.443460953  -86.515095193   16.155900957   24.979684110
   -1.618396215   -2.443460953  -83.334252285   17.573596492   25.652526329
   -1.427996661   -2.443460953  -79.680603090   21.095865148   25.642333956
   -1.237597106   -2.443460953  -75.215096180   25.833523302   24.315716709
   -1.047197551   -2.443460953  -69.884581369   29.794894273   21.310740311
   -0.856797996   -2.443460953  -64.040429141   30.862099036   16.683400175
   -0.666398442   -2.443460953  -58.395716722   27.473206464   10.888267307
   -0.475998887   -2.443460953  -53.879181061   18.977276830    4.622221685
   -0.285599332   -2.443460953  -51.459794866    5.589730346   -1.423797807
   -0.095199777   -2.443460953  -51.974140985  -11.544970054   -6.729600080
    0.095199777   -2.443460953  -55.922574398  -29.933632259  -11.019890601
    0.285599332   -2.443460953  -63.178530258  -45.472795437  -14.195475306
    0.475998887   -2.443460953  -72.712478968  -52.991328985  -16.233966436
    0.666398442   -2.443460953  -82.545042599  -48.065604148  -17.112209835
    0.856797996   -2.443460953  -90.131118732  -29.616662975  -16.827462816
    1.047197551   -2.443460953  -93.187912966   -1.523303083  -15.450270964
    1.237597106   -2.443460953  -90.603084387   28.093316578  -13.196545862
    1.427996661   -2.443460953  -82.971875720   50.100905909  -10.376387488
    1.618396215   -2.443460953  -72.416079227   58.154310058   -7.280714202
    1.808795770   -2.443460953  -61.805974608   50.870122449   -4.050312204
    1.999195325   -2.443460953  -53.808732246   31.562009823   -0.638407287
    2.189594880   -2.443460953  -50.172495892    6.143678944    3.098648888
    2.379994435   -2.443460953  -51.450926322  -19.081894314    7.239955361
    2.570393989   -2.443460953  -57.088898917  -38.924000683   11.656342334
    2.760793544   -2.443460953  -65.706912912  -50.011922102   15.990656189
    2.951193099   -2.443460953  -75.479280962  -51.063673556   19.762093150

   -3.141592654   -2.094395102  -78.290612227  -39.539635959   13.720030424
   -2.951193099   -2.094395102  -84.671066607  -26.928409627   14.672386464
   -2.760793544   -2.094395102  -88.372508118  -12.032245645   15.089614305
   -2.570393989   -2.094395102  -89.341986768    1.244166812   15.197169874
   -2.379994435   -2.094395102  -88.163323835   10.284934390   15.172501169
   -2.189594880   -2.094395102  -85.726237662   14.553773307   15.078588080
   -1.999195325   -2.094395102  -82.835962950   15.405664987   14.849493916
   -1.808795770   -2.094395102  -79.933929764   15.052344483   14.308351587
   -1.618396215   -2.094395102  -77.056003189   15.372276975   13.202910017
   -1.427996661   -2.094395102  -73.986433044   17.053114422   11.277196844
   -1.237597106   -2.094395102  -70.508335209   19.477949596    8.375207005
   -1.047197551   -2.094395102  -66.607544149   21.216318278    4.551088875
   -0.856797996   -2.094395102  -62.555792219   20.792019427    0.096647160
   -0.666398442   -2.094395102  -58.877453226   17.120888734   -4.520021763
   -0.475998887   -2.094395102  -56.256223286    9.625328793   -8.786249986
   -0.285599332   -2.094395102  -55.442360498   -1.793631281  -12.311056606
   -0.095199777   -2.094395102  -57.138574100  -16.550839171  -14.910531974
    0.095199777   -2.094395102  -61.820312778  -32.675281886  -16.619390877
    0.285599332   -2.094395102  -69.415321331  -46.363665923  -17.597163090
    0.475998887   -2.094395102  -78.978435784  -52.458917174  -18.015157414
    0.666398442   -2.094395102  -88.597928719  -46.389254348  -17.960237856
    0.856797996   -2.094395102  -95.767845761  -26.924940781  -17.425133610
    1.047197551   -2.094395102  -98.225238966    2.061708734  -16.337720426
    1.237597106   -2.094395102  -94.888103397   32.373146692  -14.667219885
    1.427996661   -2.094395102  -86.396559944   54.813312499  -12.454758412
    1.618396215   -2.094395102  -74.918015304   63.110781506   -9.812875014
    1.808795770   -2.094395102  -63.342407649   56.061459733   -6.859407791
    1.999195325   -2.094395102  -54.320903686   37.152004317   -3.673367632
    2.189594880   -2.094395102  -49.567993311   12.288661601   -0.303381486
    2.379994435   -2.094395102  -49.625168159  -12.445280168    3.168799679
    2.570393989   -2.094395102  -53.980428323  -32.185518119    6.562258355
    2.760793544   -2.094395102  -61.353540533  -43.796636836    9.609258860
    2.951193099   -2.094395102  -70.043013327  -46.000966338   12.042701161

   -3.141592654   -1.745329252  -75.601647692  -38.038405226    4.738017638
   -2.951193099   -1.745329252  -81.773604176  -26.188436759    4.825306287
   -2.760793544   -1.745329252  -85.380146453  -11.739502354    4.827607258
   -2.570393989   -1.745329252  -86.319004438    1.282837906    4.850611032
   -2.379994435   -1.745329252  -85.160307487   10.007202724    4.802337758
   -2.189594880   -1.745329252  -82.829191892   13.649500341    4.424753172
   -1.999195325   -1.745329252  -80.206534687   13.414861112    3.423323529
   -1.808795770   -1.745329252  -77.825074108   11.506758014    1.608180344
   -1.618396215   -1.745329252  -75.796662136    9.972068902   -1.026034601
   -1.427996661   -1.745329252  -73.930974100    9.855602861   -4.298179156
   -1.237597106   -1.745329252  -71.956046195   11.026438208   -7.898731039
   -1.047197551   -1.745329252  -69.708917653   12.498375000  -11.451844936
   -0.856797996   -1.745329252  -67.248003799   13.003680207  -14.592279984
   -0.666398442   -1.745329252  -64.876993168   11.328153935  -17.019932845
   -0.475998887   -1.745329252  -63.116653531    6.425351241  -18.544911183
   -0.285599332   -1.745329252  -62.662258292   -2.416443261  -19.138723584
   -0.095199777   -1.745329252  -64.274097859  -15.169729952  -18.941093612
    0.095199777   -1.745329252  -68.571661752  -30.174419423  -18.242412100
    0.285599332   -1.745329252  -75.657067277  -43.641295368  -17.388414882
    0.475998887   -1.745329252  -84.734882451  -50.149442693  -16.666126832
    0.666398442   -1.745329252  -93.974101262  -44.704005992  -16.192144327
    0.856797996   -1.745329252 -100.868019574  -25.634830289  -15.875777002
    1.047197551   -1.745329252 -103.080085269    3.433924426  -15.450719685
    1.237597106   -1.745329252  -99.432621195   34.325205550  -14.620203012
    1.427996661   -1.745329252  -90.487997875   57.631817370  -13.180913219
    1.618396215   -1.745329252  -78.386205901   66.809926478  -11.114812308
    1.808795770   -1.745329252  -66.035590732   60.450495950   -8.567062032
    1.999195325   -1.745329252  -56.131667807   41.975550605   -5.772248693
    2.189594880   -1.745329252  -50.438946124   17.284538000   -2.972032861
    2.379994435   -1.745329252  -49.550775372   -7.572646060   -0.387624685
    2.570393989   -1.745329252  -53.017280624  -27.790766823    1.779653050
    2.760793544   -1.745329252  -59.627000147  -40.229871709    3.370767052
    2.951193099   -1.745329252  -67.735304070  -43.479694976    4.325633895

   -3.141592654   -1.396263402  -77.225662199  -39.318779400    2.683556657
   -2.951193099   -1.396263402  -83.612115074  -27.069787106    2.150083229
   -2.760793544   -1.396263402  -87.313901821  -11.850838330    1.601544674
   -2.570393989   -1.396263402  -88.208829256    1.770619631    1.085868333
   -2.379994435   -1.396263402  -86.954303409   10.371089141    0.418136018
   -2.189594880   -1.396263402  -84.644325871   12.897715562   -0.759515457
   -1.999195325   -1.396263402  -82.339988452   10.719031490   -2.795839199
   -1.808795770   -1.396263402  -80.685510707    6.574132372   -5.831837891
   -1.618396215   -1.396263402  -79.782585864    3.208066313   -9.684570081
   -1.427996661   -1.396263402  -79.302560161    2.268131767  -13.870237709
   -1.237597106   -1.396263402  -78.746932090    3.935882384  -17.757024997
   -1.047197551   -1.396263402  -77.701431417    7.155286197  -20.752573685
   -0.856797996   -1.396263402  -76.019317907   10.262321284  -22.473399499
   -0.666398442   -1.396263402  -73.893867132   11.484187260  -22.809926860
   -0.475998887   -1.396263402  -71.846094035    9.187847346  -21.905815111
   -0.285599332   -1.396263402  -70.675549201    2.185138575  -20.092928977
   -0.095199777   -1.396263402  -71.320594695   -9.811194501  -17.798918875
    0.095199777   -1.396263402  -74.619189877  -25.226923864  -15.478863415
    0.285599332   -1.396263402  -80.884146875  -40.106333395  -13.512010122
    0.475998887   -1.396263402  -89.472761844  -48.587754713  -12.122330209
    0.666398442   -1.396263402  -98.600995097  -45.030832823  -11.316903099
    0.856797996   -1.396263402 -105.681475351  -27.101319066  -10.898591719
    1.047197551   -1.396263402 -108.189584282    1.983220704  -10.533259917
    1.237597106   -1.396263402 -104.724174178   34.008972971   -9.897060356
    1.427996661   -1.396263402  -95.675031916   59.079617534   -8.784453047
    1.618396215   -1.396263402  -83.127718655   69.965985974   -7.175587027
    1.808795770   -1.396263402  -70.059735654   64.679944124   -5.205300794
    1.999195325   -1.396263402  -59.316711646   46.402981506   -3.088117544
    2.189594880   -1.396263402  -52.827169413   21.104419973   -1.043499333
    2.379994435   -1.396263402  -51.315430654   -4.914051228    0.729678875
    2.570393989   -1.396263402  -54.408155438  -26.539966281    2.057801806
    2.760793544   -1.396263402  -60.910338188  -40.307128724    2.815810634
    2.951193099   -1.396263402  -69.130835634  -44.483373629    2.982908647

   -3.141592654   -1.047197551  -79.818616823  -42.188257616    4.072297375
   -2.951193099   -1.047197551  -86.710010225  -29.418280391    2.533493062
   -2.760793544   -1.047197551  -90.779215359  -13.363464918    0.917801376
   -2.570393989   -1.047197551  -91.898832073    0.823534660   -0.654490781
   -2.379994435   -1.047197551  -90.833055639    9.167740180   -2.306960726
   -2.189594880   -1.047197551  -88.857495586   10.434174772   -4.370424246
   -1.999195325   -1.047197551  -87.199507437    6.338375658   -7.190326620
   -1.808795770   -1.047197551  -86.559143183    0.396633948  -10.878696972
   -1.618396215   -1.047197551  -86.930974555   -3.777019610  -15.145178916
   -1.427996661   -1.047197551  -87.737644221   -3.989785749  -19.324566377
   -1.237597106   -1.047197551  -88.181318803   -0.080868143  -22.603024092
   -1.047197551   -1.047197551  -87.606455931    6.318450906  -24.319370633
   -0.856797996   -1.047197551  -85.766284778   12.703636511  -24.204638253
   -0.666398442   -1.047197551  -82.910982149   16.541935616  -22.437542789
   -0.475998887   -1.047197551  -79.737715104   15.734546750  -19.531289426
   -0.285599332   -1.047197551  -77.278843887    8.967501077  -16.135757092
   -0.095199777   -1.047197551  -76.702102769   -3.933645770  -12.832840522
    0.095199777   -1.047197551  -79.036091837  -21.077268889  -10.017396803
    0.285599332   -1.047197551  -84.709549662  -38.061657111   -7.833569380
    0.475998887   -1.047197551  -93.100893488  -48.487966100   -6.212542567
    0.666398442   -1.047197551 -102.344363484  -46.203316644   -4.960210011
    0.856797996   -1.047197551 -109.690080159  -28.549598041   -3.873366230
    1.047197551   -1.047197551 -112.418237132    1.247090771   -2.809574508
    1.237597106   -1.047197551 -108.968374916   34.634722504   -1.711503172
    1.427996661   -1.047197551  -99.656310720   61.175224843   -0.566476076
    1.618396215   -1.047197551  -86.597939742   73.129298110    0.623631338
    1.808795770   -1.047197551  -72.880622593   68.201391511    1.854541796
    1.999195325   -1.047197551  -61.492264981   49.540305438    3.100143233
    2.189594880   -1.047197551  -54.490027467   23.268268435    4.287428408
    2.379994435   -1.047197551  -52.689424669   -4.083099805    5.275804212
    2.570393989   -1.047197551  -55.762137673  -27.155774989    5.874685864
    2.760793544   -1.047197551  -62.509214213  -42.206229495    5.901131877
    2.951193099   -1.047197551  -71.179710311  -47.208514039    5.272861152

   -3.141592654   -0.698131701  -79.882744546  -46.363622275    3.958168002
   -2.951193099   -0.698131701  -87.585131819  -33.669526382    1.271977214
   -2.760793544   -0.698131701  -92.436482496  -17.291272169   -1.523191283
   -2.570393989   -0.698131701  -94.271571400   -2.809456946   -4.205855198
   -2.379994435   -0.698131701  -93.905488794    5.344399558   -6.799822028
   -2.189594880   -0.698131701  -92.730189898    5.752711504   -9.559259230
   -1.999195325   -0.698131701  -92.079871693    0.422739735  -12.766260776
   -1.808795770   -0.698131701  -92.663441817   -6.416886197  -16.451067494
   -1.618396215   -0.698131701  -94.333943963  -10.358373777  -20.208069673
   -1.427996661   -0.698131701  -96.248525193   -8.774172884  -23.264230015
   -1.237597106   -0.698131701  -97.319392838   -1.701399372  -24.787902366
   -1.047197551   -0.698131701  -96.697430997    8.448638474  -24.269054117
   -0.856797996   -0.698131701  -94.120966750   18.155380650  -21.761512290
   -0.666398442   -0.698131701  -90.006424865   24.058105071  -17.854610198
   -0.475998887   -0.698131701  -85.333521163   23.692168412  -13.426653185
   -0.285599332   -0.698131701  -81.437554604   15.894578120   -9.308353802
   -0.095199777   -0.698131701  -79.719921266    1.017648601   -6.004716181
    0.095199777   -0.698131701  -81.321993999  -18.316471936   -3.586544127
    0.285599332   -0.698131701  -86.645537799  -37.022804445   -1.744142594
    0.475998887   -0.698131701  -94.932540751  -48.265091897   -0.013048359
    0.666398442   -0.698131701 -104.132667178  -45.840351822    1.950747596
    0.856797996   -0.698131701 -111.339078112  -27.395763272    4.171497376
    1.047197551   -0.698131701 -113.753622655    3.356636891    6.359316873
    1.237597106   -0.698131701 -109.827092738   37.455237763    8.106868472
    1.427996661   -0.698131701  -99.943655074   64.272729232    9.153779763
    1.618396215   -0.698131701  -86.301876032   76.096340426    9.524415588
    1.808795770   -0.698131701  -72.055587295   70.750202629    9.473225606
    1.999195325   -0.698131701  -60.237526705   51.476110441    9.301363406
    2.189594880   -0.698131701  -52.939414353   24.407374331    9.175041933
    2.379994435   -0.698131701  -51.015221262   -3.959180024    9.042138845
    2.570393989   -0.698131701  -54.178779248  -28.259597273    8.674631311
    2.760793544   -0.698131701  -61.261002608  -44.613076361    7.791121106
    2.951193099   -0.698131701  -70.501450253  -50.733200884    6.211040399

   -3.141592654   -0.349065850  -78.770925304  -51.876921337    3.144384656
   -2.951193099   -0.349065850  -87.579505309  -39.645754630   -0.042202079
   -2.760793544   -0.349065850  -93.560985947  -23.085886606   -3.277973030
   -2.570393989   -0.349065850  -96.453173544   -8.101249632   -6.342117113
   -2.379994435   -0.349065850  -97.055902546    0.400503379   -9.216359511
   -2.189594880   -0.349065850  -96.823966422    0.717782071  -12.061930614
   -1.999195325   -0.349065850  -97.165322197   -4.955557654  -15.031651383
   -1.808795770   -0.349065850  -98.781015101  -11.747412087  -18.024899935
   -1.618396215   -0.349065850 -101.378512177  -14.529781900  -20.556741248
   -1.427996661   -0.349065850 -103.865090350  -10.377920690  -21.886310495
   -1.237597106   -0.349065850 -104.911586104    0.261086084  -21.361866595
   -1.047197551   -0.349065850 -103.565754884   13.994321129  -18.791739301
   -0.856797996   -0.349065850  -99.671186604   26.195964471  -14.606025467
   -0.666398442   -0.349065850  -93.929050242   32.783975458   -9.710023809
   -0.475998887   -0.349065850  -87.678915433   31.255718034   -5.127038463
   -0.285599332   -0.349065850  -82.557539979   21.072774554   -1.591763241
   -0.095199777   -0.349065850  -80.105439221    3.603004776    0.707956136
    0.095199777   -0.349065850  -81.403373709  -17.502840733    2.155977082
    0.285599332   -0.349065850  -86.628356292  -36.544941882    3.491489720
    0.475998887   -0.349065850  -94.742499223  -46.745996372    5.420685667
    0.666398442   -0.349065850 -103.493293976  -42.628976715    8.231530041
    0.856797996   -0.349065850 -109.946972457  -22.855969560   11.610078896
    1.047197551   -0.349065850 -111.454983891    8.103834037   14.787950986
    1.237597106   -0.349065850 -106.702274136   41.207607706   16.952634744
    1.427996661   -0.349065850  -96.257266825   66.372733083   17.673704069
    1.618396215   -0.349065850  -82.370149706   76.647110508   17.074383584
    1.808795770   -0.349065850  -68.120547774   70.356089493   15.677435507
    1.999195325   -0.349065850  -56.416779782   50.754230941   14.070232919
    2.189594880   -0.349065850  -49.263326166   23.614894248   12.610927623
    2.379994435   -0.349065850  -47.510043301   -5.023190993   11.321906658
    2.570393989   -0.349065850  -50.940371242  -30.084543696    9.973702220
    2.760793544   -0.349065850  -58.481128477  -47.663837531    8.261484916
    2.951193099   -0.349065850  -68.434288488  -55.163214381    5.983737905

   -3.141592654    0.000000000  -77.870371044  -57.550030990    1.528737170
   -2.951193099    0.000000000  -87.798627124  -45.628675936   -1.444170303
   -2.760793544    0.000000000  -94.911488813  -28.904638922   -4.353800446
   -2.570393989    0.000000000  -98.874214664  -13.507016492   -7.054371145
   -2.379994435    0.000000000 -100.469409414   -4.645683212   -9.547707143
   -2.189594880    0.000000000 -101.178483066   -4.132385243  -11.936964060
   -1.999195325    0.000000000 -102.420443816   -9.500022846  -14.257937998
   -1.808795770    0.000000000 -104.823089633  -15.301763722  -16.295603633
   -1.618396215    0.000000000 -107.912991407  -15.932791617  -17.536643033
   -1.427996661    0.000000000 -110.371717147   -8.533587216  -17.357162557
   -1.237597106    0.000000000 -110.723022011    5.685817154  -15.368344042
   -1.047197551    0.000000000 -108.058614704   22.183532242  -11.713450829
   -0.856797996    0.000000000 -102.478318214   35.365466191   -7.100737751
   -0.666398442    0.000000000  -95.063400577   40.857967337   -2.534163831
   -0.475998887    0.000000000  -87.509296039   36.703601269    1.098724747
   -0.285599332    0.000000000  -81.642150439   23.492510613    3.405025624
   -0.095199777    0.000000000  -78.958065190    3.846199910    4.623355377
    0.095199777    0.000000000  -80.282634953  -17.701793035    5.508424805
    0.285599332    0.000000000  -85.435436788  -35.313641521    6.977921312
    0.475998887    0.000000000  -93.076959295  -42.925593358    9.665030727
    0.666398442    0.000000000 -100.853156456  -36.369196912   13.560176906
    0.856797996    0.000000000 -105.987513700  -15.595288600   17.943028373
    1.047197551    0.000000000 -106.178026134   14.332711935   21.677667356
    1.237597106    0.000000000 -100.473841043   44.780017741   23.753101557
    1.427996661    0.000000000  -89.652009179   66.788329741   23.751011719
    1.618396215    0.000000000  -75.941880640   74.561233173   21.974529711
    1.808795770    0.000000000  -62.229948393   67.016694407   19.193288526
    1.999195325    0.000000000  -51.190611937   47.260748293   16.211421988
    2.189594880    0.000000000  -44.672161476   20.465250895   13.525438887
    2.379994435    0.000000000  -43.492757338   -7.962177498   11.222339898
    2.570393989    0.000000000  -47.500494611  -33.300587620    9.100260791
    2.760793544    0.000000000  -55.719390242  -51.634811114    6.874256711
    2.951193099    0.000000000  -66.518398122  -60.080000533    4.354133307

   -3.141592654    0.349065850  -76.211739681  -61.346381105    0.951659952
   -2.951193099    0.349065850  -86.901333304  -49.788129929   -0.794557120
   -2.760793544    0.349065850  -94.832246373  -33.295609915   -2.417682031
   -2.570393989    0.349065850  -99.644353932  -18.013279114   -3.968951507
   -2.379994435    0.349065850 -102.101458010   -9.172010355   -5.529159186
   -2.189594880    0.349065850 -103.661251383   -8.487462461   -7.143204529
   -1.999195325    0.349065850 -105.682381986  -13.216238403   -8.721419293
   -1.808795770    0.349065850 -108.669742642  -17.567247116   -9.976136123
   -1.618396215    0.349065850 -111.978091970  -15.816682493  -10.467567803
   -1.427996661    0.349065850 -114.138131324   -5.469820201   -9.789988190
   -1.237597106    0.349065850 -113.639178643   11.425178608   -7.818513974
   -1.047197551    0.349065850 -109.716282141   29.390203730   -4.860323355
   -0.856797996    0.349065850 -102.761930544   42.290932983   -1.577492093
   -0.666398442    0.349065850  -94.185682614   45.921973791    1.299260645
   -0.475998887    0.349065850  -85.910688011   39.190843591    3.300829478
   -0.285599332    0.349065850  -79.787400398   23.863938214    4.460298439
   -0.095199777    0.349065850  -77.121821634    3.581042372    5.299213117
    0.095199777    0.349065850  -78.405705692  -16.700270654    6.621302904
    0.285599332    0.349065850  -83.119284602  -31.526128441    9.136523384
    0.475998887    0.349065850  -89.731023294  -35.959168112   13.092238607
    0.666398442    0.349065850  -95.950869584  -27.292292328   18.055782712
    0.856797996    0.349065850  -99.324890634   -6.616466612   22.996715614
    1.047197551    0.349065850  -98.010900318   20.785074971   26.668689595
    1.237597106    0.349065850  -91.455629424   47.118486332   28.144585178
    1.427996661    0.349065850  -80.602988262   64.889334007   27.193693076
    1.618396215    0.349065850  -67.571479799   69.614714728   24.311500172
    1.808795770    0.349065850  -54.950951580   60.800752078   20.403542753
    1.999195325    0.349065850  -45.090393873   41.297486536   16.352516537
    2.189594880    0.349065850  -39.614672935   15.536996262   12.716279703
    2.379994435    0.349065850  -39.268166732  -11.826863118    9.663341944
    2.570393989    0.349065850  -43.942870722  -36.530853370    7.104488840
    2.760793544    0.349065850  -52.758744800  -54.758015039    4.872128363
    2.951193099    0.349065850  -64.173904295  -63.470855222    2.839187926

   -3.141592654    0.698131701  -74.565739204  -62.972797946    0.231711800
   -2.951193099    0.698131701  -85.571975777  -51.494658608    0.086641812
   -2.760793544    0.698131701  -93.848963431  -35.217834784    0.085359228
   -2.570393989    0.698131701  -99.051345158  -20.176335979   -0.013396601
   -2.379994435    0.698131701 -101.937072018  -11.482780966   -0.366980002
   -2.189594880    0.698131701 -103.935776103  -10.735511715   -0.991546925
   -1.999195325    0.698131701 -106.353623373  -15.064196396   -1.754991898
   -1.808795770    0.698131701 -109.620649682  -18.580205564   -2.422250530
   -1.618396215    0.698131701 -113.010673644  -15.610716519   -2.741674161
   -1.427996661    0.698131701 -115.004199465   -3.940904513   -2.549567150
   -1.237597106    0.698131701 -114.112008715   13.923278495   -1.850751340
   -1.047197551    0.698131701 -109.678158844   32.104951609   -0.826070735
   -0.856797996    0.698131701 -102.254545372   44.380517046    0.268252570
   -0.666398442    0.698131701  -93.384495064   46.887632347    1.260305244
   -0.475998887    0.698131701  -85.023454067   39.235084600    2.189079467
   -0.285599332    0.698131701  -78.908768890   23.932699071    3.359860765
   -0.095199777    0.698131701  -76.116417345    5.091343903    5.234638647
    0.095199777    0.698131701  -76.868019283  -12.446634516    8.252257930
    0.285599332    0.698131701  -80.458084823  -23.980980250   12.566874805
    0.475998887    0.698131701  -85.362121239  -25.793070189   17.861526846
    0.666398442    0.698131701  -89.539058308  -16.398153211   23.314897824
    0.856797996    0.698131701  -90.969293205    2.471373056   27.807234811
    1.047197551    0.698131701  -88.278695494   25.869839315   30.296399011
    1.237597106    0.698131701  -81.227051263   47.214892651   30.233584424
    1.427996661    0.698131701  -70.799463332   60.541524635   27.755484254
    1.618396215    0.698131701  -58.892730063   62.482142174   23.582828074
    1.808795770    0.698131701  -47.737287237   52.849465126   18.677135088
    1.999195325    0.698131701  -39.342170534   34.046311716   13.873394706
    2.189594880    0.698131701  -35.115031652    9.729551321    9.682143824
    2.379994435    0.698131701  -35.726811229  -16.116758062    6.293476491
    2.570393989    0.698131701  -41.095867327  -39.598119811    3.714934663
    2.760793544    0.698131701  -50.410999005  -57.001933888    1.897257213
    2.951193099    0.698131701  -62.204932573  -65.255272634    0.773756356

   -3.141592654    1.047197551  -75.770296537  -62.828088831   -4.802520708
   -2.951193099    1.047197551  -86.676308389  -50.643935066   -3.750811385
   -2.760793544    1.047197551  -94.763605231  -34.140805343   -2.384357668
   -2.570393989    1.047197551  -99.773742015  -19.282633878   -1.085878673
   -2.379994435    1.047197551 -102.525172625  -10.979519687   -0.100638144
   -2.189594880    1.047197551 -104.465666810  -10.605970549    0.507056019
   -1.999195325    1.047197551 -106.882146191  -15.142842925    0.798811842
   -1.808795770    1.047197551 -110.168418237  -18.678142599    0.860558977
   -1.618396215    1.047197551 -113.569994991  -15.632628051    0.734404682
   -1.427996661    1.047197551 -115.562959934   -3.935975028    0.422084386
   -1.237597106    1.047197551 -114.677719220   13.810168798   -0.051299141
   -1.047197551    1.047197551 -110.284423888   31.777175954   -0.573503596
   -0.856797996    1.047197551 -102.936135130   43.958722152   -0.910455153
   -0.666398442    1.047197551  -94.123420253   46.804462430   -0.736572619
   -0.475998887    1.047197551  -85.689555690   40.229438500    0.290164956
   -0.285599332    1.047197551  -79.215613484   26.840402460    2.465964350
   -0.095199777    1.047197551  -75.633636601   10.548117727    5.942228252
    0.095199777    1.047197551  -75.093293505   -4.387594532   10.657344495
    0.285599332    1.047197551  -76.955089889  -14.089721328   16.228388748
    0.475998887    1.047197551  -79.921315393  -15.651211426   21.928332244
    0.666398442    1.047197551  -82.303691264   -8.030923646   26.778265608
    0.856797996    1.047197551  -82.459716699    7.233514455   29.809783701
    1.047197551    1.047197551  -79.290764128   26.072055132   30.373313631
    1.237597106    1.047197551  -72.625053939   43.097535544   28.395861615
    1.427996661    1.047197551  -63.297654838   53.373081107   24.373896737
    1.618396215    1.047197551  -52.911941438   53.955182022   19.156240953
    1.808795770    1.047197551  -43.387319751   44.441111033   13.613059117
    1.999195325    1.047197551  -36.506462514   26.637926622    8.384114301
    2.189594880    1.047197551  -33.566899872    3.625980314    3.824306702
    2.379994435    1.047197551  -35.215333557  -20.912488241    0.092935712
    2.570393989    1.047197551  -41.376213278  -43.117638153   -2.705237293
    2.760793544    1.047197551  -51.239315594  -59.228133880   -4.464925667
    2.951193099    1.047197551  -63.335348679  -66.203997997   -5.132598068

   -3.141592654    1.396263402  -80.808421627  -61.268355683  -10.351518953
   -2.951193099    1.396263402  -91.230153515  -47.237819733   -8.710503831
   -2.760793544    1.396263402  -98.564166329  -29.784600475   -6.687427968
   -2.570393989    1.396263402 -102.728821171  -14.890313745   -4.688925963
   -2.379994435    1.396263402 -104.694552023   -7.200115936   -2.935245800
   -2.189594880    1.396263402 -106.002083805   -7.768684829   -1.446739076
   -1.999195325    1.396263402 -107.979658316  -13.386525611   -0.162792913
   -1.808795770    1.396263402 -111.042873483  -18.116279242    0.911008187
   -1.618396215    1.396263402 -114.460323904  -16.381690206    1.654476445
   -1.427996661    1.396263402 -116.718975275   -5.956421269    1.921631796
   -1.237597106    1.396263402 -116.308468157   10.936601740    1.705925098
   -1.047197551    1.396263402 -112.475451760   28.932829467    1.241621033
   -0.856797996    1.396263402 -105.571469935   42.335373954    0.981494382
   -0.666398442    1.396263402  -96.858105583   47.543074027    1.442767048
   -0.475998887    1.396263402  -87.994637020   44.084109443    3.019346640
   -0.285599332    1.396263402  -80.474978870   33.927031076    5.868993800
   -0.095199777    1.396263402  -75.276166517   20.296089470    9.850262225
    0.095199777    1.396263402  -72.719787488    6.784347631   14.540323731
    0.285599332    1.396263402  -72.453102572   -3.222266526   19.249718847
    0.475998887    1.396263402  -73.531112124   -6.997332230   23.130431096
    0.666398442    1.396263402  -74.609370330   -3.190452515   25.363645689
    0.856797996    1.396263402  -74.278836914    7.454850474   25.427857538
    1.047197551    1.396263402  -71.493986727   21.953622853   23.274661271
    1.237597106    1.396263402  -65.937172054   35.810388164   19.369433836
    1.427996661    1.396263402  -58.174699740   44.470367419   14.471855955
    1.618396215    1.396263402  -49.528636908   44.754969667    9.344165528
    1.808795770    1.396263402  -41.719156035   35.686469828    4.505464607
    1.999195325    1.396263402  -36.442808642   18.544024381    0.172161357
    2.189594880    1.396263402  -34.980876244   -3.795746035   -3.621294555
    2.379994435    1.396263402  -37.967081129  -27.486495784   -6.838773948
    2.570393989    1.396263402  -45.263217715  -48.361485876   -9.321640765
    2.760793544    1.396263402  -55.948407884  -62.506681126  -10.822360330
    2.951193099    1.396263402  -68.443300853  -67.055665299  -11.153862977

   -3.141592654    1.745329252  -87.165433282  -59.185966833  -16.407280978
   -2.951193099    1.745329252  -97.018404932  -43.483701228  -14.822857048
   -2.760793544    1.745329252 -103.547927580  -25.236329414  -12.601967290
   -2.570393989    1.745329252 -106.835464365  -10.333844408  -10.089204612
   -2.379994435    1.745329252 -107.971702922   -3.095817684   -7.482645044
   -2.189594880    1.745329252 -108.556015238   -4.295075135   -4.823956706
   -1.999195325    1.745329252 -109.940452719  -10.657115247   -2.125054892
   -1.808795770    1.745329252 -112.569692921  -16.333606665    0.484848890
   -1.618396215    1.745329252 -115.755549235  -15.766957003    2.725364645
   -1.427996661    1.745329252 -118.007974007   -6.475845627    4.295002179
   -1.237597106    1.745329252 -117.764908816    9.813850810    5.086102847
   -1.047197551    1.745329252 -114.124242775   28.217670394    5.316381761
   -0.856797996    1.745329252 -107.222689757   43.201366732    5.488167093
   -0.666398442    1.745329252  -98.119962436   50.858990903    6.172433568
   -0.475998887    1.745329252  -88.367350119   50.083949833    7.751694450
   -0.285599332    1.745329252  -79.484835182   42.092136201   10.270338752
   -0.095199777    1.745329252  -72.613364570   29.465187155   13.399703142
    0.095199777    1.745329252  -68.340901475   15.346669074   16.533365701
    0.285599332    1.745329252  -66.639636201    3.002781554   18.914452838
    0.475998887    1.745329252  -66.872344986   -4.531212347   19.839609648
    0.666398442    1.745329252  -67.897641546   -5.106733555   18.874929718
    0.856797996    1.745329252  -68.322178227    1.605283181   16.049821970
    1.047197551    1.745329252  -66.918683791   13.586262422   11.858277573
    1.237597106    1.745329252  -63.052439706   26.700573384    7.100571098
    1.427996661    1.745329252  -56.975524927   36.043221699    2.538478852
    1.618396215    1.745329252  -49.814259901   37.604088834   -1.377525909
    1.808795770    1.745329252  -43.256097450   29.609824391   -4.608021259
    1.999195325    1.745329252  -39.079909524   12.973259451   -7.398687633
    2.189594880    1.745329252  -38.665120694   -9.246008616  -10.027470770
    2.379994435    1.745329252  -42.671381437  -32.672323324  -12.575042751
    2.570393989    1.745329252  -50.880941334  -52.624977440  -14.838519251
    2.760793544    1.745329252  -62.224562797  -65.016760410  -16.432348185
    2.951193099    1.745329252  -74.983532788  -67.254938598  -16.997749545

   -3.141592654    2.094395102  -93.949601852  -57.781890123  -18.747995925
   -2.951193099    2.094395102 -103.372789718  -40.471112884  -17.332341679
   -2.760793544    2.094395102 -109.221223679  -21.197842790  -15.155912469
   -2.570393989    2.094395102 -111.683689589   -5.777888361  -12.484647602
   -2.379994435    2.094395102 -111.925070284    1.716220532   -9.469556899
   -2.189594880    2.094395102 -111.576977549    0.665489241   -6.126095965
   -1.999195325    2.094395102 -112.015502048   -5.732146003   -2.452595477
   -1.808795770    2.094395102 -113.740221113  -11.845981672    1.415227938
   -1.618396215    2.094395102 -116.152895618  -12.218922890    5.146025209
   -1.427996661    2.094395102 -117.843811684   -4.146517658    8.319806459
   -1.237597106    2.094395102 -117.257805790   11.161333155   10.641620058
   -1.047197551    2.094395102 -113.395589589   29.345465427   12.104447390
   -0.856797996    2.094395102 -106.222339923   45.072265757   12.995369298
   -0.666398442    2.094395102  -96.634744902   54.137727217   13.721681810
   -0.475998887    2.094395102  -86.116132021   54.785981742   14.573966884
   -0.285599332    2.094395102  -76.254592127   47.492965612   15.563675111
   -0.095199777    2.094395102  -68.385972966   34.298598964   16.382336497
    0.095199777    2.094395102  -63.363414335   18.149981198   16.507755575
    0.285599332    2.094395102  -61.421398203    2.567472356   15.381529638
    0.475998887    2.094395102  -62.093486992   -8.722492277   12.656645547
    0.666398442    2.094395102  -64.245809171  -12.575274994    8.403490933
    0.856797996    2.094395102  -66.298274734   -7.729086966    3.194356739
    1.047197551    2.094395102  -66.699968075    4.284294273   -2.066785938
    1.237597106    2.094395102  -64.467100052   19.053500936   -6.473873237
    1.427996661    2.094395102  -59.620043748   30.801685609   -9.507128770
    1.618396215    2.094395102  -53.244621897   34.462936567  -11.209149290
    1.808795770    2.094395102  -47.163483968   27.545382384  -12.087943851
    1.999195325    2.094395102  -43.370577107   10.854821762  -12.810063074
    2.189594880    2.094395102  -43.422914346  -12.077743023  -13.873029407
    2.379994435    2.094395102  -48.036119516  -36.132436676  -15.396245679
    2.570393989    2.094395102  -56.910963031  -55.990755070  -17.111726179
    2.760793544    2.094395102  -68.811165476  -67.332872830  -18.525948812
    2.951193099    2.094395102  -81.850842247  -67.801961832  -19.157544950

   -3.141592654    2.443460953 -100.283651606  -57.057515624  -12.786680276
   -2.951193099    2.443460953 -109.434449902  -38.389645739  -11.105852706
   -2.760793544    2.443460953 -114.775654937  -18.001768782   -8.879297889
   -2.570393989    2.443460953 -116.537301314   -1.631690194   -6.331575029
   -2.379994435    2.443460953 -115.897130731    6.839775240   -3.560415862
   -2.189594880    2.443460953 -114.471630204    6.859892890   -0.494808575
   -1.999195325    2.443460953 -113.633776369    1.431170016    2.995748530
   -1.808795770    2.443460953 -113.937229146   -4.196669586    6.916008111
   -1.618396215    2.443460953 -114.907829893   -4.871154598   11.015141656
   -1.427996661    2.443460953 -115.291207548    2.122722963   14.824563933
   -1.237597106    2.443460953 -113.650364033   15.936209640   17.850371382
   -1.047197551    2.443460953 -109.017685362   32.711779547   19.790765171
   -0.856797996    2.443460953 -101.303601499   47.463668829   20.639285586
   -0.666398442    2.443460953  -91.317960033   55.968121723   20.602705648
   -0.475998887    2.443460953  -80.495007456   56.115330853   19.909279615
   -0.285599332    2.443460953  -70.458611183   47.884860115   18.628779116
   -0.095199777    2.443460953  -62.667642699   32.934564361   16.605385100
    0.095199777    2.443460953  -58.142701064   14.152657802   13.547851337
    0.285599332    2.443460953  -57.256140618   -4.550966063    9.225583895
    0.475998887    2.443460953  -59.563812270  -18.653085738    3.711767834
    0.666398442    2.443460953  -63.781352527  -24.041195197   -2.472767377
    0.856797996    2.443460953  -68.010967772  -18.773656931   -8.415015508
    1.047197551    2.443460953  -70.316098131   -4.370216162  -13.112676398
    1.237597106    2.443460953  -69.401446316   13.966688877  -15.873777911
    1.427996661    2.443460953  -65.177921390   29.229074387  -16.618452818
    1.618396215    2.443460953  -58.852571152   35.259800564  -15.876323859
    1.808795770    2.443460953  -52.524365069   29.083043839  -14.508936497
    1.999195325    2.443460953  -48.485258678   11.728888938  -13.322969133
    2.189594880    2.443460953  -48.496854777  -12.559271922  -12.788176644
    2.379994435    2.443460953  -53.327724208  -37.848823647  -12.937435679
    2.570393989    2.443460953  -62.593255148  -58.224271285  -13.454114764
    2.760793544    2.443460953  -74.895459536  -69.167782656  -13.858370531
    2.951193099    2.443460953  -88.185955792  -68.512535037  -13.713303094

   -3.141592654    2.792526803 -103.456150837  -55.544113403    0.938332187
   -2.951193099    2.792526803 -112.227269425  -35.964451474    3.005191803
   -2.760793544    2.792526803 -117.035271600  -14.874488817    4.919750762
   -2.570393989    2.792526803 -118.148795109    2.030951202    6.629542686
   -2.379994435    2.792526803 -116.758643738   11.076994094    8.307769916
   -2.189594880    2.792526803 -114.453335622   11.904682001   10.310918924
   -1.999195325    2.792526803 -112.559292079    7.495757141   12.989652220
   -1.808795770    2.792526803 -111.614728582    2.794583972   16.449281782
   -1.618396215    2.792526803 -111.205008617    2.507881329   20.398784053
   -1.427996661    2.792526803 -110.213790793    9.022012902   24.201102529
   -1.237597106    2.792526803 -107.376523728   21.471161943   27.111574267
   -1.047197551    2.792526803 -101.871188987   36.278199251   28.566641478
   -0.856797996    2.792526803  -93.685175511   48.841836194   28.364738443
   -0.666398442    2.792526803  -83.643416402   55.187078720   26.641603644
   -0.475998887    2.792526803  -73.170721076   53.209880270   23.706832472
   -0.285599332    2.792526803  -63.897284562   42.746397428   19.835685356
   -0.095199777    2.792526803  -57.312844944   25.376662088   15.170490833
    0.095199777    2.792526803  -54.460428748    4.173893672    9.756140437
    0.285599332    2.792526803  -55.668008985  -16.426322152    3.695626967
    0.475998887    2.792526803  -60.324782375  -31.187225114   -2.673085063
    0.666398442    2.792526803  -66.850612094  -35.418742117   -8.705045070
    0.856797996    2.792526803  -72.986267885  -27.129438735  -13.570127461
    1.047197551    2.792526803  -76.491953712   -8.498551432  -16.545333630
    1.237597106    2.792526803  -75.949499320   14.095773945  -17.340581931
    1.427996661    2.792526803  -71.379900903   32.479093538  -16.242274701
    1.618396215    2.792526803  -64.278015414   39.866268431  -13.977018449
    1.808795770    2.792526803  -57.080868940   33.381955061  -11.376564385
    1.999195325    2.792526803  -52.341704465   14.688830139   -9.044142196
    2.189594880    2.792526803  -51.943050560  -11.181859760   -7.205009807
    2.379994435    2.792526803  -56.636938745  -37.684058829   -5.747181854
    2.570393989    2.792526803  -65.933156815  -58.585612535   -4.394030164
    2.760793544    2.792526803  -78.296357908  -69.339894927   -2.882258687
    2.951193099    2.792526803  -91.555991532  -67.960843937   -1.087159872
