#! FIELDS phi psi file.free der_phi der_psi
#! SET min_phi -pi
#! SET max_phi pi
#! SET nbins_phi  33
#! SET periodic_phi true
#! SET min_psi -pi
#! SET max_psi pi
#! SET nbins_psi  18
#! SET periodic_psi true
   -3.141592654   -3.141592654  -19.330799297  -28.698720633    7.664753984
   -2.951193099   -3.141592654  -24.591708341  -25.762647074   10.064919249
   -2.760793544   -3.141592654  -28.854380441  -18.414918848   12.206092600
   -2.570393989   -3.141592654  -31.456514825   -8.783998631   13.845817801
   -2.379994435   -3.141592654  -32.245520031    0.145638340   14.946759902
   -2.189594880   -3.141592654  -31.592880502    6.121436448   15.666517920
   -1.999195325   -3.141592654  -30.129767158    8.769772570   16.211511952
   -1.808795770   -3.141592654  -28.375880528    9.508336689   16.649615075
   -1.618396215   -3.141592654  -26.500408658   10.352563123   16.820750533
   -1.427996661   -3.141592654  -24.346054801   12.525125796   16.416550587
   -1.237597106   -3.141592654  -21.659808441   15.789128983   15.176703360
   -1.047197551   -3.141592654  -18.349084695   18.805038662   13.069976619
   -0.856797996   -3.141592654  -14.608267950   20.108188356   10.343059522
   -0.666398442   -3.141592654  -10.848311005   18.868438720    7.410553252
   -0.475998887   -3.141592654   -7.554604031   15.347355449    4.678287499
   -0.285599332   -3.141592654   -5.088631983   10.338670838    2.372315332
   -0.095199777   -3.141592654   -3.638964073    4.860208609    0.492111326
    0.095199777   -3.141592654   -3.209656983   -0.247362460   -1.134829500
    0.285599332   -3.141592654   -3.659094402   -4.254453986   -2.714756229
    0.475998887   -3.141592654   -4.712001528   -6.490389040   -4.339343776
    0.666398442   -3.141592654   -5.978635027   -6.437347700   -5.902105083
    0.856797996   -3.141592654   -7.011537758   -4.111193174   -7.127228470
    1.047197551   -3.141592654   -7.437831761   -0.238690666   -7.703715679
    1.237597106   -3.141592654   -7.089892445    3.788806189   -7.461623349
    1.427996661   -3.141592654   -6.074547626    6.577246019   -6.470749442
    1.618396215   -3.141592654   -4.722430465    7.263007595   -5.007849690
    1.808795770   -3.141592654   -3.451574099    5.752678435   -3.419399223
    1.999195325   -3.141592654   -2.649058817    2.418612240   -1.960127380
    2.189594880   -3.141592654   -2.620283619   -2.322138869   -0.702946356
    2.379994435   -3.141592654   -3.607864084   -8.218450219    0.458743517
    2.570393989   -3.141592654   -5.805424158  -14.948965261    1.734269632
    2.760793544   -3.141592654   -9.304936121  -21.694019667    3.327728832
    2.951193099   -3.141592654  -13.971457699  -26.905591156    5.332367686

   -3.141592654   -2.792526803  -16.054920518  -23.545966664   10.669907617
   -2.951193099   -2.792526803  -20.360498816  -21.026403491   13.676670552
   -2.760793544   -2.792526803  -23.822779840  -14.852772942   16.160882029
   -2.570393989   -2.792526803  -25.893632892   -6.786911673   17.783792666
   -2.379994435   -2.792526803  -26.443947721    0.722341244   18.488834232
   -2.189594880   -2.792526803  -25.775274566    5.817597339   18.488281017
   -1.999195325   -2.792526803  -24.407775959    8.141494964   18.091428419
   -1.808795770   -2.792526803  -22.783723335    8.769534185   17.491175975
   -1.618396215   -2.792526803  -21.074690929    9.275626290   16.660952253
   -1.427996661   -2.792526803  -19.194012395   10.650749894   15.423161368
   -1.237597106   -2.792526803  -16.969987593   12.782259389   13.622239234
   -1.047197551   -2.792526803  -14.339234360   14.719196823   11.272602148
   -0.856797996   -2.792526803  -11.445955924   15.391352816    8.587202057
   -0.666398442   -2.792526803   -8.595091891   14.153020022    5.876575537
   -0.475998887   -2.792526803   -6.158483392   11.127630046    3.415701445
   -0.285599332   -2.792526803   -4.433076353    6.786271383    1.307276210
   -0.095199777   -2.792526803   -3.608680195    1.798931556   -0.530110753
    0.095199777   -2.792526803   -3.742991261   -3.161335853   -2.304254967
    0.285599332   -2.792526803   -4.755275662   -7.267732688   -4.205034060
    0.475998887   -2.792526803   -6.389502357   -9.533381684   -6.257627375
    0.666398442   -2.792526803   -8.207004184   -9.079011693   -8.245190253
    0.856797996   -2.792526803   -9.656793410   -5.737555276   -9.766036364
    1.047197551   -2.792526803  -10.257056138   -0.383266084  -10.409456536
    1.237597106   -2.792526803   -9.787032320    5.186063843   -9.972011957
    1.427996661   -2.792526803   -8.387278828    9.121635077   -8.568991990
    1.618396215   -2.792526803   -6.491807212   10.310927162   -6.574968468
    1.808795770   -2.792526803   -4.640529944    8.724159418   -4.438636130
    1.999195325   -2.792526803   -3.303896332    5.042282141   -2.475664363
    2.189594880   -2.792526803   -2.802920344    0.058456158   -0.760756523
    2.379994435   -2.792526803   -3.331611146   -5.704101387    0.860006836
    2.570393989   -2.792526803   -5.001243761  -11.850736048    2.659272844
    2.760793544   -2.792526803   -7.829216557  -17.716181177    4.881672585
    2.951193099   -2.792526803  -11.655220544  -22.102362245    7.607025253

   -3.141592654   -2.443460953  -12.144451368  -17.688810390   11.075743141
   -2.951193099   -2.443460953  -15.380992596  -15.824393856   13.991344185
   -2.760793544   -2.443460953  -17.984807933  -11.158895057   16.249744565
   -2.570393989   -2.443460953  -19.533423430   -5.014171311   17.493939010
   -2.379994435   -2.443460953  -19.918821191    0.758268098   17.663760013
   -2.189594880   -2.443460953  -19.362439380    4.715827416   16.988721007
   -1.999195325   -2.443460953  -18.263040747    6.506720755   15.828833059
   -1.808795770   -2.443460953  -16.976207391    6.871131774   14.471296804
   -1.618396215   -2.443460953  -15.660986030    6.994145450   13.019862723
   -1.427996661   -2.443460953  -14.274039878    7.702988803   11.428440545
   -1.237597106   -2.443460953  -12.688515204    9.025788963    9.623636204
   -1.047197551   -2.443460953  -10.839565965   10.323156853    7.613449878
   -0.856797996   -2.443460953   -8.811911779   10.779198196    5.514674627
   -0.666398442   -2.443460953   -6.822256564    9.807185348    3.488036549
   -0.475998887   -2.443460953   -5.163968226    7.332326894    1.658840556
   -0.285599332   -2.443460953   -4.108485917    3.526702630    0.018486590
   -0.095199777   -2.443460953   -3.876751155   -1.228100469   -1.571596597
    0.095199777   -2.443460953   -4.597843271   -6.357055787   -3.330560514
    0.285599332   -2.443460953   -6.256422532  -10.867508070   -5.422105540
    0.475998887   -2.443460953   -8.606232112  -13.375937813   -7.811100120
    0.666398442   -2.443460953  -11.133788010  -12.557616744  -10.186650054
    0.856797996   -2.443460953  -13.144878786   -8.005610342  -12.031596949
    1.047197551   -2.443460953  -14.005006157   -0.763822383  -12.827823329
    1.237597106   -2.443460953  -13.409719626    6.855283204  -12.310992079
    1.427996661   -2.443460953  -11.528881702   12.386611893  -10.608103993
    1.618396215   -2.443460953   -8.924039844   14.345654864   -8.169562789
    1.808795770   -2.443460953   -6.296232184   12.736721464   -5.546924828
    1.999195325   -2.443460953   -4.234417008    8.616180569   -3.141764564
    2.189594880   -2.443460953   -3.092539275    3.263923350   -1.071719947
    2.379994435   -2.443460953   -3.013349681   -2.436957323    0.816251864
    2.570393989   -2.443460953   -4.012123488   -7.993381321    2.814002682
    2.760793544   -2.443460953   -6.019891348  -12.934874423    5.181875536
    2.951193099   -2.443460953   -8.850651244  -16.490285434    7.997932498

   -3.141592654   -2.094395102   -8.543731610  -12.573108522    9.648123636
   -2.951193099   -2.094395102  -10.869913550  -11.543592911   12.054484526
   -2.760793544   -2.094395102  -12.805334053   -8.538960023   13.801399381
   -2.570393989   -2.094395102  -14.050641714   -4.471036567   14.572270169
   -2.379994435   -2.094395102  -14.522691531   -0.624987891   14.313919882
   -2.189594880   -2.094395102  -14.368585966    1.990503278   13.232657137
   -1.999195325   -2.094395102  -13.860290938    3.128977073   11.665560919
   -1.808795770   -2.094395102  -13.236155520    3.349353762    9.916260718
   -1.618396215   -2.094395102  -12.584294521    3.569046239    8.162209895
   -1.427996661   -2.094395102  -11.834381519    4.442768137    6.465984612
   -1.237597106   -2.094395102  -10.851544812    5.966676675    4.844847962
   -1.047197551   -2.094395102   -9.560832202    7.538950548    3.326711981
   -0.856797996   -2.094395102   -8.030812384    8.348820251    1.958563895
   -0.666398442   -2.094395102   -6.469123643    7.752229101    0.766237774
   -0.475998887   -2.094395102   -5.176591049    5.520183213   -0.276865928
   -0.285599332   -2.094395102   -4.465348323    1.674021108   -1.297738420
   -0.095199777   -2.094395102   -4.622157541   -3.522768841   -2.498017780
    0.095199777   -2.094395102   -5.852324128   -9.453518254   -4.103411812
    0.285599332   -2.094395102   -8.187811572  -14.858426979   -6.241603181
    0.475998887   -2.094395102  -11.357274767  -17.881116921   -8.810898049
    0.666398442   -2.094395102  -14.725675809  -16.705798202  -11.414948065
    0.856797996   -2.094395102  -17.405083698  -10.698215984  -13.448510488
    1.047197551   -2.094395102  -18.568011175   -1.156709319  -14.320242474
    1.237597106   -2.094395102  -17.807534515    8.943298338  -13.734119500
    1.427996661   -2.094395102  -15.333240813   16.383935444  -11.832187432
    1.618396215   -2.094395102  -11.865116409   19.231337954   -9.119720376
    1.808795770   -2.094395102   -8.302600411   17.533803355   -6.217455042
    1.999195325   -2.094395102   -5.382615785   12.789433742   -3.586899312
    2.189594880   -2.094395102   -3.507375737    6.838993963   -1.383880009
    2.379994435   -2.094395102   -2.772021962    0.969601014    0.525004832
    2.570393989   -2.094395102   -3.094780980   -4.218949434    2.421198103
    2.760793544   -2.094395102   -4.319452564   -8.459493941    4.559985250
    2.951193099   -2.094395102   -6.234544663  -11.408426708    7.023539521

   -3.141592654   -1.745329252   -5.845902602   -8.948049606    6.862225719
   -2.951193099   -1.745329252   -7.546933661   -8.730848531    8.394251521
   -2.760793544   -1.745329252   -9.073027991   -7.137574968    9.363819181
   -2.570393989   -1.745329252  -10.209726605   -4.737841819    9.545820099
   -2.379994435   -1.745329252  -10.880438974   -2.382475944    8.897961975
   -2.189594880   -1.745329252  -11.165688262   -0.774304883    7.562453942
   -1.999195325   -1.745329252  -11.236361076   -0.106032808    5.794825924
   -1.808795770   -1.745329252  -11.239549675    0.046814100    3.873412010
   -1.618396215   -1.745329252  -11.203073990    0.436947933    2.042300946
   -1.427996661   -1.745329252  -11.021198300    1.632199668    0.490237422
   -1.237597106   -1.745329252  -10.532426656    3.612206711   -0.660556727
   -1.047197551   -1.745329252   -9.637878939    5.749859336   -1.374214527
   -0.856797996   -1.745329252   -8.392723867    7.138449899   -1.712344157
   -0.666398442   -1.745329252   -7.017125211    6.983871293   -1.828855098
   -0.475998887   -1.745329252   -5.853960272    4.870184198   -1.926701973
   -0.285599332   -1.745329252   -5.290338487    0.701468100   -2.240032468
   -0.095199777   -1.745329252   -5.701492574   -5.294211291   -2.988746580
    0.095199777   -1.745329252   -7.374031973  -12.364182160   -4.347442011
    0.285599332   -1.745329252  -10.376036916  -18.907334571   -6.360101079
    0.475998887   -1.745329252  -14.389215169  -22.559254453   -8.846958344
    0.666398442   -1.745329252  -18.631872390  -21.016625632  -11.364135468
    0.856797996   -1.745329252  -22.001519665  -13.445579067  -13.295647226
    1.047197551   -1.745329252  -23.463381643   -1.455769108  -14.070075511
    1.237597106   -1.745329252  -22.505989267   11.263310441  -13.419571528
    1.427996661   -1.745329252  -19.385199833   20.692912495  -11.505624135
    1.618396215   -1.745329252  -14.993288045   24.427990261   -8.835055417
    1.808795770   -1.745329252  -10.443370126   22.561867130   -6.018348406
    1.999195325   -1.745329252   -6.634261061   17.047761607   -3.509030553
    2.189594880   -1.745329252   -4.027773123   10.297958961   -1.471258496
    2.379994435   -1.745329252   -2.681796149    4.005129468    0.196497265
    2.570393989   -1.745329252   -2.427719192   -1.122482371    1.727598165
    2.760793544   -1.745329252   -3.030005852   -4.994961543    3.332857336
    2.951193099   -1.745329252   -4.251770866   -7.638587096    5.083693152

   -3.141592654   -1.396263402   -4.771465006   -7.962717079    4.927755641
   -2.951193099   -1.396263402   -6.329081681   -8.251506481    5.923493758
   -2.760793544   -1.396263402   -7.822615699   -7.294906824    6.408010290
   -2.570393989   -1.396263402   -9.052963953   -5.560844486    6.190296231
   -2.379994435   -1.396263402   -9.939519701   -3.810838257    5.220800629
   -2.189594880   -1.396263402  -10.545605904   -2.694201664    3.599768620
   -1.999195325   -1.396263402  -11.016884078   -2.364162471    1.540211836
   -1.808795770   -1.396263402  -11.465342938   -2.327403264   -0.677188629
   -1.618396215   -1.396263402  -11.867662578   -1.739183656   -2.737971583
   -1.427996661   -1.396263402  -12.053064542    0.008351061   -4.337015026
   -1.237597106   -1.396263402  -11.798716328    2.804760888   -5.248317756
   -1.047197551   -1.396263402  -10.975394094    5.797379459   -5.405751428
   -0.856797996   -1.396263402   -9.656669326    7.806165747   -4.939161228
   -0.666398442   -1.396263402   -8.128761856    7.839164451   -4.141764943
   -0.475998887   -1.396263402   -6.825791561    5.397569572   -3.368736929
   -0.285599332   -1.396263402   -6.231214761    0.430556499   -2.956755398
   -0.095199777   -1.396263402   -6.799735896   -6.722281916   -3.144139379
    0.095199777   -1.396263402   -8.868311807  -15.097329583   -4.049116164
    0.285599332   -1.396263402  -12.503574018  -22.758264646   -5.621785195
    0.475998887   -1.396263402  -17.310821470  -26.907457002   -7.613644988
    0.666398442   -1.396263402  -22.351376425  -24.865459033   -9.584472570
    0.856797996   -1.396263402  -26.318560134  -15.711809455  -11.006354184
    1.047197551   -1.396263402  -27.997933642   -1.408561749  -11.441508054
    1.237597106   -1.396263402  -26.800974227   13.671755242  -10.729909165
    1.427996661   -1.396263402  -23.044620280   24.805006405   -9.056314589
    1.618396215   -1.396263402  -17.789146357   29.206130745   -6.855336518
    1.808795770   -1.396263402  -12.344686634   27.048274402   -4.612046577
    1.999195325   -1.396263402   -7.756485921   20.694547404   -2.664578090
    2.189594880   -1.396263402   -4.544568160   13.030744426   -1.117712403
    2.379994435   -1.396263402   -2.747944328    6.057560677    0.124928428
    2.570393989   -1.396263402   -2.143216666    0.552732830    1.251618096
    2.760793544   -1.396263402   -2.445911578   -3.505559320    2.422953787
    2.951193099   -1.396263402   -3.399749679   -6.331218714    3.684357575

   -3.141592654   -1.047197551   -4.462195514   -7.784778663    2.846544995
   -2.951193099   -1.047197551   -6.020859365   -8.477040924    3.077795973
   -2.760793544   -1.047197551   -7.607391577   -8.070390437    2.880479350
   -2.570393989   -1.047197551   -9.045882495   -6.982374643    2.165047376
   -2.379994435   -1.047197551  -10.267382605   -5.905920598    0.913373542
   -2.189594880   -1.047197551  -11.332742143   -5.404464154   -0.821617862
   -1.999195325   -1.047197551  -12.364584011   -5.494400322   -2.909109359
   -1.808795770   -1.047197551  -13.419388874   -5.482246879   -5.116753805
   -1.618396215   -1.047197551  -14.379372223   -4.335418329   -7.103691449
   -1.427996661   -1.047197551  -14.956628421   -1.419224313   -8.482301550
   -1.237597106   -1.047197551  -14.829966514    2.923251272   -8.951490218
   -1.047197551   -1.047197551  -13.838308161    7.398405413   -8.438581797
   -0.856797996   -1.047197551  -12.111699149   10.374754733   -7.151679132
   -0.666398442   -1.047197551  -10.063687287   10.600452308   -5.508270589
   -0.475998887   -1.047197551   -8.279037363    7.577231586   -3.971025510
   -0.285599332   -1.047197551   -7.371646896    1.470484536   -2.912486329
   -0.095199777   -1.047197551   -7.874526501   -7.095149084   -2.519306000
    0.095199777   -1.047197551  -10.147081318  -16.833180864   -2.796214082
    0.285599332   -1.047197551  -14.216102463  -25.490568395   -3.580753662
    0.475998887   -1.047197551  -19.587730911  -29.970803128   -4.591637393
    0.666398442   -1.047197551  -25.176056102  -27.416476318   -5.490006951
    0.856797996   -1.047197551  -29.515366829  -16.968028774   -5.974733773
    1.047197551   -1.047197551  -31.272104901   -0.944117244   -5.874964657
    1.237597106   -1.047197551  -29.826279542   15.754034596   -5.206952085
    1.427996661   -1.047197551  -25.562278399   27.932486930   -4.151350318
    1.618396215   -1.047197551  -19.672925534   32.608566518   -2.960855093
    1.808795770   -1.047197551  -13.608522841   30.073432293   -1.853215839
    1.999195325   -1.047197551   -8.509727249   23.006412727   -0.936648451
    2.189594880   -1.047197551   -4.928504750   14.617502597   -0.202865231
    2.379994435   -1.047197551   -2.884680062    7.106306508    0.428995400
    2.570393989   -1.047197551   -2.113217661    1.289052736    1.048100903
    2.760793544   -1.047197551   -2.292878471   -2.932937954    1.695091549
    2.951193099   -1.047197551   -3.150721196   -5.907180421    2.333546489

   -3.141592654   -0.698131701   -4.137300354   -8.029888788   -0.132572544
   -2.951193099   -0.698131701   -5.791990651   -9.263413327   -0.698508070
   -2.760793544   -0.698131701   -7.587915713   -9.493105792   -1.546324412
   -2.570393989   -0.698131701   -9.361389510   -9.081025262   -2.692433902
   -2.379994435   -0.698131701  -11.046751660   -8.674887731   -4.152854554
   -2.189594880   -0.698131701  -12.697806127   -8.763823271   -5.930617747
   -1.999195325   -0.698131701  -14.407523832   -9.193672355   -7.956633419
   -1.808795770   -0.698131701  -16.160702386   -9.011408140  -10.012111421
   -1.618396215   -0.698131701  -17.719700078   -6.969810728  -11.711313572
   -1.427996661   -0.698131701  -18.656148088   -2.459708451  -12.605700764
   -1.237597106   -0.698131701  -18.544224736    3.823650464  -12.377949379
   -1.047197551   -0.698131701  -17.208774772   10.026465152  -11.014292868
   -0.856797996   -0.698131701  -14.871346640   14.014634624   -8.836666075
   -0.666398442   -0.698131701  -12.107967158   14.325749816   -6.372555187
   -0.475998887   -0.698131701   -9.671798772   10.584319164   -4.139967720
   -0.285599332   -0.698131701   -8.298887954    3.315309984   -2.480627917
   -0.095199777   -0.698131701   -8.567861677   -6.464241816   -1.477677238
    0.095199777   -0.698131701  -10.815436117  -17.134681912   -1.001202465
    0.285599332   -0.698131701  -14.993961885  -26.251602225   -0.790374748
    0.475998887   -0.698131701  -20.512835394  -30.675066155   -0.577325748
    0.666398442   -0.698131701  -26.195760489  -27.662933827   -0.189484973
    0.856797996   -0.698131701  -30.521570071  -16.584477515    0.384190664
    1.047197551   -0.698131701  -32.149994220   -0.022831510    1.010131680
    1.237597106   -0.698131701  -30.498103275   16.939678854    1.496348001
    1.427996661   -0.698131701  -26.007881994   29.078119135    1.702602780
    1.618396215   -0.698131701  -19.921115889   33.516183913    1.611119349
    1.808795770   -0.698131701  -13.711088379   30.701750370    1.317053669
    1.999195325   -0.698131701   -8.513533107   23.436366485    0.964683044
    2.189594880   -0.698131701   -4.859559898   14.971526241    0.673171802
    2.379994435   -0.698131701   -2.747737798    7.476107924    0.493470502
    2.570393989   -0.698131701   -1.902787307    1.686075569    0.405468584
    2.760793544   -0.698131701   -2.010076951   -2.587093278    0.336264611
    2.951193099   -0.698131701   -2.818613159   -5.767492513    0.189696164

   -3.141592654   -0.349065850   -4.497154264   -9.199530093   -2.379516214
   -2.951193099   -0.349065850   -6.410093126  -10.800304757   -3.492006759
   -2.760793544   -0.349065850   -8.532752706  -11.380703729   -4.722965387
   -2.570393989   -0.349065850  -10.698974520  -11.322886063   -6.027994033
   -2.379994435   -0.349065850  -12.847893204  -11.309767060   -7.419256105
   -2.189594880   -0.349065850  -15.038776043  -11.786542171   -8.941410769
   -1.999195325   -0.349065850  -17.346564747  -12.392806868  -10.576735816
   -1.808795770   -0.349065850  -19.686461923  -11.862920675  -12.139286045
   -1.618396215   -0.349065850  -21.696724221   -8.730276453  -13.261643044
   -1.427996661   -0.349065850  -22.809979490   -2.473692956  -13.526295368
   -1.237597106   -0.349065850  -22.512251040    5.776659309  -12.678874034
   -1.047197551   -0.349065850  -20.642560850   13.575590097  -10.786600565
   -0.856797996   -0.349065850  -17.540319588   18.341273647   -8.231555587
   -0.666398442   -0.349065850  -13.953012120   18.513125462   -5.540841855
   -0.475998887   -0.349065850  -10.788640401   13.964612276   -3.163935323
   -0.285599332   -0.349065850   -8.870753307    5.659250887   -1.315548182
   -0.095199777   -0.349065850   -8.779814154   -4.972556179    0.064658941
    0.095199777   -0.349065850  -10.789640056  -16.044030031    1.227489798
    0.285599332   -0.349065850  -14.759742500  -25.083708530    2.473952888
    0.475998887   -0.349065850  -20.024044941  -29.150075529    3.982367163
    0.666398442   -0.349065850  -25.384333125  -25.850621723    5.689682953
    0.856797996   -0.349065850  -29.366016082  -14.875908659    7.278127500
    1.047197551   -0.349065850  -30.719741372    1.064578642    8.312757257
    1.237597106   -0.349065850  -28.950446194   17.050151086    8.460503934
    1.427996661   -0.349065850  -24.535873594   28.204390406    7.669587709
    1.618396215   -0.349065850  -18.684814800   31.988816078    6.192937765
    1.808795770   -0.349065850  -12.790184324   28.995724458    4.452148035
    1.999195325   -0.349065850   -7.901851819   21.945932631    2.837715117
    2.189594880   -0.349065850   -4.495158209   13.874977665    1.566347878
    2.379994435   -0.349065850   -2.556148200    6.737080647    0.650047638
    2.570393989   -0.349065850   -1.831536171    1.126755326   -0.041269550
    2.760793544   -0.349065850   -2.046087085   -3.187309571   -0.688192111
    2.951193099   -0.349065850   -2.988376675   -6.598988651   -1.441301395

   -3.141592654    0.000000000   -5.560280118  -11.317831569   -4.201724714
   -2.951193099    0.000000000   -7.893618225  -13.056923585   -5.630173228
   -2.760793544    0.000000000  -10.447754273  -13.632015793   -7.004583235
   -2.570393989    0.000000000  -13.038887026  -13.543392641   -8.252423538
   -2.379994435    0.000000000  -15.615591111  -13.607038235   -9.403431100
   -2.189594880    0.000000000  -18.260033395  -14.255515836  -10.545128121
   -1.999195325    0.000000000  -21.045062858  -14.880931373  -11.700456540
   -1.808795770    0.000000000  -23.821900259  -13.850568472  -12.713299946
   -1.618396215    0.000000000  -26.104327217   -9.477875306  -13.251815998
   -1.427996661    0.000000000  -27.192006852   -1.394222897  -12.959276150
   -1.237597106    0.000000000  -26.503646765    8.758127769  -11.663755326
   -1.047197551    0.000000000  -23.923068866   17.926686963   -9.503457300
   -0.856797996    0.000000000  -19.932646977   23.157414904   -6.879396087
   -0.666398442    0.000000000  -15.454724367   22.928377143   -4.264148004
   -0.475998887    0.000000000  -11.529128123   17.503693962   -1.995179202
   -0.285599332    0.000000000   -9.021470265    8.358982378   -0.145015622
   -0.095199777    0.000000000   -8.463064150   -2.669406590    1.469371636
    0.095199777    0.000000000  -10.024279060  -13.539175680    3.169487313
    0.285599332    0.000000000  -13.461385796  -21.950580188    5.235858240
    0.475998887    0.000000000  -18.066112829  -25.408913132    7.718215972
    0.666398442    0.000000000  -22.696932280  -22.075606952   10.332021047
    0.856797996    0.000000000  -26.029474305  -12.012130633   12.511033669
    1.047197551    0.000000000  -26.997414262    2.129570514   13.637219652
    1.237597106    0.000000000  -25.232237387   15.938454299   13.340794231
    1.427996661    0.000000000  -21.215714710   25.247155226   11.692931363
    1.618396215    0.000000000  -16.037235115   28.048953281    9.167247229
    1.808795770    0.000000000  -10.908345201   25.038605733    6.406081480
    1.999195325    0.000000000   -6.718630241   18.640284586    3.938583669
    2.189594880    0.000000000   -3.859923494   11.420930439    2.012044633
    2.379994435    0.000000000   -2.319905348    4.947143120    0.586955932
    2.570393989    0.000000000   -1.902578452   -0.375239340   -0.548506176
    2.760793544    0.000000000   -2.405426314   -4.759636026   -1.636942253
    2.951193099    0.000000000   -3.671609993   -8.444237500   -2.842343377

   -3.141592654    0.349065850   -6.610288683  -13.054884116   -4.616514830
   -2.951193099    0.349065850   -9.280296835  -14.828964343   -5.945138164
   -2.760793544    0.349065850  -12.172628004  -15.406058815   -7.126187331
   -2.570393989    0.349065850  -15.106054651  -15.383154677   -8.101293714
   -2.379994435    0.349065850  -18.049160649  -15.635347930   -8.914643091
   -2.189594880    0.349065850  -21.101979654  -16.504058038   -9.659305168
   -1.999195325    0.349065850  -24.319985876  -17.113421847  -10.364644576
   -1.808795770    0.349065850  -27.479157209  -15.525005420  -10.908058495
   -1.618396215    0.349065850  -29.974209755   -9.934106068  -11.036010980
   -1.427996661    0.349065850  -30.993954003   -0.185975988  -10.497486466
   -1.237597106    0.349065850  -29.915070239   11.597939782   -9.203968961
   -1.047197551    0.349065850  -26.676940472   21.869631505   -7.303396516
   -0.856797996    0.349065850  -21.891772984   27.430262325   -5.118316214
   -0.666398442    0.349065850  -16.623489137   26.870750658   -2.984149270
   -0.475998887    0.349065850  -12.003271094   20.850920540   -1.097727541
   -0.285599332    0.349065850   -8.902486407   11.307041235    0.572672089
   -0.095199777    0.349065850   -7.780374011    0.402180817    2.251622483
    0.095199777    0.349065850   -8.698903909   -9.781518319    4.242301494
    0.285599332    0.349065850  -11.331454932  -17.261673291    6.746651565
    0.475998887    0.349065850  -14.976411496  -20.134746683    9.691007801
    0.666398442    0.349065850  -18.619592304  -17.185938019   12.650828907
    0.856797996    0.349065850  -21.158003078   -8.778299291   14.950178694
    1.047197551    0.349065850  -21.752066305    2.704476110   15.931066828
    1.237597106    0.349065850  -20.156619403   13.622181399   15.268970527
    1.427996661    0.349065850  -16.809689849   20.705278717   13.139534228
    1.618396215    0.349065850  -12.611944407   22.512654669   10.130430473
    1.808795770    0.349065850   -8.531776579   19.735847071    6.963756136
    1.999195325    0.349065850   -5.263665922   14.342063224    4.194616221
    2.189594880    0.349065850   -3.109575626    8.303871568    2.053485148
    2.379994435    0.349065850   -2.069070106    2.752766326    0.467523029
    2.570393989    0.349065850   -2.015911931   -2.074604918   -0.800462359
    2.760793544    0.349065850   -2.826015348   -6.333732787   -1.995844140
    2.951193099    0.349065850   -4.397365797  -10.088593750   -3.265142974

   -3.141592654    0.698131701   -7.744351725  -14.892693905   -5.060957875
   -2.951193099    0.698131701  -10.758043661  -16.553924518   -6.386994853
   -2.760793544    0.698131701  -13.956138782  -16.869891432   -7.437375359
   -2.570393989    0.698131701  -17.140574963  -16.564949247   -8.105442562
   -2.379994435    0.698131701  -20.289686445  -16.640914648   -8.410419359
   -2.189594880    0.698131701  -23.526602572  -17.440912065   -8.460830649
   -1.999195325    0.698131701  -26.914044817  -17.928769977   -8.359227260
   -1.808795770    0.698131701  -30.197110585  -15.953083334   -8.120333067
   -1.618396215    0.698131701  -32.708037328   -9.616847985   -7.668554239
   -1.427996661    0.698131701  -33.575826571    1.108650935   -6.910914108
   -1.237597106    0.698131701  -32.158979308   13.813743214   -5.825214660
   -1.047197551    0.698131701  -28.435976979   24.669727925   -4.494801473
   -0.856797996    0.698131701  -23.097490297   30.369639662   -3.071138893
   -0.666398442    0.698131701  -17.283800221   29.621977724   -1.686020363
   -0.475998887    0.698131701  -12.163008038   23.378994185   -0.379682481
   -0.285599332    0.698131701   -8.582073408   13.886111712    0.949984673
   -0.095199777    0.698131701   -6.926827587    3.505838681    2.507362084
    0.095199777    0.698131701   -7.169727291   -5.740321692    4.518071031
    0.285599332    0.698131701   -8.935231660  -12.234419881    7.076638456
    0.475998887    0.698131701  -11.566412715  -14.660467828   10.010831585
    0.666398442    0.698131701  -14.208061663  -12.359389415   12.838931600
    0.856797996    0.698131701  -15.991768999   -5.884085150   14.895005778
    1.047197551    0.698131701  -16.295684656    2.766563948   15.590147679
    1.237597106    0.698131701  -14.971289393   10.782852312   14.694444991
    1.427996661    0.698131701  -12.382716654   15.771650540   12.452982204
    1.618396215    0.698131701   -9.222371236   16.776384528    9.466403302
    1.808795770    0.698131701   -6.211971032   14.401733406    6.417111900
    1.999195325    0.698131701   -3.860976529   10.108067969    3.795059723
    2.189594880    0.698131701   -2.396472030    5.268819081    1.773269825
    2.379994435    0.698131701   -1.842996294    0.599986833    0.246621635
    2.570393989    0.698131701   -2.152524612   -3.803053967   -1.028797300
    2.760793544    0.698131701   -3.282428557   -8.009395026   -2.285097305
    2.951193099    0.698131701   -5.182820029  -11.871657842   -3.641076051

   -3.141592654    1.047197551   -9.757648929  -17.696245559   -6.875820715
   -2.951193099    1.047197551  -13.268475916  -18.883598025   -8.527666662
   -2.760793544    1.047197551  -16.833268659  -18.340609547   -9.677397384
   -2.570393989    1.047197551  -20.202302231  -17.035069556  -10.115431827
   -2.379994435    1.047197551  -23.355357834  -16.255574887   -9.821020014
   -2.189594880    1.047197551  -26.461342157  -16.504169678   -8.949883470
   -1.999195325    1.047197551  -29.640362186  -16.710075319   -7.743561271
   -1.808795770    1.047197551  -32.675402497  -14.574088943   -6.426203956
   -1.618396215    1.047197551  -34.909030928   -8.078527874   -5.150306784
   -1.427996661    1.047197551  -35.466920137    2.822245828   -3.995027310
   -1.237597106    1.047197551  -33.709962934   15.655550812   -2.986933708
   -1.047197551    1.047197551  -29.631982458   26.532133052   -2.114878614
   -0.856797996    1.047197551  -23.944994535   32.155840549   -1.338807429
   -0.666398442    1.047197551  -17.799490722   31.321822721   -0.589433347
   -0.475998887    1.047197551  -12.352679983   25.138443173    0.221632977
   -0.285599332    1.047197551   -8.409705173   15.975572580    1.227481742
   -0.095199777    1.047197551   -6.299200132    6.246337194    2.581726609
    0.095199777    1.047197551   -5.941776205   -2.166992256    4.428079264
    0.285599332    1.047197551   -6.955676790   -7.976756521    6.788174246
    0.475998887    1.047197551   -8.753665131  -10.305122923    9.457411187
    0.666398442    1.047197551  -10.628475348   -8.828875482   11.973168376
    0.856797996    1.047197551  -11.894617158   -4.115502264   13.735233627
    1.047197551    1.047197551  -12.076063053    2.249376651   14.235416151
    1.237597106    1.047197551  -11.062308249    8.120530317   13.302833127
    1.427996661    1.047197551   -9.128984831   11.710448775   11.187859835
    1.618396215    1.047197551   -6.796185043   12.310787370    8.440439037
    1.808795770    1.047197551   -4.606345812   10.352277443    5.660272066
    1.999195325    1.047197551   -2.952836210    6.852604394    3.254940265
    2.189594880    1.047197551   -2.036033715    2.728095078    1.339016333
    2.379994435    1.047197551   -1.926071450   -1.588320905   -0.223405443
    2.570393989    1.047197551   -2.652027379   -6.046567619   -1.683653670
    2.760793544    1.047197551   -4.236355007  -10.559710503   -3.260041805
    2.951193099    1.047197551   -6.652202472  -14.699516124   -5.029299895

   -3.141592654    1.396263402  -12.504970713  -21.425170637   -8.684077952
   -2.951193099    1.396263402  -16.665143983  -21.846988939  -10.675492529
   -2.760793544    1.396263402  -20.668517493  -19.893027668  -11.940659075
   -2.570393989    1.396263402  -24.170271092  -16.860137796  -12.159588712
   -2.379994435    1.396263402  -27.132040091  -14.477129657  -11.263792124
   -2.189594880    1.396263402  -29.783048309  -13.602953605   -9.453663233
   -1.999195325    1.396263402  -32.352771576  -13.317598935   -7.110572677
   -1.808795770    1.396263402  -34.742787478  -11.278099435   -4.667631462
   -1.618396215    1.396263402  -36.393441179   -5.304615721   -2.502045699
   -1.427996661    1.396263402  -36.490905808    4.868363024   -0.865529492
   -1.237597106    1.396263402  -34.412908598   17.001541490    0.151683271
   -1.047197551    1.396263402  -30.128753079   27.395710219    0.623541948
   -0.856797996    1.396263402  -24.298189856   32.853024775    0.744626468
   -0.666398442    1.396263402  -18.010851324   32.145558405    0.763907342
   -0.475998887    1.396263402  -12.375290246   26.326989696    0.904090469
   -0.285599332    1.396263402   -8.156832415   17.695919381    1.354851574
   -0.095199777    1.396263402   -5.656786699    8.634021350    2.247929983
    0.095199777    1.396263402   -4.777513053    0.915400631    3.661735864
    0.285599332    1.396263402   -5.150978807   -4.393439338    5.554796161
    0.475998887    1.396263402   -6.256360204   -6.729714015    7.706017905
    0.666398442    1.396263402   -7.510103039   -6.012794069    9.704431732
    0.856797996    1.396263402   -8.373375769   -2.804329701   11.057003165
    1.047197551    1.396263402   -8.483850808    1.663656061   11.368612058
    1.237597106    1.396263402   -7.755126447    5.784177559   10.530612568
    1.427996661    1.396263402   -6.386128597    8.248506976    8.769838791
    1.618396215    1.396263402   -4.756163414    8.522272016    6.535577318
    1.808795770    1.396263402   -3.265841611    6.870272308    4.292915632
    1.999195325    1.396263402   -2.222856818    3.929703987    2.330439376
    2.189594880    1.396263402   -1.817911048    0.226153386    0.687984279
    2.379994435    1.396263402   -2.173461166   -4.046766531   -0.798842179
    2.570393989    1.396263402   -3.395908801   -8.858227913   -2.377179850
    2.760793544    1.396263402   -5.567936065  -13.931257937   -4.238820912
    2.951193099    1.396263402   -8.671748770  -18.495096218   -6.408341005

   -3.141592654    1.745329252  -15.717527155  -25.699716112   -9.216141464
   -2.951193099    1.745329252  -20.613937454  -25.146888003  -11.232668498
   -2.760793544    1.745329252  -25.084689386  -21.385517057  -12.402261218
   -2.570393989    1.745329252  -28.658576329  -16.094654482  -12.348994586
   -2.379994435    1.745329252  -31.263502977  -11.558638380  -10.970317701
   -2.189594880    1.745329252  -33.198998949   -9.138267929   -8.475176147
   -1.999195325    1.745329252  -34.841094998   -8.196024398   -5.313602429
   -1.808795770    1.745329252  -36.266859409   -6.413004734   -2.049569708
   -1.618396215    1.745329252  -37.075338091   -1.419114529    0.771690291
   -1.427996661    1.745329252  -36.559829729    7.388970628    2.744548260
   -1.237597106    1.745329252  -34.133751750   18.168701538    3.697337524
   -1.047197551    1.745329252  -29.730208601   27.557494357    3.729377671
   -0.856797996    1.745329252  -23.923117082   32.535448443    3.155478797
   -0.666398442    1.745329252  -17.699783031   31.850140438    2.384296317
   -0.475998887    1.745329252  -12.086075333   26.436808444    1.768056957
   -0.285599332    1.745329252   -7.788958084   18.426155494    1.549751012
   -0.095199777    1.745329252   -5.081872403   10.083085999    1.833916893
    0.095199777    1.745329252   -3.860574803    3.035181018    2.627444483
    0.285599332    1.745329252   -3.783330341   -1.841639693    3.832847698
    0.475998887    1.745329252   -4.396484456   -4.210030586    5.242132201
    0.666398442    1.745329252   -5.221595980   -4.128233508    6.544888315
    0.856797996    1.745329252   -5.831740294   -2.097318735    7.404510238
    1.047197551    1.745329252   -5.941317058    0.966097057    7.565785481
    1.237597106    1.745329252   -5.467603705    3.870292307    6.970370847
    1.427996661    1.745329252   -4.539622350    5.629819677    5.774937073
    1.618396215    1.745329252   -3.429211266    5.773872389    4.271537557
    1.808795770    1.745329252   -2.441347329    4.380523111    2.749640841
    1.999195325    1.745329252   -1.840009937    1.764912457    1.369213631
    2.189594880    1.745329252   -1.832903055   -1.844337230    0.114898653
    2.379994435    1.745329252   -2.604430247   -6.413542104   -1.170533050
    2.570393989    1.745329252   -4.335405758  -11.879966020   -2.693713105
    2.760793544    1.745329252   -7.158416787  -17.743913650   -4.597268191
    2.951193099    1.745329252  -11.048133205  -22.858520335   -6.855654781

   -3.141592654    2.094395102  -18.804014648  -29.685929745   -7.368615065
   -2.951193099    2.094395102  -24.373997845  -28.075492963   -8.810824689
   -2.760793544    2.094395102  -29.232187064  -22.405734109   -9.481182524
   -2.570393989    2.094395102  -32.776629648  -14.729910578   -9.055024884
   -2.379994435    2.094395102  -34.896828755   -7.894926525   -7.425636060
   -2.189594880    2.094395102  -35.962078566   -3.801708613   -4.748300662
   -1.999195325    2.094395102  -36.504851851   -2.164052445   -1.410787192
   -1.808795770    2.094395102  -36.801705435   -0.760288377    2.043380507
   -1.618396215    2.094395102  -36.645362559    2.934992148    5.022931832
   -1.427996661    2.094395102  -35.471414433    9.899744493    7.027296040
   -1.237597106    2.094395102  -32.750066797   18.795604644    7.790305756
   -1.047197551    2.094395102  -28.374727873   26.734890655    7.368670757
   -0.856797996    2.094395102  -22.806511123   30.974436934    6.112060047
   -0.666398442    2.094395102  -16.892655492   30.247970034    4.523978164
   -0.475998887    2.094395102  -11.545526588   25.289688816    3.066359264
   -0.285599332    2.094395102   -7.404175596   17.940295304    2.051088615
   -0.095199777    2.094395102   -4.725487021   10.254791983    1.584564878
    0.095199777    2.094395102   -3.419016690    3.726943906    1.618309057
    0.285599332    2.094395102   -3.176075584   -0.834171894    1.993383853
    0.475998887    2.094395102   -3.586635082   -3.137102965    2.497938959
    0.666398442    2.094395102   -4.223197233   -3.257964603    2.914345105
    0.856797996    2.094395102   -4.707459648   -1.673266326    3.079172383
    1.047197551    2.094395102   -4.790742851    0.815068137    2.922068751
    1.237597106    2.094395102   -4.400506920    3.163715502    2.484064074
    1.427996661    2.094395102   -3.647836294    4.529654062    1.882221514
    1.618396215    2.094395102   -2.768008007    4.487519130    1.244856539
    1.808795770    2.094395102   -2.030372025    3.052142307    0.651296521
    1.999195325    2.094395102   -1.685049973    0.388901027    0.095742469
    2.189594880    2.094395102   -1.957014903   -3.439589431   -0.507204909
    2.379994435    2.094395102   -3.074846823   -8.503740005   -1.290305769
    2.570393989    2.094395102   -5.271431453  -14.712007161   -2.380597673
    2.760793544    2.094395102   -8.710835067  -21.372711469   -3.836110869
    2.951193099    2.094395102  -13.347724091  -26.997621034   -5.581247836

   -3.141592654    2.443460953  -20.915290676  -32.217759115   -2.960533062
   -2.951193099    2.443460953  -26.895662761  -29.738014506   -3.191271451
   -2.760793544    2.443460953  -31.934148008  -22.541917397   -2.933861090
   -2.570393989    2.443460953  -35.323400101  -12.924180492   -2.044209756
   -2.379994435    2.443460953  -36.909897292   -4.128591531   -0.465533926
   -2.189594880    2.443460953  -37.101683502    1.501206270    1.744737079
   -1.999195325    2.443460953  -36.550055635    3.869315082    4.387666029
   -1.808795770    2.443460953  -35.710157114    4.966038730    7.106680760
   -1.618396215    2.443460953  -34.576251683    7.320179289    9.422848888
   -1.427996661    2.443460953  -32.757570612   12.201663571   10.854112427
   -1.237597106    2.443460953  -29.817781783   18.804562561   11.089213037
   -1.047197551    2.443460953  -25.632623346   24.835585020   10.127570699
   -0.856797996    2.443460953  -20.545281317   27.975895947    8.289957380
   -0.666398442    2.443460953  -15.233730985   27.048584540    6.086664006
   -0.475998887    2.443460953  -10.456169712   22.587719121    4.007528134
   -0.285599332    2.443460953   -6.752368670   16.062901673    2.371755770
   -0.095199777    2.443460953   -4.351119480    9.192681192    1.257421029
    0.095199777    2.443460953   -3.186455615    3.249615856    0.559304128
    0.285599332    2.443460953   -3.002523504   -1.027331561    0.080374573
    0.475998887    2.443460953   -3.443872403   -3.302006966   -0.355559429
    0.666398442    2.443460953   -4.121664078   -3.528655798   -0.831862107
    0.856797996    2.443460953   -4.669557196   -2.051930037   -1.314587846
    1.047197551    2.443460953   -4.828385983    0.428051544   -1.694091944
    1.237597106    2.443460953   -4.503834598    2.880736116   -1.861759868
    1.427996661    2.443460953   -3.790266320    4.403294308   -1.780571892
    1.618396215    2.443460953   -2.922668008    4.470989443   -1.508437925
    1.808795770    2.443460953   -2.187613922    3.015389503   -1.168503024
    1.999195325    2.443460953   -1.864954851    0.156489882   -0.896493540
    2.189594880    2.443460953   -2.214556040   -4.052981124   -0.796572441
    2.379994435    2.443460953   -3.499018247   -9.664248768   -0.923895806
    2.570393989    2.443460953   -5.976859159  -16.515140710   -1.282176045
    2.760793544    2.443460953   -9.818358859  -23.771048067   -1.822549193
    2.951193099    2.443460953  -14.949102576  -29.719600497   -2.437817035

   -3.141592654    2.792526803  -21.134249754  -31.863852935    2.587622139
   -2.951193099    2.792526803  -27.001743129  -28.890126965    3.744534107
   -2.760793544    2.792526803  -31.823492409  -21.101918643    4.998038094
   -2.570393989    2.792526803  -34.877644688  -10.838435063    6.296647921
   -2.379994435    2.792526803  -36.004324611   -1.388244207    7.663789213
   -2.189594880    2.792526803  -35.617633796    4.810382057    9.175223600
   -1.999195325    2.792526803  -34.401543232    7.474018726   10.856909328
   -1.808795770    2.792526803  -32.886561964    8.346596624   12.566183871
   -1.618396215    2.792526803  -31.184898353    9.783922619   13.957759091
   -1.427996661    2.792526803  -29.036716462   13.113443253   14.592139834
   -1.237597106    2.792526803  -26.098373243   17.869291187   14.141215743
   -1.047197551    2.792526803  -22.254666154   22.261835252   12.568358993
   -0.856797996    2.792526803  -17.764754664   24.404772483   10.167014693
   -0.666398442    2.792526803  -13.163815096   23.280148384    7.432250370
   -0.475998887    2.792526803   -9.068342067   19.275199030    4.851902740
   -0.285599332    2.792526803   -5.924880949   13.507354408    2.729226665
   -0.095199777    2.792526803   -3.939929093    7.346327876    1.117598958
    0.095199777    2.792526803   -3.079652733    1.846848148   -0.122919561
    0.285599332    2.792526803   -3.143822344   -2.269058704   -1.205282602
    0.475998887    2.792526803   -3.819525871   -4.526506905   -2.277409899
    0.666398442    2.792526803   -4.726083305   -4.674034231   -3.338908122
    0.856797996    2.792526803   -5.469266041   -2.906738584   -4.238891617
    1.047197551    2.792526803   -5.745678130    0.085313658   -4.761132289
    1.237597106    2.792526803   -5.429741592    3.134734219   -4.756703754
    1.427996661    2.792526803   -4.618267118    5.144212709   -4.233555365
    1.618396215    2.792526803   -3.582887579    5.443024541   -3.358302220
    1.808795770    2.792526803   -2.663512568    3.936398236   -2.372195440
    1.999195325    2.792526803   -2.187312409    0.824724174   -1.479246373
    2.189594880    2.792526803   -2.440780581   -3.714443960   -0.772952329
    2.379994435    2.792526803   -3.690190428   -9.621689778   -0.226668908
    2.570393989    2.792526803   -6.179382631  -16.654779496    0.268486990
    2.760793544    2.792526803  -10.052084050  -23.931140687    0.845638151
    2.951193099    2.792526803  -15.200304040  -29.712536335    1.606782296
