#! FIELDS phi psi file.free der_phi der_psi
#! SET min_phi -pi
#! SET max_phi pi
#! SET nbins_phi  33
#! SET periodic_phi true
#! SET min_psi -pi
#! SET max_psi pi
#! SET nbins_psi  18
#! SET periodic_psi true
   -3.141592654   -3.141592654  -90.790500896  -53.876950736   15.986331001
   -2.951193099   -3.141592654  -99.354175232  -35.399389861   18.633352630
   -2.760793544   -3.141592654 -104.120797926  -14.894322947   20.375170586
   -2.570393989   -3.141592654 -105.237060265    2.162969620   21.283103005
   -2.379994435   -3.141592654 -103.744020973   12.161840559   21.759335361
   -2.189594880   -3.141592654 -101.087085958   14.603361896   22.402140201
   -1.999195325   -3.141592654  -98.499623135   12.086225043   23.738900281
   -1.808795770   -3.141592654  -96.520335868    8.977526201   25.949498276
   -1.618396215   -3.141592654  -94.851540684    9.367349730   28.714863265
   -1.427996661   -3.141592654  -92.596738458   15.202846924   31.298001059
   -1.237597106   -3.141592654  -88.763083762   25.552693990   32.827680843
   -1.047197551   -3.141592654  -82.774572585   37.149760865   32.640581953
   -0.856797996   -3.141592654  -74.776076798   45.981167673   30.513192667
   -0.666398442   -3.141592654  -65.630541013   48.717084015   26.669987779
   -0.475998887   -3.141592654  -56.686989345   43.763999888   21.621622869
   -0.285599332   -3.141592654  -49.423260397   31.265197286   15.904621902
   -0.095199777   -3.141592654  -45.136400454   12.915524415    9.917424155
    0.095199777   -3.141592654  -44.664784933   -8.180026465    3.881971303
    0.285599332   -3.141592654  -48.127185183  -27.560713653   -2.028063000
    0.475998887   -3.141592654  -54.700857804  -39.996085694   -7.522002978
    0.666398442   -3.141592654  -62.606382982  -40.964167892  -12.103797752
    0.856797996   -3.141592654  -69.446436769  -28.937621540  -15.178868076
    1.047197551   -3.141592654  -72.958048898   -6.841225047  -16.303432488
    1.237597106   -3.141592654  -71.846119627   18.233342955  -15.452189827
    1.427996661   -3.141592654  -66.359006443   37.783949059  -13.073067915
    1.618396215   -3.141592654  -58.227118701   45.264928817   -9.891496242
    1.808795770   -3.141592654  -50.037544136   38.407190368   -6.577171050
    1.999195325   -3.141592654  -44.373713055   19.433667707   -3.477010021
    2.189594880   -3.141592654  -43.074927862   -6.422032936   -0.574518440
    2.379994435   -3.141592654  -46.851241471  -32.814091736    2.365624745
    2.570393989   -3.141592654  -55.228565653  -53.871199959    5.566104360
    2.760793544   -3.141592654  -66.747330339  -65.276398485    9.066003165
    2.951193099   -3.141592654  -79.332287130  -65.003338266   12.663698328

   -3.141592654   -2.792526803  -83.386264526  -48.746064302   23.964762079
   -2.951193099   -2.792526803  -91.173015814  -32.430726460   26.523087341
   -2.760793544   -2.792526803  -95.581930968  -14.048175535   27.796936182
   -2.570393989   -2.792526803  -96.686980927    1.603061332   28.027058580
   -2.379994435   -2.792526803  -95.341300456   11.397214579   27.773100236
   -2.189594880   -2.792526803  -92.746816342   14.896870014   27.706986656
   -1.999195325   -2.792526803  -89.932992435   14.239783770   28.327036387
   -1.808795770   -2.792526803  -87.365228079   12.909570179   29.720998808
   -1.618396215   -2.792526803  -84.855013727   14.031471758   31.478288534
   -1.427996661   -2.792526803  -81.774142891   18.916679975   32.821290665
   -1.237597106   -2.792526803  -77.463190597   26.612433051   32.906265942
   -1.047197551   -2.792526803  -71.621327736   34.456327681   31.152550677
   -0.856797996   -2.792526803  -64.514376867   39.375673682   27.448410281
   -0.666398442   -2.792526803  -56.948122881   38.926928144   22.144644921
   -0.475998887   -2.792526803  -50.077876149   32.002542151   15.886442843
   -0.285599332   -2.792526803  -45.140549663   18.795053127    9.341315620
   -0.095199777   -2.792526803  -43.213557834    0.744140951    3.025776846
    0.095199777   -2.792526803  -44.971845441  -19.319005005   -2.758158751
    0.285599332   -2.792526803  -50.408828526  -37.055537205   -7.817771032
    0.475998887   -2.792526803  -58.583318912  -47.195135909  -11.939207159
    0.666398442   -2.792526803  -67.588724834  -45.213599251  -14.814994562
    0.856797996   -2.792526803  -74.922522612  -29.824466470  -16.133445170
    1.047197551   -2.792526803  -78.291352155   -4.518676431  -15.748066039
    1.237597106   -2.792526803  -76.491381093   22.976612154  -13.843901498
    1.427996661   -2.792526803  -69.963781922   43.780648042  -10.902785815
    1.618396215   -2.792526803  -60.657346995   51.472985388   -7.501403961
    1.808795770   -2.792526803  -51.311872724   44.316322378   -4.048982196
    1.999195325   -2.792526803  -44.546622084   25.153582015   -0.636364761
    2.189594880   -2.792526803  -42.140793287   -0.428948935    2.908255803
    2.379994435   -2.792526803  -44.715855547  -26.155013338    6.822930337
    2.570393989   -2.792526803  -51.757955795  -46.555884625   11.189113735
    2.760793544   -2.792526803  -61.857230825  -57.815078478   15.812786502
    2.951193099   -2.792526803  -73.073630611  -58.259960697   20.250152165

   -3.141592654   -2.443460953  -75.088885360  -43.295395341   22.289283047
   -2.951193099   -2.443460953  -82.047714969  -29.219062498   24.216359969
   -2.760793544   -2.443460953  -86.049468849  -12.910754168   25.003604238
   -2.570393989   -2.443460953  -87.079218703    1.419939761   24.938763265
   -2.379994435   -2.443460953  -85.809571069   10.971671589   24.495570071
   -2.189594880   -2.443460953  -83.238140958   15.208984669   24.153182834
   -1.999195325   -2.443460953  -80.253349659   15.733255358   24.200089061
   -1.808795770   -2.443460953  -77.312121782   15.208153876   24.601483934
   -1.618396215   -2.443460953  -74.373847905   15.994032506   24.974346869
   -1.427996661   -2.443460953  -71.071003269   19.039130634   24.713216201
   -1.237597106   -2.443460953  -67.019661306   23.609366626   23.230630549
   -1.047197551   -2.443460953  -62.099959327   27.775268067   20.208247159
   -0.856797996   -2.443460953  -56.592876497   29.403199997   15.733778716
   -0.666398442   -2.443460953  -51.150705115   26.847651393   10.264537596
   -0.475998887   -2.443460953  -46.661388678   19.337646791    4.458467423
   -0.285599332   -2.443460953  -44.079152643    6.933020059   -1.076168022
   -0.095199777   -2.443460953  -44.257708608   -9.397574323   -5.930193574
    0.095199777   -2.443460953  -47.747627225  -27.322966761   -9.938651910
    0.285599332   -2.443460953  -54.497072952  -42.826391113  -13.073576383
    0.475998887   -2.443460953  -63.556983529  -50.706135634  -15.315827217
    0.666398442   -2.443460953  -73.011662787  -46.403766610  -16.569833772
    0.856797996   -2.443460953  -80.350491594  -28.679767365  -16.708008544
    1.047197551   -2.443460953  -83.297647803   -1.291523971  -15.672942290
    1.237597106   -2.443460953  -80.729348529   27.713286063  -13.602952477
    1.427996661   -2.443460953  -73.216675705   49.274772267  -10.810136754
    1.618396215   -2.443460953  -62.841930762   57.132504526   -7.657162171
    1.808795770   -2.443460953  -52.420838869   49.964519150   -4.381949058
    1.999195325   -2.443460953  -44.562388940   31.051444921   -1.006419776
    2.189594880   -2.443460953  -40.974549419    6.149508434    2.607183969
    2.379994435   -2.443460953  -42.209480386  -18.657679896    6.592358026
    2.570393989   -2.443460953  -47.749085390  -38.358928245   10.906144759
    2.760793544   -2.443460953  -56.271872489  -49.610705000   15.264271893
    2.951193099   -2.443460953  -65.999717064  -51.000382434   19.209955251

   -3.141592654   -2.094395102  -68.674935078  -39.361227961   14.394439902
   -2.951193099   -2.094395102  -75.044808433  -26.969655189   15.522318280
   -2.760793544   -2.094395102  -78.766165748  -12.169345849   16.006890734
   -2.570393989   -2.094395102  -79.764999536    1.087127680   16.052001689
   -2.379994435   -2.094395102  -78.620914744   10.070282847   15.857406375
   -2.189594880   -2.094395102  -76.242852722   14.122468561   15.538120878
   -1.999195325   -2.094395102  -73.471946223   14.556863756   15.082949236
   -1.808795770   -2.094395102  -70.783630115   13.650728402   14.356540606
   -1.618396215   -2.094395102  -68.225175258   13.447355048   13.130611915
   -1.427996661   -2.094395102  -65.556442831   14.827372533   11.162775402
   -1.237597106   -2.094395102  -62.502607187   17.326350846    8.310191507
   -1.047197551   -2.094395102  -58.971918531   19.555816418    4.636309450
   -0.856797996   -2.094395102  -55.161620633   19.971914191    0.430882845
   -0.666398442   -2.094395102  -51.543611119   17.331480372   -3.863076065
   -0.475998887   -2.094395102  -48.783623610   10.862902426   -7.785203875
   -0.285599332   -2.094395102  -47.651609263    0.270697060  -11.017900479
   -0.095199777   -2.094395102  -48.904529031  -14.021823460  -13.451838606
    0.095199777   -2.094395102  -53.096836154  -30.130315347  -15.174004502
    0.285599332   -2.094395102  -60.240744787  -44.221010417  -16.351421444
    0.475998887   -2.094395102  -69.457627686  -50.981196524  -17.109841868
    0.666398442   -2.094395102  -78.864763532  -45.618292085  -17.447255547
    0.856797996   -2.094395102  -85.946174078  -26.730115957  -17.251943011
    1.047197551   -2.094395102  -88.407413626    1.859268315  -16.370605035
    1.237597106   -2.094395102  -85.136541976   31.897949314  -14.746206918
    1.427996661   -2.094395102  -76.756156278   54.135453837  -12.456308028
    1.618396215   -2.094395102  -65.419910133   62.318756745   -9.691314875
    1.808795770   -2.094395102  -53.993730306   55.323285543   -6.647513027
    1.999195325   -2.094395102  -45.090882625   36.685535360   -3.444103758
    2.189594880   -2.094395102  -40.387610105   12.251363726   -0.115456502
    2.379994435   -2.094395102  -40.410004448  -12.048762319    3.310711084
    2.570393989   -2.094395102  -44.662157540  -31.527554382    6.716461861
    2.760793544   -2.094395102  -51.906367041  -43.132550423    9.870639594
    2.951193099   -2.094395102  -60.487338140  -45.541551151   12.495740073

   -3.141592654   -1.745329252  -65.614305544  -37.693582648    6.035723684
   -2.951193099   -1.745329252  -71.758504323  -26.225761207    6.120942917
   -2.760793544   -1.745329252  -75.401887620  -12.055470723    5.998450244
   -2.570393989   -1.745329252  -76.418550793    0.807609339    5.804503932
   -2.379994435   -1.745329252  -75.361378905    9.424748981    5.509196887
   -2.189594880   -1.745329252  -73.156421670   12.894540783    4.923705185
   -1.999195325   -1.745329252  -70.704659054   12.357590042    3.802092048
   -1.808795770   -1.745329252  -68.562451506   10.049541460    1.972924350
   -1.618396215   -1.745329252  -66.848114045    8.159672122   -0.577692991
   -1.427996661   -1.745329252  -65.345267792    7.916712555   -3.691660436
   -1.237597106   -1.745329252  -63.723954147    9.326791764   -7.082705642
   -1.047197551   -1.745329252  -61.747855360   11.417328830  -10.396977662
   -0.856797996   -1.745329252  -59.411993682   12.810457446  -13.294267650
   -0.666398442   -1.745329252  -56.986886425   12.093141226  -15.509336707
   -0.475998887   -1.745329252  -54.999855774    8.011224214  -16.897077916
   -0.285599332   -1.745329252  -54.189444030   -0.315660737  -17.474480063
   -0.095199777   -1.745329252  -55.384527302  -12.955918996  -17.407651191
    0.095199777   -1.745329252  -59.283130809  -28.249398253  -16.978527790
    0.285599332   -1.745329252  -66.054910449  -42.296281230  -16.483719603
    0.475998887   -1.745329252  -74.941610205  -49.473184190  -16.131931935
    0.666398442   -1.745329252  -84.107633060  -44.567769079  -15.955949136
    0.856797996   -1.745329252  -91.008237573  -25.793230210  -15.802614292
    1.047197551   -1.745329252  -93.261884016    3.183427604  -15.386108267
    1.237597106   -1.745329252  -89.665654898   34.038069791  -14.438406998
    1.427996661   -1.745329252  -80.783931287   57.250205933  -12.819912856
    1.618396215   -1.745329252  -68.768184652   66.295075269  -10.583296814
    1.808795770   -1.745329252  -56.522588959   59.896037176   -7.921076939
    1.999195325   -1.745329252  -46.711907799   41.600001827   -5.072227688
    2.189594880   -1.745329252  -41.056212533   17.302254169   -2.244507588
    2.379994435   -1.745329252  -40.120341638   -7.083702858    0.388985087
    2.570393989   -1.745329252  -43.458631467  -26.957876749    2.659381917
    2.760793544   -1.745329252  -49.898629124  -39.318921184    4.403429497
    2.951193099   -1.745329252  -57.849446541  -42.767208236    5.518317740

   -3.141592654   -1.396263402  -66.690734505  -39.201568226    3.712488242
   -2.951193099   -1.396263402  -73.110413075  -27.516240584    3.096704133
   -2.760793544   -1.396263402  -76.940051811  -12.697982884    2.343945309
   -2.570393989   -1.396263402  -78.017251577    0.749756977    1.559475981
   -2.379994435   -1.396263402  -76.959984829    9.348670149    0.638136038
   -2.189594880   -1.396263402  -74.842085722   11.902585682   -0.704094681
   -1.999195325   -1.396263402  -72.730963205    9.672399215   -2.773831739
   -1.808795770   -1.396263402  -71.289134003    5.384123240   -5.707878546
   -1.618396215   -1.396263402  -70.627203555    1.887956939   -9.351319801
   -1.427996661   -1.396263402  -70.399371874    0.987466153  -13.267364281
   -1.237597106   -1.396263402  -70.063151029    2.971741163  -16.872996501
   -1.047197551   -1.396263402  -69.150360149    6.770974449  -19.618331567
   -0.856797996   -1.396263402  -67.474925574   10.593994791  -21.154450697
   -0.666398442   -1.396263402  -65.222245637   12.474805755  -21.400927650
   -0.475998887   -1.396263402  -62.940630869   10.613922169  -20.525437790
   -0.285599332   -1.396263402  -61.482559681    3.732468318  -18.873193196
   -0.095199777   -1.396263402  -61.847454316   -8.456420063  -16.860796239
    0.095199777   -1.396263402  -64.926363337  -24.291475556  -14.900482510
    0.285599332   -1.396263402  -71.061105593  -39.661321246  -13.301673687
    0.475998887   -1.396263402  -79.604859047  -48.519269582  -12.211918543
    0.666398442   -1.396263402  -88.737081096  -45.085780284  -11.581562941
    0.856797996   -1.396263402  -95.819402326  -27.026732109  -11.194884827
    1.047197551   -1.396263402  -98.292140890    2.282035309  -10.741361773
    1.237597106   -1.396263402  -94.757497445   34.405505667   -9.950005264
    1.427996661   -1.396263402  -85.643730659   59.327188343   -8.675603405
    1.618396215   -1.396263402  -73.078721452   69.898975890   -6.943129806
    1.808795770   -1.396263402  -60.050832354   64.364988816   -4.901032110
    1.999195325   -1.396263402  -49.371169432   46.118218045   -2.742979511
    2.189594880   -1.396263402  -42.908022784   21.159708295   -0.647247521
    2.379994435   -1.396263402  -41.340442537   -4.369968029    1.224436945
    2.570393989   -1.396263402  -44.291477336  -25.625476028    2.707246464
    2.760793544   -1.396263402  -50.609669449  -39.341506935    3.646374759
    2.951193099   -1.396263402  -58.671289987  -43.825207862    3.961098036

   -3.141592654   -1.047197551  -68.857007346  -42.335997018    4.206521224
   -2.951193099   -1.047197551  -75.850045776  -30.307586526    2.622613735
   -2.760793544   -1.047197551  -80.141248979  -14.735906566    0.862656418
   -2.570393989   -1.047197551  -81.540568248   -0.672757588   -0.896605583
   -2.379994435   -1.047197551  -80.747783731    7.843792918   -2.705987175
   -2.189594880   -1.047197551  -78.998623146    9.387563311   -4.833803456
   -1.999195325   -1.047197551  -77.518309463    5.503173731   -7.593177137
   -1.808795770   -1.047197551  -77.028769063   -0.366647004  -11.098477417
   -1.618396215   -1.047197551  -77.547064675   -4.549011441  -15.091584699
   -1.427996661   -1.047197551  -78.498990815   -4.714740903  -18.960036586
   -1.237597106   -1.047197551  -79.064524163   -0.592097498  -21.947745086
   -1.047197551   -1.047197551  -78.553215123    6.196432851  -23.444995485
   -0.856797996   -1.047197551  -76.692577860   13.052949239  -23.220354204
   -0.666398442   -1.047197551  -73.731780146   17.287515187  -21.472563625
   -0.475998887   -1.047197551  -70.394951302   16.673648229  -18.716140154
   -0.285599332   -1.047197551  -67.759328270    9.853186767  -15.582847841
   -0.095199777   -1.047197551  -67.036151515   -3.298680854  -12.613922274
    0.095199777   -1.047197551  -69.281124770  -20.768491167  -10.145371787
    0.285599332   -1.047197551  -74.922937993  -38.004864283   -8.257019823
    0.475998887   -1.047197551  -83.313045808  -48.482626794   -6.829886756
    0.666398442   -1.047197551  -92.541394736  -46.003638969   -5.650436922
    0.856797996   -1.047197551  -99.817492667  -28.000675444   -4.531224018
    1.047197551   -1.047197551 -102.410649156    2.093136618   -3.372652994
    1.237597106   -1.047197551  -98.791802860   35.512994171   -2.169589480
    1.427996661   -1.047197551  -89.337013043   61.754395546   -0.953418547
    1.618396215   -1.047197551  -76.213560443   73.233011101    0.252255201
    1.808795770   -1.047197551  -62.515338400   67.949511835    1.450851561
    1.999195325   -1.047197551  -51.182110751   49.293712581    2.651298521
    2.189594880   -1.047197551  -44.195716617   23.405116739    3.827526526
    2.379994435   -1.047197551  -42.317619089   -3.395893548    4.875752396
    2.570393989   -1.047197551  -45.218358098  -26.079197900    5.609838701
    2.760793544   -1.047197551  -51.755345636  -41.145695244    5.811906601
    2.951193099   -1.047197551  -60.262571906  -46.612113760    5.337235965

   -3.141592654   -0.698131701  -68.939156833  -46.354095090    3.402959920
   -2.951193099   -0.698131701  -76.731627886  -34.591010674    0.755316189
   -2.760793544   -0.698131701  -81.824670266  -18.821635909   -2.076415170
   -2.570393989   -0.698131701  -83.972236491   -4.470698441   -4.821643765
   -2.379994435   -0.698131701  -83.901549069    3.967289816   -7.443163283
   -2.189594880   -0.698131701  -82.945722833    4.838893887  -10.147516365
   -1.999195325   -0.698131701  -82.428871273   -0.085331009  -13.199098018
   -1.808795770   -0.698131701  -83.086359715   -6.713092822  -16.644358473
   -1.618396215   -0.698131701  -84.808712062  -10.623901520  -20.121359013
   -1.427996661   -0.698131701  -86.777525548   -9.069713933  -22.916990590
   -1.237597106   -0.698131701  -87.904218193   -1.962636038  -24.257769976
   -1.047197551   -0.698131701  -87.320720709    8.334921047  -23.673851835
   -0.856797996   -0.698131701  -84.746531676   18.261171989  -21.231352768
   -0.666398442   -0.698131701  -80.594060682   24.348030392  -17.503426937
   -0.475998887   -0.698131701  -75.858426509   24.042622715  -13.329970874
   -0.285599332   -0.698131701  -71.902137587   16.164410765   -9.491468717
   -0.095199777   -0.698131701  -70.148800919    1.123958206   -6.439492056
    0.095199777   -0.698131701  -71.746184125  -18.351593633   -4.198900349
    0.285599332   -0.698131701  -77.081473830  -37.075128480   -2.433787312
    0.475998887   -0.698131701  -85.366496668  -48.151765674   -0.683074939
    0.666398442   -0.698131701  -94.516314957  -45.395726021    1.362923036
    0.856797996   -0.698131701 -101.602317437  -26.576964903    3.674661110
    1.047197551   -0.698131701 -103.836568169    4.394570746    5.908709414
    1.237597106   -0.698131701  -99.717601166   38.381732313    7.624191849
    1.427996661   -0.698131701  -89.697714361   64.739722787    8.555965974
    1.618396215   -0.698131701  -76.025240516   75.960612182    8.751035523
    1.808795770   -0.698131701  -61.849993859   70.208436565    8.506069914
    1.999195325   -0.698131701  -50.138935210   50.992534211    8.173342696
    2.189594880   -0.698131701  -42.888666014   24.459179577    7.965245959
    2.379994435   -0.698131701  -40.883931318   -3.152946330    7.857179834
    2.570393989   -0.698131701  -43.834589437  -26.884542700    7.616132658
    2.760793544   -0.698131701  -50.640289100  -43.175255457    6.920735396
    2.951193099   -0.698131701  -59.648946148  -49.816321394    5.528126557

   -3.141592654   -0.349065850  -68.056935953  -51.549687393    2.311750240
   -2.951193099   -0.349065850  -76.911508245  -40.418691871   -0.729834139
   -2.760793544   -0.349065850  -83.118839320  -24.584213593   -3.885634642
   -2.570393989   -0.349065850  -86.320396098   -9.743438697   -6.895494343
   -2.379994435   -0.349065850  -87.207787572   -0.868898072   -9.691469458
   -2.189594880   -0.349065850  -87.161215972    0.058705138  -12.399755087
   -1.999195325   -0.349065850  -87.573528858   -5.069389713  -15.167102526
   -1.808795770   -0.349065850  -89.179869424  -11.579870047  -17.920008962
   -1.618396215   -0.349065850  -91.743027149  -14.375585127  -20.224714538
   -1.427996661   -0.349065850  -94.217639117  -10.417486981  -21.400367413
   -1.237597106   -0.349065850  -95.293978730    0.007231202  -20.842668692
   -1.047197551   -0.349065850  -94.010971259   13.621660745  -18.376374918
   -0.856797996   -0.349065850  -90.189367659   25.834350724  -14.409795078
   -0.666398442   -0.349065850  -84.509118422   32.515695904   -9.796064469
   -0.475998887   -0.349065850  -78.299831992   31.098922939   -5.492628236
   -0.285599332   -0.349065850  -73.199523943   21.012136898   -2.174313489
   -0.095199777   -0.349065850  -70.751407762    3.630005888    0.010764316
    0.095199777   -0.349065850  -72.035150028  -17.365455788    1.458520826
    0.285599332   -0.349065850  -77.220580557  -36.249715871    2.889727534
    0.475998887   -0.349065850  -85.260291220  -46.244320558    4.965488116
    0.666398442   -0.349065850  -93.895033838  -41.904918895    7.912017942
    0.856797996   -0.349065850 -100.195185973  -21.982252525   11.353734390
    1.047197551   -0.349065850 -101.538042690    8.927971462   14.480027040
    1.237597106   -0.349065850  -96.657254125   41.683232336   16.469936603
    1.427996661   -0.349065850  -86.177581170   66.239158418   16.919283994
    1.618396215   -0.349065850  -72.379413841   75.875033458   16.002163579
    1.808795770   -0.349065850  -58.316132176   69.258694017   14.302389501
    1.999195325   -0.349065850  -46.809077740   49.898395202   12.465082127
    2.189594880   -0.349065850  -39.750761942   23.550352689   10.891920107
    2.379994435   -0.349065850  -37.912696151   -4.059239050    9.626696673
    2.570393989   -0.349065850  -41.077433769  -28.329317663    8.429882765
    2.760793544   -0.349065850  -48.256831461  -45.737918214    6.953848225
    2.951193099   -0.349065850  -57.886215531  -53.789768687    4.933434154

   -3.141592654    0.000000000  -67.382592549  -56.798736531    0.781382641
   -2.951193099    0.000000000  -77.288623360  -46.106579047   -2.023126634
   -2.760793544    0.000000000  -84.580834531  -30.199343599   -4.827698725
   -2.570393989    0.000000000  -88.816875337  -14.960957216   -7.445470629
   -2.379994435    0.000000000  -90.656683229   -5.674778961   -9.831338022
   -2.189594880    0.000000000  -91.497874739   -4.473206919  -12.060625317
   -1.999195325    0.000000000  -92.744926575   -9.251793085  -14.173042560
   -1.808795770    0.000000000  -95.071462947  -14.812842563  -15.992000095
   -1.618396215    0.000000000  -98.078371259  -15.607607765  -17.062652812
   -1.427996661    0.000000000 -100.514285975   -8.642320463  -16.819386901
   -1.237597106    0.000000000 -100.934183882    5.096152164  -14.906333921
   -1.047197551    0.000000000  -98.417931604   21.268178980  -11.457299900
   -0.856797996    0.000000000  -93.023624799   34.386146816   -7.129013166
   -0.666398442    0.000000000  -85.782434244   40.058897721   -2.850295459
   -0.475998887    0.000000000  -78.350688041   36.238615301    0.564439949
   -0.285599332    0.000000000  -72.536139040   23.412728760    2.771025484
   -0.095199777    0.000000000  -69.833068800    4.124329387    4.021246180
    0.095199777    0.000000000  -71.076777214  -17.135151468    5.048476035
    0.285599332    0.000000000  -76.101989340  -34.547393042    6.720290616
    0.475998887    0.000000000  -83.587009602  -42.055366069    9.601984744
    0.666398442    0.000000000  -91.196555492  -35.497144602   13.611866643
    0.856797996    0.000000000  -96.175871285  -14.857795852   17.971056379
    1.047197551    0.000000000  -96.254317029   14.743237229   21.517930418
    1.237597106    0.000000000  -90.521974449   44.636198657   23.261216173
    1.427996661    0.000000000  -79.794160436   65.942665787   22.843267282
    1.618396215    0.000000000  -66.307441520   73.108383243   20.649506382
    1.808795770    0.000000000  -52.899580151   65.379363033   17.528443364
    1.999195325    0.000000000  -42.139587102   46.086575271   14.340211011
    2.189594880    0.000000000  -35.751788937   20.349766230   11.606173698
    2.379994435    0.000000000  -34.471512415   -6.782759180    9.408958753
    2.570393989    0.000000000  -38.151210112  -31.118904813    7.514645960
    2.760793544    0.000000000  -45.915297082  -49.173683305    5.583688482
    2.951193099    0.000000000  -56.287836883  -58.181434643    3.361268339

   -3.141592654    0.349065850  -65.975335608  -60.097800195    0.387285331
   -2.951193099    0.349065850  -76.561352867  -49.906070446   -1.244630667
   -2.760793544    0.349065850  -84.613659343  -34.331727762   -2.803466501
   -2.570393989    0.349065850  -89.653797282  -19.238368012   -4.298595226
   -2.379994435    0.349065850  -92.309383975   -9.939599688   -5.773261154
   -2.189594880    0.349065850  -93.946458080   -8.516481238   -7.257090811
   -1.999195325    0.349065850  -95.911681315  -12.653108927   -8.672916430
   -1.808795770    0.349065850  -98.769951926  -16.855400568   -9.771580779
   -1.618396215    0.349065850 -101.970236981  -15.467713296  -10.161572797
   -1.427996661    0.349065850 -104.127391236   -5.817150416   -9.476820811
   -1.237597106    0.349065850 -103.766343451   10.357633020   -7.603756122
   -1.047197551    0.349065850 -100.096784726   27.874742453   -4.823483887
   -0.856797996    0.349065850  -93.440797430   40.762355908   -1.743328593
   -0.666398442    0.349065850  -85.124368006   44.791376530    0.966672833
   -0.475998887    0.349065850  -77.005561377   38.710596228    2.880356598
   -0.285599332    0.349065850  -70.906928443   24.084214101    4.043324705
   -0.095199777    0.349065850  -68.142124869    4.380825509    4.960699653
    0.095199777    0.349065850  -69.236606747  -15.543295064    6.402846116
    0.285599332    0.349065850  -73.717238765  -30.271172408    9.038538986
    0.475998887    0.349065850  -80.101337541  -34.851293069   13.071717411
    0.666398442    0.349065850  -86.141685789  -26.532997914   18.025902587
    0.856797996    0.349065850  -89.418259509   -6.367517940   22.834206042
    1.047197551    0.349065850  -88.116788555   20.393772533   26.236964579
    1.237597106    0.349065850  -81.705183425   45.999812019   27.333019694
    1.427996661    0.349065850  -71.134167106   63.077753220   25.958343230
    1.618396215    0.349065850  -58.495245896   67.374936316   22.697406975
    1.808795770    0.349065850  -46.302083499   58.667602207   18.536578442
    1.999195325    0.349065850  -36.783790110   39.958559882   14.403742881
    2.189594880    0.349065850  -31.439663154   15.569453978   10.856807778
    2.379994435    0.349065850  -30.938654153  -10.243826530    8.027667552
    2.570393989    0.349065850  -35.190543036  -33.773045164    5.768638222
    2.760793544    0.349065850  -43.433531237  -51.650622312    3.847773461
    2.951193099    0.349065850  -54.301015123  -60.961237037    2.082842421

   -3.141592654    0.698131701  -64.550727435  -61.448720771   -0.267642477
   -2.951193099    0.698131701  -75.411332325  -51.438434153   -0.449754549
   -2.760793544    0.698131701  -83.782101244  -36.128899301   -0.490538108
   -2.570393989    0.698131701  -89.188828555  -21.270835859   -0.591473280
   -2.379994435    0.698131701  -92.244789516  -12.083908199   -0.891590899
   -2.189594880    0.698131701  -94.285665465  -10.566952321   -1.413721026
   -1.999195325    0.698131701  -96.609836447  -14.311531062   -2.049570681
   -1.808795770    0.698131701  -99.716565374  -17.738677707   -2.595590094
   -1.618396215    0.698131701 -102.982952842  -15.232310762   -2.825773697
   -1.427996661    0.698131701 -104.978055906   -4.361388079   -2.588329818
   -1.237597106    0.698131701 -104.244277630   12.724394531   -1.882425094
   -1.047197551    0.698131701 -100.088366376   30.476721153   -0.869534977
   -0.856797996    0.698131701  -92.976753925   42.831884114    0.214762973
   -0.666398442    0.698131701  -84.358215365   45.865485867    1.208080693
   -0.475998887    0.698131701  -76.121749429   38.970266844    2.142723790
   -0.285599332    0.698131701  -69.985735934   24.406424397    3.307538771
   -0.095199777    0.698131701  -67.049285621    6.095124625    5.149753581
    0.095199777    0.698131701  -67.583527041  -11.210440045    8.105164180
    0.285599332    0.698131701  -70.941442366  -22.818850550   12.334045155
    0.475998887    0.698131701  -75.653715120  -24.970630790   17.524910865
    0.666398442    0.698131701  -79.724086730  -16.117792684   22.850017174
    0.856797996    0.698131701  -81.165197990    2.067245901   27.171308307
    1.047197551    0.698131701  -78.624191262   24.704286909   29.431850984
    1.237597106    0.698131701  -71.867913898   45.295808342   29.093591952
    1.427996661    0.698131701  -61.866821576   58.029946994   26.339927216
    1.618396215    0.698131701  -50.466420128   59.765718841   21.962165380
    1.808795770    0.698131701  -39.801343906   50.538703387   16.985630457
    1.999195325    0.698131701  -31.752837699   32.834330268   12.269855775
    2.189594880    0.698131701  -27.608417173   10.134700103    8.298390600
    2.379994435    0.698131701  -27.978981938  -14.012887444    5.196048283
    2.570393989    0.698131701  -32.820486763  -36.278193985    2.893078679
    2.760793544    0.698131701  -41.459224582  -53.382722098    1.279128570
    2.951193099    0.698131701  -52.617843271  -62.343454048    0.259864979

   -3.141592654    1.047197551  -65.745056433  -61.536318407   -5.366464635
   -2.951193099    1.047197551  -76.549137139  -50.797259947   -4.562425497
   -2.760793544    1.047197551  -84.761439642  -35.162223802   -3.372276822
   -2.570393989    1.047197551  -89.985299110  -20.367535144   -2.144368868
   -2.379994435    1.047197551  -92.895723424  -11.481501003   -1.132309612
   -2.189594880    1.047197551  -94.855230899  -10.303130985   -0.436517850
   -1.999195325    1.047197551  -97.153192090  -14.270300284   -0.034260478
   -1.808795770    1.047197551 -100.259642664  -17.751054515    0.137304931
   -1.618396215    1.047197551 -103.523789798  -15.188635602    0.121103598
   -1.427996661    1.047197551 -105.504712077   -4.270369259   -0.064427951
   -1.237597106    1.047197551 -104.756051756   12.761174470   -0.379708822
   -1.047197551    1.047197551 -100.604513367   30.378220785   -0.716338620
   -0.856797996    1.047197551  -93.519159996   42.685860650   -0.871338800
   -0.666398442    1.047197551  -84.906971109   46.025867565   -0.568886558
   -0.475998887    1.047197551  -76.562022054   40.081026242    0.484477405
   -0.285599332    1.047197551  -70.062391671   27.237102098    2.561417849
   -0.095199777    1.047197551  -66.370245814   11.278589713    5.827606042
    0.095199777    1.047197551  -65.678623421   -3.557663037   10.271096168
    0.285599332    1.047197551  -67.390510331  -13.368482090   15.573626946
    0.475998887    1.047197551  -70.245293115  -15.221275031   21.061302947
    0.666398442    1.047197551  -72.588244991   -8.063047635   25.774858780
    0.856797996    1.047197551  -72.808391737    6.576402754   28.727760659
    1.047197551    1.047197551  -69.834424678   24.678391943   29.233592453
    1.237597106    1.047197551  -63.505726515   40.973012918   27.195578497
    1.427996661    1.047197551  -54.638110078   50.729223901   23.123122338
    1.618396215    1.047197551  -44.770874441   51.256946639   17.911612011
    1.808795770    1.047197551  -35.714560474   42.348015931   12.480187364
    1.999195325    1.047197551  -29.121066541   25.820343691    7.479344148
    2.189594880    1.047197551  -26.179616378    4.504914221    3.217045840
    2.379994435    1.047197551  -27.499749575  -18.390164136   -0.236839038
    2.570393989    1.047197551  -33.068097046  -39.548181205   -2.870044923
    2.760793544    1.047197551  -42.227678672  -55.575064090   -4.629434579
    2.951193099    1.047197551  -53.700203398  -63.438674775   -5.451581718

   -3.141592654    1.396263402  -70.665551836  -60.770280478  -11.084382908
   -2.951193099    1.396263402  -81.129724467  -48.084194079   -9.780745574
   -2.760793544    1.396263402  -88.699973725  -31.268064889   -7.934411989
   -2.570393989    1.396263402  -93.141416571  -16.179801464   -5.951910651
   -2.379994435    1.396263402  -95.284620037   -7.706316474   -4.108614016
   -2.189594880    1.396263402  -96.599798079   -7.356579604   -2.499249730
   -1.999195325    1.396263402  -98.432657114  -12.354656987   -1.116093513
   -1.808795770    1.396263402 -101.282162597  -16.988338716    0.026201821
   -1.618396215    1.396263402 -104.517467730  -15.658030155    0.838977833
   -1.427996661    1.396263402 -106.699961027   -5.890418673    1.222732070
   -1.237597106    1.396263402 -106.338007138   10.407128161    1.195178532
   -1.047197551    1.396263402 -102.642059455   28.094199468    0.970129588
   -0.856797996    1.396263402  -95.901416434   41.520219932    0.934575476
   -0.666398442    1.396263402  -87.323964607   46.960412638    1.522032759
   -0.475998887    1.396263402  -78.546120558   43.764380250    3.063110787
   -0.285599332    1.396263402  -71.069189824   33.786554461    5.704309744
   -0.095199777    1.396263402  -65.888614161   20.243493942    9.352079171
    0.095199777    1.396263402  -63.337869279    6.785237241   13.674366959
    0.285599332    1.396263402  -63.066587859   -3.167716097   18.081393617
    0.475998887    1.396263402  -64.132737379   -6.932799248   21.799106252
    0.666398442    1.396263402  -65.209612115   -3.264060132   24.033039991
    0.856797996    1.396263402  -64.926447690    6.994109901   24.233387646
    1.047197551    1.396263402  -62.287051904   20.862611304   22.292183684
    1.237597106    1.396263402  -57.007528067   34.002006473   18.617524965
    1.427996661    1.396263402  -49.644396102   42.153138291   13.942389338
    1.618396215    1.396263402  -41.448756226   42.460278834    9.036256316
    1.808795770    1.396263402  -34.018428206   34.132062084    4.435645994
    1.999195325    1.396263402  -28.915388817   18.371853160    0.349626106
    2.189594880    1.396263402  -27.328704215   -2.301567877   -3.236621601
    2.379994435    1.396263402  -29.887629227  -24.572139790   -6.363162353
    2.570393989    1.396263402  -36.550686175  -44.775655543   -8.935434548
    2.760793544    1.396263402  -46.568624063  -59.245245769  -10.715708119
    2.951193099    1.396263402  -58.545681696  -64.982170440  -11.456793945

   -3.141592654    1.745329252  -77.068726271  -59.656203663  -17.076960945
   -2.951193099    1.745329252  -87.126177415  -45.037268623  -15.842533141
   -2.760793544    1.745329252  -93.993418584  -27.075267010  -13.775709971
   -2.570393989    1.745329252  -97.594381899  -11.668832124  -11.244942121
   -2.379994435    1.745329252  -98.896953199   -3.463344326   -8.526002206
   -2.189594880    1.745329252  -99.455520811   -3.687887780   -5.748244027
   -1.999195325    1.745329252 -100.658486927   -9.436565369   -2.977655941
   -1.808795770    1.745329252 -103.037498345  -15.000184837   -0.344210864
   -1.618396215    1.745329252 -105.994839624  -14.745728726    1.914058920
   -1.427996661    1.745329252 -108.101140269   -5.967221905    3.548973757
   -1.237597106    1.745329252 -107.810122157    9.842816949    4.475687385
   -1.047197551    1.745329252 -104.198882885   27.921577508    4.884340015
   -0.856797996    1.745329252  -97.373583364   42.725187996    5.206018651
   -0.666398442    1.745329252  -88.374816495   50.251992326    5.931640730
   -0.475998887    1.745329252  -78.752167583   49.325495447    7.396112733
   -0.285599332    1.745329252  -70.029229732   41.188623260    9.656444527
   -0.095199777    1.745329252  -63.336572162   28.528710459   12.455033884
    0.095199777    1.745329252  -59.230110945   14.585981397   15.289429094
    0.285599332    1.745329252  -57.640957459    2.618720726   17.501002380
    0.475998887    1.745329252  -57.906001827   -4.487588540   18.445599632
    0.666398442    1.745329252  -58.895529564   -4.814417703   17.692280891
    0.856797996    1.745329252  -59.270621663    1.768478662   15.220988335
    1.047197551    1.745329252  -57.882205602   13.215076472   11.448432426
    1.237597106    1.745329252  -54.157411383   25.585545952    7.101608021
    1.427996661    1.745329252  -48.354486045   34.350094697    2.898777146
    1.618396215    1.745329252  -41.530349350   35.882680254   -0.719371185
    1.808795770    1.745329252  -35.245314458   28.596191380   -3.708449406
    1.999195325    1.745329252  -31.145248019   13.267071306   -6.323053511
    2.189594880    1.745329252  -30.532827496   -7.476431995   -8.878268657
    2.379994435    1.745329252  -34.088845706  -29.814360818  -11.507612753
    2.570393989    1.745329252  -41.714870895  -49.507960388  -14.042717233
    2.760793544    1.745329252  -52.517146599  -62.590187256  -16.078544490
    2.951193099    1.745329252  -64.938646888  -66.204584802  -17.172890588

   -3.141592654    2.094395102  -83.992267370  -59.028617889  -18.995712801
   -2.951193099    2.094395102  -93.736160039  -42.455432062  -17.863487110
   -2.760793544    2.094395102  -99.969554753  -23.112243612  -15.793543481
   -2.570393989    2.094395102 -102.734442219   -6.947389702  -13.089478231
   -2.379994435    2.094395102 -103.101268024    1.585485475   -9.981221998
   -2.189594880    2.094395102 -102.687125903    1.444052466   -6.563897844
   -1.999195325    2.094395102 -102.922184883   -4.449728063   -2.879476124
   -1.808795770    2.094395102 -104.391837432  -10.508551745    0.941311475
   -1.618396215    2.094395102 -106.573159391  -11.152966100    4.606655127
   -1.427996661    2.094395102 -108.099927336   -3.486674449    7.742077253
   -1.237597106    2.094395102 -107.427741379   11.429688968   10.069151226
   -1.047197551    2.094395102 -103.548987094   29.268041906   11.557034405
   -0.856797996    2.094395102  -96.423832649   44.648076761   12.440605854
   -0.666398442    2.094395102  -86.955081477   53.310575547   13.078971283
   -0.475998887    2.094395102  -76.635303756   53.533739153   13.750560039
   -0.285599332    2.094395102  -67.045017801   45.937686433   14.505314283
   -0.095199777    2.094395102  -59.479146635   32.747552608   15.110779059
    0.095199777    2.094395102  -54.719607327   17.015215194   15.128726988
    0.285599332    2.094395102  -52.926005065    2.191701769   14.060198461
    0.475998887    2.094395102  -53.588677915   -8.252730306   11.573582726
    0.666398442    2.094395102  -55.589298146  -11.512703260    7.708724019
    0.856797996    2.094395102  -57.424428007   -6.601646873    2.975322392
    1.047197551    2.094395102  -57.652870470    4.900075010   -1.793917743
    1.237597106    2.094395102  -55.382675631   18.812259580   -5.751953759
    1.427996661    2.094395102  -50.660144324   29.799621595   -8.412903705
    1.618396215    2.094395102  -44.509029960   33.237654112   -9.829990638
    1.808795770    2.094395102  -38.624549306   26.839338331  -10.512844662
    1.999195325    2.094395102  -34.868077145   11.251295936  -11.137594801
    2.189594880    2.094395102  -34.726492757  -10.461129597  -12.225690946
    2.379994435    2.094395102  -38.947332524  -33.736680003  -13.924468727
    2.570393989    2.094395102  -47.356521317  -53.642199098  -15.973743927
    2.760793544    2.094395102  -58.883445579  -65.877714885  -17.844413628
    2.951193099    2.094395102  -71.774933589  -67.732612239  -18.972719418

   -3.141592654    2.443460953  -90.367288377  -58.798347956  -12.787173029
   -2.951193099    2.443460953  -99.903573872  -40.558016780  -11.241126630
   -2.760793544    2.443460953 -105.637850592  -19.832678476   -9.024408674
   -2.570393989    2.443460953 -107.670384729   -2.577587058   -6.409977382
   -2.379994435    2.443460953 -107.111978480    6.922252701   -3.564495242
   -2.189594880    2.443460953 -105.590025482    7.734370728   -0.476275363
   -1.999195325    2.443460953 -104.544569705    2.664360756    2.957934734
   -1.808795770    2.443460953 -104.613179729   -3.011643639    6.750969958
   -1.618396215    2.443460953 -105.385725888   -3.989128485   10.681192989
   -1.427996661    2.443460953 -105.639189216    2.611227574   14.312000205
   -1.237597106    2.443460953 -103.943796213   16.037412482   17.164194842
   -1.047197551    2.443460953  -99.330037684   32.417209073   18.932145792
   -0.856797996    2.443460953  -91.714667051   46.717081101   19.598942570
   -0.666398442    2.443460953  -81.920168498   54.708107476   19.373693919
   -0.475998887    2.443460953  -71.383798996   54.392706858   18.512047225
   -0.285599332    2.443460953  -61.701369054   45.956470479   17.132918494
   -0.095199777    2.443460953  -54.263065016   31.254549496   15.130282472
    0.095199777    2.443460953  -49.993989379   13.231912252   12.239512039
    0.285599332    2.443460953  -49.180606235   -4.355942479    8.219668277
    0.475998887    2.443460953  -51.341492647  -17.329402767    3.100707958
    0.666398442    2.443460953  -55.227770497  -21.971143103   -2.654240071
    0.856797996    2.443460953  -59.044932909  -16.626834048   -8.183050827
    1.047197551    2.443460953  -60.991262848   -2.840954480  -12.513848075
    1.237597106    2.443460953  -59.881720828   14.458599298  -14.965135590
    1.427996661    2.443460953  -55.663109713   28.748055655  -15.456537907
    1.618396215    2.443460953  -49.483656934   34.337326050  -14.518149235
    1.808795770    2.443460953  -43.315127193   28.461585852  -13.021696794
    1.999195325    2.443460953  -39.317527326   11.984280577  -11.794293601
    2.189594880    2.443460953  -39.184366063  -11.320589440  -11.328472710
    2.379994435    2.443460953  -43.717041980  -36.061083354  -11.668773865
    2.570393989    2.443460953  -52.650693932  -56.658729193  -12.484249546
    2.760793544    2.443460953  -64.736494194  -68.552987713  -13.247760522
    2.951193099    2.443460953  -78.031746427  -69.182248493  -13.450367760

   -3.141592654    2.792526803  -93.544962692  -57.384474208    0.640041930
   -2.951193099    2.792526803 -102.703842406  -38.067215585    2.756372936
   -2.760793544    2.792526803 -107.882985408  -16.557189922    4.795241614
   -2.570393989    2.792526803 -109.239544762    1.213960087    6.645300189
   -2.379994435    2.792526803 -107.915420186   11.186000012    8.420357460
   -2.189594880    2.792526803 -105.521945960   12.664502727   10.435826645
   -1.999195325    2.792526803 -103.455407685    8.480044560   13.028133501
   -1.808795770    2.792526803 -102.333444829    3.631367629   16.311864891
   -1.618396215    2.792526803 -101.798146916    2.983757120   20.017100997
   -1.427996661    2.792526803 -100.757828125    9.070291266   23.532594646
   -1.237597106    2.792526803  -97.952241272   21.107041432   26.137470420
   -1.047197551    2.792526803  -92.556024079   35.504356315   27.293362004
   -0.856797996    2.792526803  -84.558395594   47.642577204   26.831871452
   -0.666398442    2.792526803  -74.785062177   53.584738598   24.933378272
   -0.475998887    2.792526803  -64.644862964   51.366434784   21.956268212
   -0.285599332    2.792526803  -55.719623878   41.010533809   18.211342003
   -0.095199777    2.792526803  -49.418880146   24.224023029   13.840467174
    0.095199777    2.792526803  -46.695154213    4.041913265    8.841369396
    0.285599332    2.792526803  -47.812194186  -15.328192635    3.234446474
    0.475998887    2.792526803  -52.152444918  -29.008209017   -2.730790763
    0.666398442    2.792526803  -58.198283783  -32.654738404   -8.468636714
    0.856797996    2.792526803  -63.807867014  -24.481832774  -13.159134634
    1.047197551    2.792526803  -66.875278316   -6.625877042  -16.045575304
    1.237597106    2.792526803  -66.082727742   14.832978310  -16.787314999
    1.427996661    2.792526803  -61.477394738   32.181995209  -15.633989108
    1.618396215    2.792526803  -54.492512271   39.057331333  -13.307495350
    1.808795770    2.792526803  -47.443277434   32.760515048  -10.665681549
    1.999195325    2.792526803  -42.760046343   14.785622354   -8.350234668
    2.189594880    2.792526803  -42.263224784  -10.273466719   -6.613837397
    2.379994435    2.792526803  -46.735438211  -36.359176581   -5.344131655
    2.570393989    2.792526803  -55.793987079  -57.528942200   -4.230655326
    2.760793544    2.792526803  -68.033537130  -69.171583944   -2.952722850
    2.951193099    2.792526803  -81.369479749  -68.923264238   -1.324888749
