#! FIELDS phi psi file.free der_phi der_psi
#! SET min_phi -pi
#! SET max_phi pi
#! SET nbins_phi  33
#! SET periodic_phi true
#! SET min_psi -pi
#! SET max_psi pi
#! SET nbins_psi  18
#! SET periodic_psi true
   -3.141592654   -3.141592654  -78.600213818  -54.423633574   14.783058220
   -2.951193099   -3.141592654  -87.279779643  -36.002818363   17.553621284
   -2.760793544   -3.141592654  -92.139062334  -15.200725758   19.479477060
   -2.570393989   -3.141592654  -93.267677432    2.368937730   20.593445228
   -2.379994435   -3.141592654  -91.692141020   12.814804325   21.260887067
   -2.189594880   -3.141592654  -88.893294701   15.389955037   22.045223959
   -1.999195325   -3.141592654  -86.173561617   12.636655684   23.436525579
   -1.808795770   -3.141592654  -84.134011512    9.045226584   25.568260949
   -1.618396215   -3.141592654  -82.504520030    8.905636230   28.082071517
   -1.427996661   -3.141592654  -80.380450172   14.327017657   30.233045166
   -1.237597106   -3.141592654  -76.742823752   24.400767093   31.201793986
   -1.047197551   -3.141592654  -70.996222775   35.770098700   30.439697638
   -0.856797996   -3.141592654  -63.285096444   44.346967911   27.877905642
   -0.666398442   -3.141592654  -54.473360306   46.867667638   23.882172011
   -0.475998887   -3.141592654  -45.885376200   41.948543977   19.036175802
   -0.285599332   -3.141592654  -38.929283306   29.947221191   13.848361529
   -0.095199777   -3.141592654  -34.803389373   12.637459191    8.591114597
    0.095199777   -3.141592654  -34.254301931   -7.035211982    3.307353734
    0.285599332   -3.141592654  -37.356684645  -24.928745240   -2.003272975
    0.475998887   -3.141592654  -43.308999513  -36.162856719   -7.160889778
    0.666398442   -3.141592654  -50.413716289  -36.488187953  -11.689758212
    0.856797996   -3.141592654  -56.398417126  -24.547984901  -14.927453001
    1.047197551   -3.141592654  -59.145798334   -3.324848919  -16.312124514
    1.237597106   -3.141592654  -57.504631151   20.189307095  -15.702257206
    1.427996661   -3.141592654  -51.827869396   37.807731317  -13.477485335
    1.618396215   -3.141592654  -43.870107007   43.496444646  -10.361941385
    1.808795770   -3.141592654  -36.137877624   35.531601342   -7.074360943
    1.999195325   -3.141592654  -31.049518366   16.434320451   -4.024477071
    2.189594880   -3.141592654  -30.263572995   -8.695329038   -1.233494770
    2.379994435   -3.141592654  -34.372369193  -34.023894791    1.537391091
    2.570393989   -3.141592654  -42.894111700  -54.247885085    4.550467252
    2.760793544   -3.141592654  -54.448758114  -65.362360960    7.899541463
    2.951193099   -3.141592654  -67.063000702  -65.261094528   11.428096078

   -3.141592654   -2.792526803  -71.683399001  -48.798464616   22.502409741
   -2.951193099   -2.792526803  -79.481520291  -32.450864028   25.281013959
   -2.760793544   -2.792526803  -83.873083027  -13.798619259   26.776751460
   -2.570393989   -2.792526803  -84.894238169    2.254000416   27.190926796
   -2.379994435   -2.792526803  -83.395274499   12.342468493   27.062261048
   -2.189594880   -2.792526803  -80.619922235   15.797266915   27.052333576
   -1.999195325   -2.792526803  -77.672545636   14.679213635   27.649649736
   -1.808795770   -2.792526803  -75.091647850   12.581793982   28.919752905
   -1.618396215   -2.792526803  -72.726349076   12.853655969   30.433968770
   -1.427996661   -2.792526803  -69.939802939   17.057786091   31.424811704
   -1.237597106   -2.792526803  -66.023883242   24.393216203   31.112176088
   -1.047197551   -2.792526803  -60.612101463   32.221946095   29.029960556
   -0.856797996   -2.792526803  -53.909172782   37.418743716   25.204414717
   -0.666398442   -2.792526803  -46.668979683   37.502535143   20.089760164
   -0.475998887   -2.792526803  -39.999747979   31.366761014   14.348243913
   -0.285599332   -2.792526803  -35.090292794   19.179038884    8.556437626
   -0.095199777   -2.792526803  -32.981975899    2.284705659    3.052526935
    0.095199777   -2.792526803  -34.340964525  -16.682075153   -2.063516862
    0.285599332   -2.792526803  -39.192905846  -33.591190475   -6.756486410
    0.475998887   -2.792526803  -46.662157242  -43.313045841  -10.872069460
    0.666398442   -2.792526803  -54.925278662  -41.365103411  -14.055074757
    0.856797996   -2.792526803  -61.566464083  -26.462890992  -15.865604811
    1.047197551   -2.792526803  -64.378674547   -2.103361944  -16.004553745
    1.237597106   -2.792526803  -62.244498849   24.015724325  -14.534071547
    1.427996661   -2.792526803  -55.673976232   43.181992675  -11.880135376
    1.618396215   -2.792526803  -46.634133255   49.336100277   -8.635655650
    1.808795770   -2.792526803  -37.801687567   41.197874026   -5.271397282
    1.999195325   -2.792526803  -31.656500091   21.913417979   -1.944730933
    2.189594880   -2.792526803  -29.813803515   -2.988037570    1.482416581
    2.379994435   -2.792526803  -32.776824305  -27.645717924    5.260348083
    2.570393989   -2.792526803  -40.007980002  -47.098768423    9.516703181
    2.760793544   -2.792526803  -50.155733092  -57.852517940   14.108907625
    2.951193099   -2.792526803  -61.368514598  -58.220876023   18.619884322

   -3.141592654   -2.443460953  -63.726244653  -42.893187251   21.665808167
   -2.951193099   -2.443460953  -70.612344504  -28.826350631   23.786924219
   -2.760793544   -2.443460953  -74.528534963  -12.364522685   24.707906897
   -2.570393989   -2.443460953  -75.431422963    2.225328080   24.700743148
   -2.379994435   -2.443460953  -73.991537849   11.941723892   24.250413959
   -2.189594880   -2.443460953  -71.245231593   16.025602318   23.857609322
   -1.999195325   -2.443460953  -68.153337651   15.974740571   23.827785934
   -1.808795770   -2.443460953  -65.248825951   14.549417249   24.123094070
   -1.618396215   -2.443460953  -62.531265128   14.354048747   24.353311284
   -1.427996661   -2.443460953  -59.618313904   16.658799028   23.923825026
   -1.237597106   -2.443460953  -56.054757696   20.969548435   22.296429287
   -1.047197551   -2.443460953  -51.618271942   25.441186129   19.234792582
   -0.856797996   -2.443460953  -46.487846230   27.856667614   14.918078240
   -0.666398442   -2.443460953  -41.239020943   26.401052657    9.855040387
   -0.475998887   -2.443460953  -36.719873915   20.110144339    4.676391346
   -0.285599332   -2.443460953  -33.880196967    8.842486125   -0.126073060
   -0.095199777   -2.443460953  -33.606825791   -6.602939930   -4.320578771
    0.095199777   -2.443460953  -36.511249261  -24.026451099   -7.915532163
    0.285599332   -2.443460953  -42.619706702  -39.438809790  -10.988123595
    0.475998887   -2.443460953  -51.054611230  -47.559807751  -13.516171042
    0.666398442   -2.443460953  -59.951075525  -43.701060060  -15.302291460
    0.856797996   -2.443460953  -66.829352871  -26.559622346  -16.064146341
    1.047197551   -2.443460953  -69.443359233    0.052721015  -15.601210786
    1.237597106   -2.443460953  -66.716227583   27.991771388  -13.963925128
    1.427996661   -2.443460953  -59.274648726   48.226784636  -11.447668305
    1.618396215   -2.443460953  -49.229415663   54.761563463   -8.452764260
    1.808795770   -2.443460953  -39.355270004   46.704652323   -5.274716939
    1.999195325   -2.443460953  -32.142222118   27.680086879   -1.980692654
    2.189594880   -2.443460953  -29.142814858    3.463261035    1.555164763
    2.379994435   -2.443460953  -30.785388731  -20.213421748    5.487473070
    2.570393989   -2.443460953  -36.514515623  -38.828696103    9.808873508
    2.760793544   -2.443460953  -45.055387515  -49.399656962   14.259787996
    2.951193099   -2.443460953  -54.717415448  -50.566718387   18.376522418

   -3.141592654   -2.094395102  -57.307633641  -38.609016241   14.948773301
   -2.951193099   -2.094395102  -63.551958255  -26.380809246   16.156417780
   -2.760793544   -2.094395102  -67.167311421  -11.600772392   16.611874330
   -2.570393989   -2.094395102  -68.048902525    1.779683502   16.539123678
   -2.379994435   -2.094395102  -66.763160344   10.862285866   16.187125622
   -2.189594880   -2.094395102  -64.244994481   14.761802900   15.723967066
   -1.999195325   -2.094395102  -61.398010017   14.651402361   15.177439099
   -1.808795770   -2.094395102  -58.770491373   12.885026802   14.421798554
   -1.618396215   -2.094395102  -56.447990360   11.758179120   13.222012261
   -1.427996661   -2.094395102  -54.168916361   12.513859509   11.329430327
   -1.237597106   -2.094395102  -51.571444385   14.967940909    8.609929437
   -1.047197551   -2.094395102  -48.441073213   17.827942997    5.145585508
   -0.856797996   -2.094395102  -44.856153794   19.408651851    1.245829234
   -0.666398442   -2.094395102  -41.212647779   18.177093666   -2.652572160
   -0.475998887   -2.094395102  -38.163329307   13.023564500   -6.136283615
   -0.285599332   -2.094395102  -36.524980570    3.349914294   -8.974844576
   -0.095199777   -2.094395102  -37.149518858  -10.588029298  -11.163618967
    0.095199777   -2.094395102  -40.701401735  -26.911711548  -12.869024469
    0.285599332   -2.094395102  -47.287773900  -41.611090734  -14.274929238
    0.475998887   -2.094395102  -56.078651912  -49.099508195  -15.446863650
    0.666398442   -2.094395102  -65.189970710  -44.351409957  -16.269501069
    0.856797996   -2.094395102  -72.076379233  -25.923630956  -16.512393031
    1.047197551   -2.094395102  -74.427740212    2.189115424  -15.949625074
    1.237597106   -2.094395102  -71.159026514   31.494841022  -14.514656958
    1.427996661   -2.094395102  -62.952604141   52.671147621  -12.325644016
    1.618396215   -2.094395102  -52.007775024   59.697564899   -9.627155053
    1.808795770   -2.094395102  -41.166727020   51.905450079   -6.649565094
    1.999195325   -2.094395102  -32.932996406   33.226149684   -3.512658648
    2.189594880   -2.094395102  -28.826885545    9.571257756   -0.224204876
    2.379994435   -2.094395102  -29.243875376  -13.465777154    3.222729348
    2.570393989   -2.094395102  -33.645090582  -31.710102239    6.730395526
    2.760793544   -2.094395102  -40.841092718  -42.522255698   10.057507197
    2.951193099   -2.094395102  -49.275962074  -44.681580861   12.883138103

   -3.141592654   -1.745329252  -53.819968785  -36.969556363    7.192919981
   -2.951193099   -1.745329252  -59.862762062  -25.858749759    7.257083337
   -2.760793544   -1.745329252  -63.457149963  -11.848550402    6.993188447
   -2.570393989   -1.745329252  -64.431264258    1.096440327    6.580554514
   -2.379994435   -1.745329252  -63.304594874    9.876403647    6.060516053
   -2.189594880   -1.745329252  -61.011518829   13.340401875    5.315662743
   -1.999195325   -1.745329252  -58.503138944   12.444887843    4.150618415
   -1.808795770   -1.745329252  -56.404179959    9.474394325    2.407493884
   -1.618396215   -1.745329252  -54.870724753    6.857231824    0.057697045
   -1.427996661   -1.745329252  -53.666000285    6.178232263   -2.770247427
   -1.237597106   -1.745329252  -52.375550194    7.704836266   -5.820943598
   -1.047197551   -1.745329252  -50.648407287   10.531958689   -8.772082654
   -0.856797996   -1.745329252  -48.374897876   13.097998171  -11.312671904
   -0.666398442   -1.745329252  -45.771754190   13.666840575  -13.215511435
   -0.475998887   -1.745329252  -43.379973887   10.633699828  -14.383178816
   -0.285599332   -1.745329252  -42.010556145    2.838464327  -14.884290024
   -0.095199777   -1.745329252  -42.605215462   -9.892938974  -14.922832783
    0.095199777   -1.745329252  -45.974054881  -25.806312174  -14.779942192
    0.285599332   -1.745329252  -52.363256810  -40.715314941  -14.697999064
    0.475998887   -1.745329252  -61.026197173  -48.646439498  -14.786856107
    0.666398442   -1.745329252  -70.081565529  -44.157373951  -14.971831619
    0.856797996   -1.745329252  -76.919508638  -25.509897860  -15.028976346
    1.047197551   -1.745329252  -79.130010277    3.325212268  -14.671758492
    1.237597106   -1.745329252  -75.548068620   33.672571274  -13.691978749
    1.427996661   -1.745329252  -66.823118551   55.907528248  -12.033363238
    1.618396215   -1.745329252  -55.176078719   63.782229766   -9.807567143
    1.808795770   -1.745329252  -43.498574284   56.553535931   -7.214338629
    1.999195325   -1.745329252  -34.343039894   38.223345835   -4.453414640
    2.189594880   -1.745329252  -29.263682721   14.767548186   -1.675988849
    2.379994435   -1.745329252  -28.686608256   -8.268554400    0.987900846
    2.570393989   -1.745329252  -32.123558943  -26.851247507    3.377072530
    2.760793544   -1.745329252  -38.460796129  -38.440752096    5.295708332
    2.951193099   -1.745329252  -46.223800403  -41.753357482    6.579317800

   -3.141592654   -1.396263402  -54.280172351  -38.639200891    4.569735207
   -2.951193099   -1.396263402  -60.646919115  -27.491114596    3.931726145
   -2.760793544   -1.396263402  -64.505381352  -12.949300199    3.035182573
   -2.570393989   -1.396263402  -65.630038602    0.572897657    2.031262026
   -2.379994435   -1.396263402  -64.582907057    9.448063702    0.891691906
   -2.189594880   -1.396263402  -62.424903500   12.211615571   -0.587389477
   -1.999195325   -1.396263402  -60.257832292    9.895408656   -2.654185111
   -1.808795770   -1.396263402  -58.806151403    5.228843026   -5.427010131
   -1.618396215   -1.396263402  -58.220485605    1.256053180   -8.770392671
   -1.427996661   -1.396263402  -58.145276576    0.092756934  -12.294788361
   -1.237597106   -1.396263402  -57.972132527    2.245449857  -15.479216692
   -1.047197551   -1.396263402  -57.144723499    6.682845310  -17.843539619
   -0.856797996   -1.396263402  -55.401875134   11.422491401  -19.102234457
   -0.666398442   -1.396263402  -52.903300311   14.203363787  -19.227236577
   -0.475998887   -1.396263402  -50.230422197   12.935479598  -18.416270722
   -0.285599332   -1.396263402  -48.313406847    6.147140183  -17.014517032
   -0.095199777   -1.396263402  -48.252170122   -6.457709378  -15.401440734
    0.095199777   -1.396263402  -51.019241851  -23.033146114  -13.915765043
    0.285599332   -1.396263402  -56.988106046  -39.127801804  -12.768654451
    0.475998887   -1.396263402  -65.474602741  -48.359764410  -12.011419212
    0.666398442   -1.396263402  -74.574769373  -44.821938510  -11.533518575
    0.856797996   -1.396263402  -81.573391397  -26.395640723  -11.118814159
    1.047197551   -1.396263402  -83.903783314    3.077714308  -10.520770075
    1.237597106   -1.396263402  -80.251286537   34.730326366   -9.565675027
    1.427996661   -1.396263402  -71.178402319   58.484145211   -8.194564063
    1.618396215   -1.396263402  -58.913791164   67.603456427   -6.468626561
    1.808795770   -1.396263402  -46.436176229   61.014174515   -4.512304565
    1.999195325   -1.396263402  -36.423927895   42.647738271   -2.455972418
    2.189594880   -1.396263402  -30.552019367   18.580485572   -0.411777106
    2.379994435   -1.396263402  -29.341603898   -5.490030026    1.498872676
    2.570393989   -1.396263402  -32.370423930  -25.375473123    3.111678707
    2.760793544   -1.396263402  -38.558014545  -38.333398501    4.233711738
    2.951193099   -1.396263402  -46.416233000  -42.795165628    4.721302821

   -3.141592654   -1.047197551  -56.011551851  -41.833927911    4.354986021
   -2.951193099   -1.047197551  -62.982367121  -30.543503182    2.863250287
   -2.760793544   -1.047197551  -67.368310285  -15.401809855    1.063930248
   -2.570393989   -1.047197551  -68.899825252   -1.301028410   -0.836453520
   -2.379994435   -1.047197551  -68.194928004    7.601689704   -2.821498516
   -2.189594880   -1.047197551  -66.449819786    9.591589944   -5.078240319
   -1.999195325   -1.047197551  -64.905235738    5.924142021   -7.851228099
   -1.808795770   -1.047197551  -64.339362862   -0.028593891  -11.219910021
   -1.618396215   -1.047197551  -64.817548329   -4.469132866  -14.933090641
   -1.427996661   -1.047197551  -65.775978061   -4.810098364  -18.423447107
   -1.237597106   -1.047197551  -66.356973408   -0.596380527  -21.009367396
   -1.047197551   -1.047197551  -65.814402254    6.585958852  -22.171192406
   -0.856797996   -1.047197551  -63.830070429   13.977043394  -21.761389940
   -0.666398442   -1.047197551  -60.647969781   18.658523270  -20.036992550
   -0.475998887   -1.047197551  -57.029955843   18.209704881  -17.524945153
   -0.285599332   -1.047197551  -54.115846271   11.188987008  -14.815163306
   -0.095199777   -1.047197551  -53.182400198   -2.445631849  -12.357511573
    0.095199777   -1.047197551  -55.318404175  -20.450174182  -10.372195325
    0.285599332   -1.047197551  -60.933888318  -37.964529841   -8.833343971
    0.475998887   -1.047197551  -69.306505965  -48.239266460   -7.563706935
    0.666398442   -1.047197551  -78.433608971  -45.117255195   -6.358192651
    0.856797996   -1.047197551  -85.471412261  -26.413461014   -5.099569157
    1.047197551   -1.047197551  -87.732227659    3.877201751   -3.790314812
    1.237597106   -1.047197551  -83.827758445   36.573221340   -2.514473997
    1.427996661   -1.047197551  -74.312098501   61.232818310   -1.344011827
    1.618396215   -1.047197551  -61.467779138   70.856242716   -0.281797490
    1.808795770   -1.047197551  -48.362599907   64.265417220    0.740952329
    1.999195325   -1.047197551  -37.768071903   45.441326496    1.809713143
    2.189594880   -1.047197551  -31.436253727   20.563036911    2.954033744
    2.379994435   -1.047197551  -29.947237947   -4.584983407    4.091281574
    2.570393989   -1.047197551  -32.921856332  -25.731921569    5.022057952
    2.760793544   -1.047197551  -39.301358384  -39.974889723    5.486668960
    2.951193099   -1.047197551  -47.577823142  -45.479741104    5.279626705

   -3.141592654   -0.698131701  -55.987154848  -45.449089079    2.855399123
   -2.951193099   -0.698131701  -63.702837974  -34.663813396    0.472591900
   -2.760793544   -0.698131701  -68.883057635  -19.562083552   -2.234717689
   -2.570393989   -0.698131701  -71.192995014   -5.321146067   -4.996841445
   -2.379994435   -0.698131701  -71.255078990    3.499878482   -7.729029832
   -2.189594880   -0.698131701  -70.334947645    4.954284096  -10.561596047
   -1.999195325   -0.698131701  -69.750497274    0.466844561  -13.684193254
   -1.808795770   -0.698131701  -70.285130639   -6.024635783  -17.093412479
   -1.618396215   -0.698131701  -71.885500924  -10.052876861  -20.418955868
   -1.427996661   -0.698131701  -73.764165190   -8.666611619  -22.981186856
   -1.237597106   -0.698131701  -74.822717240   -1.613344908  -24.075204236
   -1.047197551   -0.698131701  -74.165213466    8.801679632  -23.314713332
   -0.856797996   -0.698131701  -71.485468733   18.912305131  -20.838710409
   -0.666398442   -0.698131701  -67.197050386   25.107141548  -17.255677136
   -0.475998887   -0.698131701  -62.321143227   24.736495840  -13.384615021
   -0.285599332   -0.698131701  -58.253939515   16.619022521   -9.929770207
   -0.095199777   -0.698131701  -56.444080164    1.278446729   -7.230815654
    0.095199777   -0.698131701  -58.033155256  -18.369672665   -5.207284174
    0.285599332   -0.698131701  -63.365429805  -36.945275469   -3.464320264
    0.475998887   -0.698131701  -71.580812567  -47.476013391   -1.556624464
    0.666398442   -0.698131701  -80.530054334  -43.938404070    0.740888462
    0.856797996   -0.698131701  -87.275526719  -24.524660347    3.277411669
    1.047197551   -0.698131701  -89.114794475    6.350595630    5.601155033
    1.237597106   -0.698131701  -84.711329789   39.260905644    7.218126150
    1.427996661   -0.698131701  -74.693319638   63.763523635    7.881719062
    1.618396215   -0.698131701  -61.399396497   73.027359056    7.715355275
    1.808795770   -0.698131701  -47.917913653   66.052416622    7.114154432
    1.999195325   -0.698131701  -37.015917710   46.888865630    6.514823599
    2.189594880   -0.698131701  -30.441643082   21.645212024    6.180372087
    2.379994435   -0.698131701  -28.794479271   -4.047022894    6.103894435
    2.570393989   -0.698131701  -31.742293954  -26.041834406    6.045112147
    2.760793544   -0.698131701  -38.284991204  -41.412795694    5.651928675
    2.951193099   -0.698131701  -46.951053591  -48.123567068    4.626029146

   -3.141592654   -0.349065850  -55.330305170  -49.882104601    1.383388934
   -2.951193099   -0.349065850  -63.980430958  -39.935160400   -1.246253137
   -2.760793544   -0.349065850  -70.196594871  -25.064699393   -4.138379028
   -2.570393989   -0.349065850  -73.538843956  -10.616560992   -7.050772396
   -2.379994435   -0.349065850  -74.582284614   -1.537003600   -9.881729737
   -2.189594880   -0.349065850  -74.615071375   -0.062344664  -12.690589943
   -1.999195325   -0.349065850  -74.997999438   -4.665810418  -15.555841569
   -1.808795770   -0.349065850  -76.496259450  -10.895192177  -18.355643769
   -1.618396215   -0.349065850  -78.925545919  -13.686846362  -20.645580920
   -1.427996661   -0.349065850  -81.283014215   -9.871578801  -21.769972954
   -1.237597106   -0.349065850  -82.271879767    0.392408524  -21.177366428
   -1.047197551   -0.349065850  -80.927961262   13.898519497  -18.748410424
   -0.856797996   -0.349065850  -77.063163329   26.021260806  -14.927782742
   -0.666398442   -0.349065850  -71.357950612   32.594847008  -10.562828602
   -0.475998887   -0.349065850  -65.145727667   31.065742029   -6.555558800
   -0.285599332   -0.349065850  -60.059099751   20.925496377   -3.489247838
   -0.095199777   -0.349065850  -57.622672559    3.635874467   -1.413362844
    0.095199777   -0.349065850  -58.880743715  -17.051399677    0.128208648
    0.285599332   -0.349065850  -63.959594760  -35.394171240    1.846484965
    0.475998887   -0.349065850  -71.772280882  -44.690380385    4.312226577
    0.666398442   -0.349065850  -80.049136746  -39.723553333    7.610574457
    0.856797996   -0.349065850  -85.906490124  -19.610381285   11.225202992
    1.047197551   -0.349065850  -86.841412570   10.699331050   14.262555934
    1.237597106   -0.349065850  -81.754559656   41.948470228   15.906569303
    1.427996661   -0.349065850  -71.419290087   64.418724188   15.839079209
    1.618396215   -0.349065850  -58.163903957   72.097089871   14.362243279
    1.808795770   -0.349065850  -44.940551707   64.434374326   12.180225116
    1.999195325   -0.349065850  -34.344907951   45.395150118   10.017551096
    2.189594880   -0.349065850  -28.010404247   20.632392781    8.309170553
    2.379994435   -0.349065850  -26.521413031   -4.762370971    7.101343203
    2.570393989   -0.349065850  -29.620012705  -27.018119337    6.141525775
    2.760793544   -0.349065850  -36.424463043  -43.281327240    5.052291343
    2.951193099   -0.349065850  -45.565908880  -51.288061845    3.512917663

   -3.141592654    0.000000000  -55.021069367  -54.116617310   -0.455519076
   -2.951193099    0.000000000  -64.547106548  -44.818313400   -2.813928665
   -2.760793544    0.000000000  -71.724131698  -30.191926666   -5.300221600
   -2.570393989    0.000000000  -76.039002553  -15.665910953   -7.758380045
   -2.379994435    0.000000000  -78.026852752   -6.408566008  -10.127884534
   -2.189594880    0.000000000  -78.972323165   -4.773448237  -12.435574017
   -1.999195325    0.000000000  -80.226297505   -9.037863116  -14.665865032
   -1.808795770    0.000000000  -82.477866844  -14.285186634  -16.596049148
   -1.618396215    0.000000000  -85.378609126  -15.060731066  -17.751187673
   -1.427996661    0.000000000  -87.727030924   -8.280467659  -17.571292995
   -1.237597106    0.000000000  -88.102730595    5.202661112  -15.726081883
   -1.047197551    0.000000000  -85.589072030   21.158254073  -12.373090553
   -0.856797996    0.000000000  -80.231987273   34.130069330   -8.176167774
   -0.666398442    0.000000000  -73.047166238   39.751424166   -4.040857911
   -0.475998887    0.000000000  -65.669266540   36.020110153   -0.730236213
   -0.285599332    0.000000000  -59.873940649   23.471058704    1.472721198
   -0.095199777    0.000000000  -57.118361956    4.659051933    2.867168788
    0.095199777    0.000000000  -58.203476827  -15.975406358    4.188671929
    0.285599332    0.000000000  -62.945699934  -32.727354961    6.248407050
    0.475998887    0.000000000  -70.030895559  -39.700317055    9.501129942
    0.666398442    0.000000000  -77.167966125  -32.953281479   13.736356687
    0.856797996    0.000000000  -81.691564439  -12.725294953   18.073742249
    1.047197551    0.000000000  -81.465346935   15.687272345   21.321656786
    1.237597106    0.000000000  -75.726797623   43.670502437   22.542518262
    1.427996661    0.000000000  -65.394350424   62.764885523   21.494708662
    1.618396215    0.000000000  -52.699133412   68.113192495   18.695717636
    1.808795770    0.000000000  -40.334523448   59.656717056   15.095791467
    1.999195325    0.000000000  -30.619794112   41.079406248   11.605476834
    2.189594880    0.000000000  -25.013294300   17.328174182    8.753909527
    2.379994435    0.000000000  -24.065156797   -7.209053529    6.613745569
    2.570393989    0.000000000  -27.592322351  -29.184773735    4.940038877
    2.760793544    0.000000000  -34.834994671  -45.817242787    3.375148088
    2.951193099    0.000000000  -44.531784034  -54.632479132    1.622733531

   -3.141592654    0.349065850  -54.152398499  -56.458888513   -0.893062044
   -2.951193099    0.349065850  -64.187579693  -47.803363783   -2.196392344
   -2.760793544    0.349065850  -71.992122640  -33.759159297   -3.512489645
   -2.570393989    0.349065850  -77.029973938  -19.656681389   -4.871861134
   -2.379994435    0.349065850  -79.802829824  -10.627124178   -6.313599880
   -2.189594880    0.349065850  -81.552571429   -8.941987983   -7.842816682
   -1.999195325    0.349065850  -83.559047884  -12.665116909   -9.350110533
   -1.808795770    0.349065850  -86.391027364  -16.608294489  -10.551867771
   -1.618396215    0.349065850  -89.541622582  -15.231961310  -11.032630674
   -1.427996661    0.349065850  -91.672112502   -5.784863643  -10.414944876
   -1.237597106    0.349065850  -91.329405872   10.140742904   -8.586569036
   -1.047197551    0.349065850  -87.719768354   27.495440118   -5.830193664
   -0.856797996    0.349065850  -81.141390351   40.366286218   -2.750470881
   -0.666398442    0.349065850  -72.889130207   44.556721590   -0.004345036
   -0.475998887    0.349065850  -64.784856387   38.838391435    2.001261414
   -0.285599332    0.349065850  -58.612492600   24.768226811    3.325863372
   -0.095199777    0.349065850  -55.654594293    5.746875493    4.473676033
    0.095199777    0.349065850  -56.424606330  -13.503814791    6.185407260
    0.285599332    0.349065850  -60.467077062  -27.739880807    9.069738848
    0.475998887    0.349065850  -66.349795617  -32.173628946   13.246974948
    0.666398442    0.349065850  -71.906144045  -24.207199102   18.160500991
    0.856797996    0.349065850  -74.822839185   -5.013564271   22.697627962
    1.047197551    0.349065850  -73.408932246   20.129932695   25.616623190
    1.237597106    0.349065850  -67.243208200   43.638377937   26.099367638
    1.427996661    0.349065850  -57.329894951   58.580154741   24.104764824
    1.618396215    0.349065850  -45.709925312   61.333692858   20.335235868
    1.808795770    0.349065850  -34.725318639   52.259156595   15.849740980
    1.999195325    0.349065850  -26.348477783   34.620148556   11.589937851
    2.189594880    0.349065850  -21.818233192   12.529598639    8.083872908
    2.379994435    0.349065850  -21.625423464  -10.402641604    5.420838864
    2.570393989    0.349065850  -25.647563723  -31.296444224    3.419857473
    2.760793544    0.349065850  -33.241757884  -47.507226396    1.825580975
    2.951193099    0.349065850  -43.266882546  -56.468384600    0.429815285

   -3.141592654    0.698131701  -53.221385427  -57.210290903   -1.387607322
   -2.951193099    0.698131701  -63.422630093  -48.805349792   -1.494481653
   -2.760793544    0.698131701  -71.455506049  -35.150861422   -1.464812311
   -2.570393989    0.698131701  -76.797977898  -21.450638416   -1.507673640
   -2.379994435    0.698131701  -79.943185949  -12.716783321   -1.777415401
   -2.189594880    0.698131701  -82.102330064  -11.103128705   -2.309725578
   -1.999195325    0.698131701  -84.500051671  -14.540794423   -2.995876268
   -1.808795770    0.698131701  -87.625749920  -17.736108533   -3.607969724
   -1.618396215    0.698131701  -90.884891681  -15.186000057   -3.880969153
   -1.427996661    0.698131701  -92.878648220   -4.400342959   -3.623340297
   -1.237597106    0.698131701  -92.162090927   12.594311814   -2.813029726
   -1.047197551    0.698131701  -88.033175304   30.356484499   -1.615645799
   -0.856797996    0.698131701  -80.933604540   42.863619612   -0.299782004
   -0.666398442    0.698131701  -72.283463643   46.203959015    0.925047495
   -0.475998887    0.698131701  -63.942384260   39.765169701    2.045868674
   -0.285599332    0.698131701  -57.603051269   25.768494778    3.321493913
   -0.095199777    0.698131701  -54.352157091    8.037124347    5.190616412
    0.095199777    0.698131701  -54.472471232   -8.828273968    8.092151349
    0.285599332    0.698131701  -57.359194760  -20.302447335   12.189078508
    0.475998887    0.698131701  -61.614037911  -22.748549547   17.162635557
    0.666398442    0.698131701  -65.330394709  -14.696577106   22.175571289
    0.856797996    0.698131701  -66.620223689    2.158655352   26.094333916
    1.047197551    0.698131701  -64.227041657   23.005797122   27.900731088
    1.237597106    0.698131701  -57.987155607   41.567755262   27.128971315
    1.427996661    0.698131701  -48.879355938   52.455740836   24.048350333
    1.618396215    0.698131701  -38.663665290   53.072329291   19.515156350
    1.808795770    0.698131701  -29.288857132   43.916869226   14.570264147
    1.999195325    0.698131701  -22.386879480   27.636268492   10.035694479
    2.189594880    0.698131701  -19.005955140    7.463849443    6.323593585
    2.379994435    0.698131701  -19.601526784  -13.679358903    3.486499430
    2.570393989    0.698131701  -24.112962501  -33.245417918    1.406375626
    2.760793544    0.698131701  -31.993036152  -48.643561536   -0.043034748
    2.951193099    0.698131701  -42.193626256  -57.235003217   -0.946648464

   -3.141592654    1.047197551  -54.604999004  -57.436220114   -6.159717315
   -2.951193099    1.047197551  -64.771064256  -48.243133009   -5.584940889
   -2.760793544    1.047197551  -72.652682758  -34.185383764   -4.525155446
   -2.570393989    1.047197551  -77.807227726  -20.503018565   -3.324876545
   -2.379994435    1.047197551  -80.799358250  -12.090952016   -2.278653825
   -2.189594880    1.047197551  -82.879062015  -10.890209684   -1.541443337
   -1.999195325    1.047197551  -85.267448279  -14.619209950   -1.122732341
   -1.808795770    1.047197551  -88.416912751  -17.863616974   -0.944008541
   -1.618396215    1.047197551  -91.686090012  -15.135350507   -0.911241990
   -1.427996661    1.047197551  -93.643846354   -4.075340688   -0.949875113
   -1.237597106    1.047197551  -92.842360066   13.132461883   -0.996869700
   -1.047197551    1.047197551  -88.600732182   30.968519891   -0.971987568
   -0.856797996    1.047197551  -81.383052611   43.495196376   -0.752678699
   -0.666398442    1.047197551  -72.598951094   47.030565046   -0.163377358
   -0.475998887    1.047197551  -64.045967911   41.274394885    1.006118863
   -0.285599332    1.047197551  -57.300145316   28.644314300    2.992412249
   -0.095199777    1.047197551  -53.319114156   12.913807841    5.981548056
    0.095199777    1.047197551  -52.300289710   -1.763278884   10.022413835
    0.285599332    1.047197551  -53.671190322  -11.613453954   14.872439578
    0.475998887    1.047197551  -56.221140422  -13.823570996   19.923952577
    0.666398442    1.047197551  -58.365120037   -7.432824801   24.265384385
    0.856797996    1.047197551  -58.574931818    5.990126785   26.940673659
    1.047197551    1.047197551  -55.861424817   22.484251058   27.287093806
    1.237597106    1.047197551  -50.121514717   36.987504347   25.225933035
    1.427996661    1.047197551  -42.171116424   45.163399167   21.275244287
    1.618396215    1.047197551  -33.462935079   44.817801435   16.319544687
    1.808795770    1.047197551  -25.630685506   36.151899568   11.240030289
    1.999195325    1.047197551  -20.095227967   21.106263969    6.625844292
    2.189594880    1.047197551  -17.829159196    2.258545855    2.709279321
    2.379994435    1.047197551  -19.306401745  -17.777567549   -0.511310769
    2.570393989    1.047197551  -24.508343754  -36.413092859   -3.072541558
    2.760793544    1.047197551  -32.904978841  -50.884598153   -4.928826020
    2.951193099    1.047197551  -43.438089147  -58.464321914   -5.974488891

   -3.141592654    1.396263402  -59.326331698  -57.582029817  -11.507272348
   -2.951193099    1.396263402  -69.314006598  -46.285065237  -10.663863157
   -2.760793544    1.396263402  -76.671078264  -30.763031282   -9.073644806
   -2.570393989    1.396263402  -81.105232652  -16.505014502   -7.135195723
   -2.379994435    1.396263402  -83.346980192   -8.320385966   -5.190559647
   -2.189594880    1.396263402  -84.774343864   -7.870253255   -3.432226615
   -1.999195325    1.396263402  -86.679999623  -12.590127478   -1.927511368
   -1.808795770    1.396263402  -89.544058926  -16.900153472   -0.704278031
   -1.618396215    1.396263402  -92.730424002  -15.221365227    0.189827594
   -1.427996661    1.396263402  -94.793635104   -5.063490967    0.713718651
   -1.237597106    1.396263402  -94.236753185   11.625528673    0.913593426
   -1.047197551    1.396263402  -90.280651081   29.588304537    0.975649408
   -0.856797996    1.396263402  -83.249030443   43.049007127    1.200979252
   -0.666398442    1.396263402  -74.399290388   48.265078665    1.918043964
   -0.475998887    1.396263402  -65.408263071   44.700221802    3.377347871
   -0.285599332    1.396263402  -57.787467268   34.391942970    5.706730570
   -0.095199777    1.396263402  -52.510701076   20.692524171    8.863383188
    0.095199777    1.396263402  -49.875886666    7.257030517   12.615718603
    0.285599332    1.396263402  -49.507371149   -2.609822619   16.491561905
    0.475998887    1.396263402  -50.467339380   -6.397302664   19.819642409
    0.666398442    1.396263402  -51.467147567   -3.042708518   21.873914487
    0.856797996    1.396263402  -51.206108446    6.470890100   22.130873908
    1.047197551    1.396263402  -48.774810485   19.138700784   20.471375185
    1.237597106    1.396263402  -43.964630918   30.780300144   17.259841785
    1.427996661    1.396263402  -37.355758733   37.516857404   13.163886106
    1.618396215    1.396263402  -30.135896165   37.001285959    8.876427548
    1.808795770    1.396263402  -23.745835245   28.874239065    4.855939729
    1.999195325    1.396263402  -19.533000491   14.467632758    1.240162523
    2.189594880    1.396263402  -18.487418395   -3.964314080   -2.047647837
    2.379994435    1.396263402  -21.122581571  -23.711455219   -5.096843145
    2.570393989    1.396263402  -27.410660766  -41.807241746   -7.838561148
    2.760793544    1.396263402  -36.737013456  -55.127053377  -10.016831060
    2.951193099    1.396263402  -47.912947827  -60.858282510  -11.306782594

   -3.141592654    1.745329252  -65.514326680  -57.766087635  -16.878610754
   -2.951193099    1.745329252  -75.313860068  -44.198667702  -16.226485558
   -2.760793544    1.745329252  -82.105449283  -27.046911862  -14.492119017
   -2.570393989    1.745329252  -85.745186084  -12.019914372  -12.038682367
   -2.379994435    1.745329252  -87.121577320   -3.822877178   -9.219288335
   -2.189594880    1.745329252  -87.733270759   -3.864335803   -6.275060198
   -1.999195325    1.745329252  -88.947220436   -9.368223806   -3.361850074
   -1.808795770    1.745329252  -91.287257724  -14.642944050   -0.638907247
   -1.618396215    1.745329252  -94.142143834  -13.999552536    1.680843053
   -1.427996661    1.745329252  -96.060838709   -4.725499279    3.391959846
   -1.237597106    1.745329252  -95.487072400   11.558545291    4.427646485
   -1.047197551    1.745329252  -91.523315956   29.857835347    4.949342672
   -0.856797996    1.745329252  -84.344007663   44.438386908    5.315334937
   -0.666398442    1.745329252  -75.076820994   51.306986182    5.938198855
   -0.475998887    1.745329252  -65.335956243   49.514271271    7.108124588
   -0.285599332    1.745329252  -56.652923723   40.637444548    8.900007981
   -0.095199777    1.745329252  -50.106607586   27.630621044   11.135905925
    0.095199777    1.745329252  -46.168543153   13.801384436   13.431333282
    0.285599332    1.745329252  -44.691024495    2.279244547   15.250034184
    0.475998887    1.745329252  -44.970434490   -4.298248785   16.045068725
    0.666398442    1.745329252  -45.888744352   -4.306654366   15.438019271
    0.856797996    1.745329252  -46.173486853    2.123925979   13.408277604
    1.047197551    1.745329252  -44.780372111   12.816218071   10.322402897
    1.237597106    1.745329252  -41.246644624   23.924655629    6.816020961
    1.427996661    1.745329252  -35.896441874   31.287287986    3.494876072
    1.618396215    1.745329252  -29.762809213   31.822373304    0.689233560
    1.808795770    1.745329252  -24.278896750   24.436435392   -1.645163053
    1.999195325    1.745329252  -20.894795998   10.084831138   -3.821213565
    2.189594880    1.745329252  -20.726295908   -8.849859926   -6.187768775
    2.379994435    1.745329252  -24.348832337  -29.149329200   -8.898191340
    2.570393989    1.745329252  -31.685150127  -47.238522007  -11.786713926
    2.760793544    1.745329252  -41.971847980  -59.600413399  -14.412839350
    2.951193099    1.745329252  -53.833017320  -63.439437737  -16.240952478

   -3.141592654    2.094395102  -72.205284127  -58.417987623  -18.146794999
   -2.951193099    2.094395102  -81.899995139  -42.500063784  -17.566809653
   -2.760793544    2.094395102  -88.178766606  -23.470732896  -15.824704722
   -2.570393989    2.094395102  -91.012961919   -7.253929686  -13.214700846
   -2.379994435    2.094395102  -91.418302292    1.521665301  -10.029949414
   -2.189594880    2.094395102  -90.993211695    1.617791346   -6.463574857
   -1.999195325    2.094395102  -91.178044602   -4.099719939   -2.647021759
   -1.808795770    2.094395102  -92.564557490   -9.963472446    1.239023503
   -1.618396215    2.094395102  -94.614179704  -10.277570947    4.893080277
   -1.427996661    2.094395102  -95.931578357   -2.142289044    7.950544819
   -1.237597106    2.094395102  -94.961174228   13.197907933   10.140293517
   -1.047197551    2.094395102  -90.731536732   31.115240596   11.425280452
   -0.856797996    2.094395102  -83.292008242   46.015306127   12.022742652
   -0.666398442    2.094395102  -73.651279543   53.691036818   12.283423873
   -0.475998887    2.094395102  -63.371477933   52.749107691   12.503804960
   -0.285599332    2.094395102  -54.024216846   44.258554361   12.788215564
   -0.095199777    2.094395102  -46.816433269   30.794826132   12.985090291
    0.095199777    2.094395102  -42.399451057   15.494311205   12.744136405
    0.285599332    2.094395102  -40.811089303    1.631364829   11.637569983
    0.475998887    2.094395102  -41.472154977   -7.667485478    9.373264411
    0.666398442    2.094395102  -43.267292034  -10.002686993    5.990803567
    0.856797996    2.094395102  -44.772009535   -4.753478993    1.961808911
    1.047197551    2.094395102  -44.679950593    6.287974889   -1.950330723
    1.237597106    2.094395102  -42.251332432   18.995847816   -4.991088875
    1.427996661    2.094395102  -37.643529104   28.409335574   -6.774994868
    1.618396215    2.094395102  -31.895677303   30.499611975   -7.445652239
    1.808795770    2.094395102  -26.602409849   23.551079521   -7.576968867
    1.999195325    2.094395102  -23.441791438    8.457149955   -7.878190739
    2.189594880    2.094395102  -23.716366003  -11.931094368   -8.880219446
    2.379994435    2.094395102  -28.067440593  -33.643270344  -10.731111458
    2.570393989    2.094395102  -36.338151024  -52.380698951  -13.162665685
    2.760793544    2.094395102  -47.574565498  -64.217848128  -15.611840274
    2.951193099    2.094395102  -60.173493852  -66.407936851  -17.435070175

   -3.141592654    2.443460953  -78.212237083  -59.185084081  -11.988792772
   -2.951193099    2.443460953  -87.861305243  -41.285751259  -10.806344330
   -2.760793544    2.443460953  -93.734852056  -20.492918190   -8.790613727
   -2.570393989    2.443460953  -95.861032349   -2.853552144   -6.214535109
   -2.379994435    2.443460953  -95.314177178    7.089068330   -3.290985258
   -2.189594880    2.443460953  -93.731339052    8.179290450   -0.079227631
   -1.999195325    2.443460953  -92.590983929    3.195718915    3.450800556
   -1.808795770    2.443460953  -92.557259623   -2.453003451    7.253418931
   -1.618396215    2.443460953  -93.214610419   -3.301243286   11.071505734
   -1.427996661    2.443460953  -93.314240728    3.561945011   14.454966088
   -1.237597106    2.443460953  -91.414850212   17.213261055   16.934924888
   -1.047197551    2.443460953  -86.580783124   33.488759626   18.237877848
   -0.856797996    2.443460953  -78.813529635   47.161048030   18.397600888
   -0.666398442    2.443460953  -69.031333774   54.089948364   17.687412225
   -0.475998887    2.443460953  -58.723061550   52.653239041   16.430995187
   -0.285599332    2.443460953  -49.449414287   43.517445747   14.809008492
   -0.095199777    2.443460953  -42.482909337   28.890978444   12.756842659
    0.095199777    2.443460953  -38.591702486   11.764389689   10.023901942
    0.285599332    2.443460953  -37.924943978   -4.352247189    6.352163436
    0.475998887    2.443460953  -39.930346223  -15.703551527    1.732625949
    0.666398442    2.443460953  -43.375071784  -19.043091260   -3.421517820
    0.856797996    2.443460953  -46.566975711  -13.125098378   -8.295006716
    1.047197551    2.443460953  -47.868420565    0.272524276  -11.955274700
    1.237597106    2.443460953  -46.278365266   16.272662316  -13.758040605
    1.427996661    2.443460953  -41.885510903   28.740025023  -13.663635531
    1.618396215    2.443460953  -35.879390305   32.617129196  -12.246720431
    1.808795770    2.443460953  -30.148000947   25.767095319  -10.418273867
    1.999195325    2.443460953  -26.674122980    9.355774572   -9.029631095
    2.189594880    2.443460953  -26.964193020  -13.026209121   -8.578708762
    2.379994435    2.443460953  -31.706962494  -36.565646629   -9.103237711
    2.570393989    2.443460953  -40.646009683  -56.300305453  -10.254392690
    2.760793544    2.443460953  -52.634606851  -67.999014347  -11.469198577
    2.951193099    2.443460953  -65.854935867  -69.005944384  -12.176833782

   -3.141592654    2.792526803  -81.160979198  -58.121427286    0.554718114
   -2.951193099    2.792526803  -90.483149026  -38.970048671    2.538931001
   -2.760793544    2.792526803  -95.817721549  -17.214918817    4.559558578
   -2.570393989    2.792526803  -97.253986038    1.072073742    6.488475240
   -2.379994435    2.792526803  -95.909314047   11.544810889    8.399116477
   -2.189594880    2.792526803  -93.419999757   13.271461504   10.553716774
   -1.999195325    2.792526803  -91.237819759    9.052226649   13.230178469
   -1.808795770    2.792526803  -90.024406793    4.021564882   16.483601542
   -1.618396215    2.792526803  -89.432022233    3.220454125   19.996739114
   -1.427996661    2.792526803  -88.353577239    9.258540620   23.138256609
   -1.237597106    2.792526803  -85.516299464   21.249923402   25.214351474
   -1.047197551    2.792526803  -80.113093679   35.394387339   25.764473669
   -0.856797996    2.792526803  -72.188209242   46.942419870   24.736555399
   -0.666398442    2.792526803  -62.624821939   52.067570004   22.433233497
   -0.475998887    2.792526803  -52.845805218   49.152926002   19.304078835
   -0.285599332    2.792526803  -44.370342103   38.623542560   15.692613708
   -0.095199777    2.792526803  -38.480758174   22.436174309   11.704717893
    0.095199777    2.792526803  -35.983088726    3.567538785    7.249719858
    0.285599332    2.792526803  -37.031736580  -14.090942723    2.234573827
    0.475998887    2.792526803  -40.974417423  -26.103254292   -3.191569060
    0.666398442    2.792526803  -46.343605726  -28.555911190   -8.503580947
    0.856797996    2.792526803  -51.122389218  -19.998177798  -12.887817049
    1.047197551    2.792526803  -53.377440851   -2.733772331  -15.551209731
    1.237597106    2.792526803  -51.974108255   17.239882810  -16.103910769
    1.427996661    2.792526803  -47.098095394   32.593983691  -14.765321609
    1.618396215    2.792526803  -40.223061774   37.580911094  -12.263387513
    1.808795770    2.792526803  -33.581691350   30.126835486   -9.490134678
    1.999195325    2.792526803  -29.427560910   12.040742551   -7.127389995
    2.189594880    2.792526803  -29.391393341  -12.252785382   -5.451590870
    2.379994435    2.792526803  -34.138350786  -37.265213755   -4.350562039
    2.570393989    2.792526803  -43.287745737  -57.659616904   -3.491443473
    2.760793544    2.792526803  -55.527211617  -69.136651755   -2.513094946
    2.951193099    2.792526803  -68.884199465  -69.220340060   -1.178060216
