#! FIELDS phi psi file.free der_phi der_psi
#! SET min_phi -pi
#! SET max_phi pi
#! SET nbins_phi  33
#! SET periodic_phi true
#! SET min_psi -pi
#! SET max_psi pi
#! SET nbins_psi  18
#! SET periodic_psi true
   -3.141592654   -3.141592654  -93.693772379  -54.045426162   16.183570822
   -2.951193099   -3.141592654 -102.254375279  -35.231155173   18.790450520
   -2.760793544   -3.141592654 -106.972279799  -14.590936937   20.493370634
   -2.570393989   -3.141592654 -108.033183830    2.416171748   21.387145709
   -2.379994435   -3.141592654 -106.503496950   12.288051741   21.887728495
   -2.189594880   -3.141592654 -103.831287849   14.650739352   22.594098093
   -1.999195325   -3.141592654 -101.233636004   12.165131175   24.024484822
   -1.808795770   -3.141592654  -99.228391294    9.180619495   26.344961516
   -1.618396215   -3.141592654  -97.506072527    9.723396119   29.223056071
   -1.427996661   -3.141592654  -95.171379202   15.673030187   31.909707541
   -1.237597106   -3.141592654  -91.242195315   26.072146513   33.523137813
   -1.047197551   -3.141592654  -85.153572115   37.675165265   33.390475176
   -0.856797996   -3.141592654  -77.054545277   46.510294192   31.280139772
   -0.666398442   -3.141592654  -67.806018370   49.269248456   27.410693078
   -0.475998887   -3.141592654  -58.755962602   44.322097024   22.292316007
   -0.285599332   -3.141592654  -51.391559438   31.742691586   16.467712854
   -0.095199777   -3.141592654  -47.032270874   13.168862740   10.349384237
    0.095199777   -3.141592654  -46.544729786   -8.287302608    4.179898401
    0.285599332   -3.141592654  -50.067216211  -28.087407316   -1.844854888
    0.475998887   -3.141592654  -56.776795078  -40.878846777   -7.415893237
    0.666398442   -3.141592654  -64.870454083  -42.021404323  -12.030156989
    0.856797996   -3.141592654  -71.908590075  -29.918421620  -15.101036065
    1.047197551   -3.141592654  -75.579473715   -7.497843089  -16.205220166
    1.237597106   -3.141592654  -74.547428016   18.066865974  -15.340581977
    1.427996661   -3.141592654  -69.042464641   38.122989805  -12.969329695
    1.618396215   -3.141592654  -60.808989978   45.950024674   -9.814482136
    1.808795770   -3.141592654  -52.478985316   39.136827497   -6.529465267
    1.999195325   -3.141592654  -46.698845799   19.874136828   -3.440972940
    2.189594880   -3.141592654  -45.363390475   -6.499899632   -0.520506372
    2.379994435   -3.141592654  -49.206742384  -33.422190318    2.464843153
    2.570393989   -3.141592654  -57.734609590  -54.794942712    5.721595660
    2.760793544   -3.141592654  -69.432623717  -66.179910064    9.266251233
    2.951193099   -3.141592654  -82.163305702  -65.595937912   12.879361864

   -3.141592654   -2.792526803  -86.236153615  -49.051534133   24.081625932
   -2.951193099   -2.792526803  -94.049024360  -32.423489771   26.592759819
   -2.760793544   -2.792526803  -98.438110435  -13.878431115   27.814738564
   -2.570393989   -2.792526803  -99.507296721    1.790142692   28.015303930
   -2.379994435   -2.792526803  -98.129623113   11.541198230   27.769728440
   -2.189594880   -2.792526803  -95.508748129   15.041176211   27.750872906
   -1.999195325   -2.792526803  -92.659936469   14.479375938   28.448491028
   -1.808795770   -2.792526803  -90.030928008   13.320174662   29.939071719
   -1.618396215   -2.792526803  -87.424679545   14.623516560   31.802074982
   -1.427996661   -2.792526803  -84.218153711   19.626857582   33.249964670
   -1.237597106   -2.792526803  -79.768209174   27.342395959   33.426370746
   -1.047197551   -2.792526803  -73.792144699   35.123112555   31.735166122
   -0.856797996   -2.792526803  -66.567225491   39.941439058   28.049100174
   -0.666398442   -2.792526803  -58.902577814   39.393179573   22.707866676
   -0.475998887   -2.792526803  -51.953371105   32.360856366   16.356657790
   -0.285599332   -2.792526803  -46.961448232   18.996473493    9.676421992
   -0.095199777   -2.792526803  -45.017302267    0.704030638    3.209928652
    0.095199777   -2.792526803  -46.811993235  -19.672166525   -2.707352865
    0.285599332   -2.792526803  -52.346914816  -37.726891128   -7.852765668
    0.475998887   -2.792526803  -60.672952725  -48.096570663  -11.995582790
    0.666398442   -2.792526803  -69.858833588  -46.177601527  -14.832398915
    0.856797996   -2.792526803  -77.366061326  -30.650043138  -16.076686585
    1.047197551   -2.792526803  -80.864082353   -5.025247469  -15.618991670
    1.237597106   -2.792526803  -79.120528076   22.900041258  -13.677889959
    1.427996661   -2.792526803  -72.565592132   44.130585655  -10.750747521
    1.618396215   -2.792526803  -63.161665134   52.111193638   -7.405059378
    1.808795770   -2.792526803  -53.686673880   44.987121789   -4.022383401
    1.999195325   -2.792526803  -46.813924002   25.565960515   -0.660982579
    2.189594880   -2.792526803  -44.372133494   -0.486010603    2.872849575
    2.379994435   -2.792526803  -47.006568009  -26.708381091    6.819845189
    2.570393989   -2.792526803  -54.188592067  -47.430825054   11.244047579
    2.760793544   -2.792526803  -64.461863095  -58.718736362   15.922175508
    2.951193099   -2.792526803  -75.830803975  -58.925932743   20.383814116

   -3.141592654   -2.443460953  -77.962363506  -43.646523539   22.189790214
   -2.951193099   -2.443460953  -84.959529957  -29.286440728   24.100377953
   -2.760793544   -2.443460953  -88.954642896  -12.796800241   24.858181643
   -2.570393989   -2.443460953  -89.954336665    1.605731385   24.774281866
   -2.379994435   -2.443460953  -88.646813045   11.177825811   24.335856552
   -2.189594880   -2.443460953  -86.031945355   15.467222288   24.022536812
   -1.999195325   -2.443460953  -82.986981365   16.120656869   24.116591139
   -1.808795770   -2.443460953  -79.954233439   15.787336732   24.576899955
   -1.618396215   -2.443460953  -76.886676221   16.764985410   25.016459873
   -1.427996661   -2.443460953  -73.424349318   19.921850894   24.824954456
   -1.237597106   -2.443460953  -69.203923741   24.477320140   23.404903525
   -1.047197551   -2.443460953  -64.129956498   28.509243876   20.423304284
   -0.856797996   -2.443460953  -58.501516793   29.932821607   15.952817326
   -0.666398442   -2.443460953  -52.978834526   27.162193879   10.441206648
   -0.475998887   -2.443460953  -48.449253247   19.446632946    4.549243884
   -0.285599332   -2.443460953  -45.865459724    6.836844592   -1.098495196
   -0.095199777   -2.443460953  -46.082673934   -9.713624704   -6.065659967
    0.095199777   -2.443460953  -49.653889779  -27.861660041  -10.156396705
    0.285599332   -2.443460953  -56.524142551  -43.548007938  -13.319246377
    0.475998887   -2.443460953  -65.731700262  -51.519856260  -15.527577488
    0.666398442   -2.443460953  -75.340105848  -47.185376948  -16.699782896
    0.856797996   -2.443460953  -82.814429361  -29.303019371  -16.741045092
    1.047197551   -2.443460953  -85.856791971   -1.654810745  -15.633862846
    1.237597106   -2.443460953  -83.327638613   27.670112542  -13.547700752
    1.427996661   -2.443460953  -75.792462217   49.544716537  -10.804012250
    1.618396215   -2.443460953  -65.343309959   57.618528501   -7.748889368
    1.808795770   -2.443460953  -54.823446131   50.476620901   -4.585842635
    1.999195325   -2.443460953  -46.883384372   31.358608448   -1.298641219
    2.189594880   -2.443460953  -43.271640777    6.072667483    2.277439373
    2.379994435   -2.443460953  -44.561860257  -19.153090254    6.282905264
    2.570393989   -2.443460953  -50.226085286  -39.140361641   10.659587213
    2.760793544   -2.443460953  -58.906010100  -50.439830735   15.092551185
    2.951193099   -2.443460953  -68.777369370  -51.650331437   19.093233145

   -3.141592654   -2.094395102  -71.662301065  -39.651043544   13.996376768
   -2.951193099   -2.094395102  -78.062293713  -27.007066976   15.141137316
   -2.760793544   -2.094395102  -81.771998822  -12.027769515   15.633089397
   -2.570393989   -2.094395102  -82.733894054    1.319664038   15.686886181
   -2.379994435   -2.094395102  -81.540905477   10.343978039   15.506163833
   -2.189594880   -2.094395102  -79.105368334   14.458532822   15.202182896
   -1.999195325   -2.094395102  -76.259386412   15.021712991   14.759137179
   -1.808795770   -2.094395102  -73.465116958   14.303544088   14.041030828
   -1.618396215   -2.094395102  -70.763761970   14.287109523   12.823712590
   -1.427996661   -2.094395102  -67.923460006   15.765563328   10.868644712
   -1.237597106   -2.094395102  -64.692639086   18.218173107    8.031489155
   -1.047197551   -2.094395102  -61.007974937   20.259922120    4.368414212
   -0.856797996   -2.094395102  -57.088351662   20.403636322    0.159655590
   -0.666398442   -2.094395102  -53.414637935   17.485921240   -4.158620107
   -0.475998887   -2.094395102  -50.648679816   10.777914350   -8.124257317
   -0.285599332   -2.094395102  -49.551692715   -0.007529709  -11.408283054
   -0.095199777   -2.094395102  -50.872789561  -14.457581041  -13.882891045
    0.095199777   -2.094395102  -55.160089192  -30.688804238  -15.615289253
    0.285599332   -2.094395102  -62.417948363  -44.851819013  -16.760459270
    0.475998887   -2.094395102  -71.756309720  -51.617819818  -17.445948368
    0.666398442   -2.094395102  -81.279437712  -46.192172210  -17.688208443
    0.856797996   -2.094395102  -88.459382051  -27.184490293  -17.406326530
    1.047197551   -2.094395102  -90.992360282    1.566001911  -16.478765820
    1.237597106   -2.094395102  -87.759208573   31.798517951  -14.868399187
    1.427996661   -2.094395102  -79.378254893   54.237307546  -12.652402682
    1.618396215   -2.094395102  -68.006618530   62.573595671  -10.000700725
    1.808795770   -2.094395102  -56.526535252   55.606637538   -7.078005594
    1.999195325   -2.094395102  -47.580432139   36.826902290   -3.972403598
    2.189594880   -2.094395102  -42.875502591   12.109959772   -0.697331670
    2.379994435   -2.094395102  -42.955239822  -12.504023092    2.725664873
    2.570393989   -2.094395102  -47.316688646  -32.196191376    6.169314075
    2.760793544   -2.094395102  -54.693729530  -43.828569997    9.381491814
    2.951193099   -2.094395102  -63.394828487  -46.085087500   12.061354033

   -3.141592654   -1.745329252  -68.785465592  -37.882408624    5.515406642
   -2.951193099   -1.745329252  -74.942829776  -26.185321885    5.640557681
   -2.760793544   -1.745329252  -78.561690075  -11.855721144    5.548721013
   -2.570393989   -1.745329252  -79.531959607    1.080937168    5.377086164
   -2.379994435   -1.745329252  -78.420059881    9.717176184    5.092789453
   -2.189594880   -1.745329252  -76.156647317   13.221561675    4.501177811
   -1.999195325   -1.745329252  -73.634217660   12.785880599    3.353550293
   -1.808795770   -1.745329252  -71.394904631   10.648055377    1.482072327
   -1.618396215   -1.745329252  -69.548600256    8.940759617   -1.116999676
   -1.427996661   -1.745329252  -67.884932546    8.800963478   -4.273867934
   -1.237597106   -1.745329252  -66.096244174   10.171100604   -7.694462583
   -1.047197551   -1.745329252  -63.974857457   12.077377595  -11.023712312
   -0.856797996   -1.745329252  -61.537897583   13.199593066  -13.925351473
   -0.666398442   -1.745329252  -59.064670693   12.211742181  -16.139581757
   -0.475998887   -1.745329252  -57.076872844    7.909873120  -17.522794208
   -0.285599332   -1.745329252  -56.301367324   -0.573382258  -18.087783900
   -0.095199777   -1.745329252  -57.555902869  -13.318149354  -17.992879805
    0.095199777   -1.745329252  -61.529818710  -28.675010065  -17.513387127
    0.285599332   -1.745329252  -68.385296144  -42.745632556  -16.946840041
    0.475998887   -1.745329252  -77.356633202  -49.911231588  -16.512611499
    0.666398442   -1.745329252  -86.602883844  -44.973657703  -16.262781005
    0.856797996   -1.745329252  -93.576869922  -26.158957842  -16.066079388
    1.047197551   -1.745329252  -95.895706001    2.867274956  -15.652395672
    1.237597106   -1.745329252  -92.352472299   33.803580895  -14.756603122
    1.427996661   -1.745329252  -83.504266652   57.136447297  -13.227626170
    1.618396215   -1.745329252  -71.497889053   66.304452317  -11.096655542
    1.808795770   -1.745329252  -59.243747597   59.956435278   -8.532648568
    1.999195325   -1.745329252  -49.426814137   41.580470208   -5.756003118
    2.189594880   -1.745329252  -43.792266179   17.083686512   -2.963965783
    2.379994435   -1.745329252  -42.920142466   -7.530578752   -0.327858486
    2.570393989   -1.745329252  -46.359229661  -27.550040091    1.977076518
    2.760793544   -1.745329252  -52.913396281  -39.901187064    3.774688274
    2.951193099   -1.745329252  -60.961789399  -43.192482425    4.947257578

   -3.141592654   -1.396263402  -70.044384597  -39.266460603    3.383207775
   -2.951193099   -1.396263402  -76.456140294  -27.377988394    2.792295988
   -2.760793544   -1.396263402  -80.245018805  -12.425554217    2.063780605
   -2.570393989   -1.396263402  -81.264344831    1.069930255    1.298591462
   -2.379994435   -1.396263402  -80.146375484    9.654781050    0.383461366
   -2.189594880   -1.396263402  -77.971417901   12.199413706   -0.975097343
   -1.999195325   -1.396263402  -75.800170708   10.019437740   -3.089446097
   -1.808795770   -1.396263402  -74.281408481    5.853363584   -6.094786803
   -1.618396215   -1.396263402  -73.515601688    2.506035183   -9.825033337
   -1.427996661   -1.396263402  -73.159385652    1.697741332  -13.825853275
   -1.237597106   -1.396263402  -72.687891293    3.656735956  -17.496021625
   -1.047197551   -1.396263402  -71.656852907    7.310199182  -20.273742221
   -0.856797996   -1.396263402  -69.898175540   10.918666473  -21.807793884
   -0.666398442   -1.396263402  -67.603238909   12.597434166  -22.024478945
   -0.475998887   -1.396263402  -65.313111101   10.589987396  -21.101527416
   -0.285599332   -1.396263402  -63.868491105    3.620969144  -19.392070609
   -0.095199777   -1.396263402  -64.259650674   -8.619992789  -17.316729159
    0.095199777   -1.396263402  -67.373324987  -24.496099096  -15.289310227
    0.285599332   -1.396263402  -73.550766609  -39.908233130  -13.622637029
    0.475998887   -1.396263402  -82.145889659  -48.817225551  -12.470777419
    0.666398442   -1.396263402  -91.340508346  -45.449191076  -11.793082187
    0.856797996   -1.396263402  -98.498668861  -27.461209807  -11.381705563
    1.047197551   -1.396263402 -101.059362047    1.800025648  -10.929389967
    1.237597106   -1.396263402  -97.615489975   33.947853554  -10.162419478
    1.427996661   -1.396263402  -88.579010270   58.985271686   -8.928043289
    1.618396215   -1.396263402  -76.063450302   69.722093376   -7.241563306
    1.808795770   -1.396263402  -63.056029542   64.309319286   -5.242586537
    1.999195325   -1.396263402  -52.384699750   46.061097262   -3.118243401
    2.189594880   -1.396263402  -45.942742971   20.976034497   -1.042841690
    2.379994435   -1.396263402  -44.426391155   -4.723062033    0.823242005
    2.570393989   -1.396263402  -47.456226934  -26.083881472    2.313857170
    2.760793544   -1.396263402  -53.861136636  -39.773064826    3.270381391
    2.951193099   -1.396263402  -61.991867758  -44.105441281    3.607508668

   -3.141592654   -1.047197551  -72.340878952  -42.349205049    4.244478141
   -2.951193099   -1.047197551  -79.314469716  -30.102259632    2.653305061
   -2.760793544   -1.047197551  -83.552064638  -14.399345811    0.882920916
   -2.570393989   -1.047197551  -84.883377450   -0.314466981   -0.893378672
   -2.379994435   -1.047197551  -84.026825196    8.140732339   -2.732985711
   -2.189594880   -1.047197551  -82.228016108    9.614682602   -4.911524975
   -1.999195325   -1.047197551  -80.706771742    5.719366941   -7.747467500
   -1.808795770   -1.047197551  -80.169871405   -0.073173466  -11.354589612
   -1.618396215   -1.047197551  -80.619562927   -4.119342802  -15.464656310
   -1.427996661   -1.047197551  -81.476868272   -4.163520045  -19.446025921
   -1.237597106   -1.047197551  -81.931477041    0.001194276  -22.519171443
   -1.047197551   -1.047197551  -81.311092130    6.732459896  -24.055973973
   -0.856797996   -1.047197551  -79.359462894   13.459516309  -23.819007643
   -0.666398442   -1.047197551  -76.334451530   17.553739586  -22.015348400
   -0.475998887   -1.047197551  -72.958408337   16.823468275  -19.177125568
   -0.285599332   -1.047197551  -70.302645737    9.916422356  -15.954552002
   -0.095199777   -1.047197551  -69.574175085   -3.308638073  -12.902453019
    0.095199777   -1.047197551  -71.828021038  -20.857461575  -10.363518102
    0.285599332   -1.047197551  -77.495212984  -38.187216133   -8.419847262
    0.475998887   -1.047197551  -85.929888799  -48.774111090   -6.952096774
    0.666398442   -1.047197551  -95.224731397  -46.414883832   -5.745182720
    0.856797996   -1.047197551 -102.589587701  -28.519450819   -4.608689899
    1.047197551   -1.047197551 -105.288052489    1.517438100   -3.438796415
    1.237597106   -1.047197551 -101.776504513   34.978745359   -2.226145360
    1.427996661   -1.047197551  -92.410587146   61.368544562   -0.999247615
    1.618396215   -1.047197551  -79.341746410   73.044531513    0.219081504
    1.808795770   -1.047197551  -65.664046590   67.902067505    1.431724707
    1.999195325   -1.047197551  -54.336990371   49.248341615    2.646762196
    2.189594880   -1.047197551  -47.370133491   23.225691569    3.837673917
    2.379994435   -1.047197551  -45.543337260   -3.753436540    4.899735450
    2.570393989   -1.047197551  -48.523979640  -26.542712912    5.644950165
    2.760793544   -1.047197551  -55.147784066  -41.571010700    5.853369059
    2.951193099   -1.047197551  -63.721008847  -46.864412851    5.379281516

   -3.141592654   -0.698131701  -72.370836434  -46.439357515    3.752054193
   -2.951193099   -0.698131701  -80.158029426  -34.462331754    1.051017824
   -2.760793544   -0.698131701  -85.212700361  -18.569555439   -1.839034192
   -2.570393989   -0.698131701  -87.309671105   -4.212553098   -4.651262036
   -2.379994435   -0.698131701  -87.196448536    4.140497031   -7.352926408
   -2.189594880   -0.698131701  -86.217352427    4.912195278  -10.152710709
   -1.999195325   -0.698131701  -85.691829460   -0.053591990  -13.314593486
   -1.808795770   -0.698131701  -86.339246919   -6.623723953  -16.879695309
   -1.618396215   -0.698131701  -88.031692048  -10.390666153  -20.473690138
   -1.427996661   -0.698131701  -89.939381234   -8.666148302  -23.364260215
   -1.237597106   -0.698131701  -90.975353339   -1.428022552  -24.756512437
   -1.047197551   -0.698131701  -90.283575478    8.922027586  -24.166415996
   -0.856797996   -0.698131701  -87.598789907   18.818081988  -21.661161631
   -0.666398442   -0.698131701  -83.346997892   24.824658012  -17.830898190
   -0.475998887   -0.698131701  -78.530421099   24.412120324  -13.542833790
   -0.285599332   -0.698131701  -74.514914138   16.412390679   -9.603654598
   -0.095199777   -0.698131701  -72.726581092    1.238829138   -6.481599964
    0.095199777   -0.698131701  -74.315233323  -18.379782701   -4.205070415
    0.285599332   -0.698131701  -79.669516485  -37.247948783   -2.430815657
    0.475998887   -0.698131701  -88.000370123  -48.461642918   -0.684117672
    0.666398442   -0.698131701  -97.220688366  -45.826279247    1.359942131
    0.856797996   -0.698131701 -104.397238842  -27.092344303    3.684933129
    1.047197551   -0.698131701 -106.732730929    3.858666168    5.955376868
    1.237597106   -0.698131701 -102.709883747   37.923487570    7.730862865
    1.427996661   -0.698131701  -92.761841757   64.453771436    8.739623390
    1.618396215   -0.698131701  -79.124120410   75.877788854    9.017380934
    1.808795770   -0.698131701  -64.950057545   70.255959013    8.849161500
    1.999195325   -0.698131701  -53.229010383   51.020659329    8.578410141
    2.189594880   -0.698131701  -45.986858620   24.325476153    8.412387085
    2.379994435   -0.698131701  -44.027662805   -3.496157769    8.323776611
    2.570393989   -0.698131701  -47.058555043  -27.365373477    8.078879752
    2.760793544   -0.698131701  -53.957108473  -43.645453129    7.358752229
    2.951193099   -0.698131701  -63.042227093  -50.131682473    5.926015536

   -3.141592654   -0.349065850  -71.340601964  -51.810131716    2.804266965
   -2.951193099   -0.349065850  -80.222447372  -40.456654449   -0.342351924
   -2.760793544   -0.349065850  -86.422609222  -24.494782993   -3.605992782
   -2.570393989   -0.349065850  -89.605002478   -9.654784074   -6.729529449
   -2.379994435   -0.349065850  -90.483481516   -0.879485613   -9.646863520
   -2.189594880   -0.349065850  -90.450239202   -0.068009549  -12.481283868
   -1.999195325   -0.349065850  -90.893025454   -5.246820596  -15.373456571
   -1.808795770   -0.349065850  -92.528730894  -11.691104735  -18.240153808
   -1.618396215   -0.349065850  -95.097118459  -14.304799881  -20.634342539
   -1.427996661   -0.349065850  -97.535027290  -10.101230100  -21.859546256
   -1.237597106   -0.349065850  -98.527675830    0.559066880  -21.297736539
   -1.047197551   -0.349065850  -97.122450374   14.335657304  -18.769656578
   -0.856797996   -0.349065850  -93.157552298   26.600942784  -14.695189945
   -0.666398442   -0.349065850  -87.334397793   33.230277753   -9.952352057
   -0.475998887   -0.349065850  -81.001049029   31.674099146   -5.530092795
   -0.285599332   -0.349065850  -75.809258514   21.387909965   -2.128768637
   -0.095199777   -0.349065850  -73.310698103    3.779282765    0.092324222
    0.095199777   -0.349065850  -74.586964862  -17.436276989    1.534845179
    0.285599332   -0.349065850  -79.803804745  -36.502541769    2.938455468
    0.475998887   -0.349065850  -87.904197466  -46.622023384    4.988301484
    0.666398442   -0.349065850  -96.617527166  -42.346328691    7.932701252
    0.856797996   -0.349065850 -103.002496956  -22.424196374   11.410724904
    1.047197551   -0.349065850 -104.424042158    8.553171541   14.616044863
    1.237597106   -0.349065850  -99.601804855   41.453130166   16.720719226
    1.427996661   -0.349065850  -89.146941629   66.212312802   17.305215269
    1.618396215   -0.349065850  -75.334400074   76.042853098   16.524134098
    1.808795770   -0.349065850  -61.228061948   69.515479917   14.943270479
    1.999195325   -0.349065850  -49.677024118   50.071454132   13.194483278
    2.189594880   -0.349065850  -42.606586431   23.482823346   11.671479005
    2.379994435   -0.349065850  -40.809451669   -4.420117022   10.414178356
    2.570393989   -0.349065850  -44.065273120  -28.903776569    9.183752254
    2.760793544   -0.349065850  -51.360999703  -46.356460533    7.639407894
    2.951193099   -0.349065850  -61.097981920  -54.278997929    5.527713313

   -3.141592654    0.000000000  -70.493863820  -57.294733171    1.219526768
   -2.951193099    0.000000000  -80.472133301  -46.380526859   -1.695478627
   -2.760793544    0.000000000  -87.801977033  -30.345065149   -4.606296868
   -2.570393989    0.000000000  -92.063791327  -15.109492778   -7.332228533
   -2.379994435    0.000000000  -93.939958875   -5.921831230   -9.831715477
   -2.189594880    0.000000000  -94.838734217   -4.825730101  -12.176210672
   -1.999195325    0.000000000  -96.156860093   -9.626201574  -14.395829420
   -1.808795770    0.000000000  -98.545716994  -15.068748468  -16.300358620
   -1.618396215    0.000000000 -101.578344268  -15.602773984  -17.420996517
   -1.427996661    0.000000000 -103.980899075   -8.291867208  -17.180932182
   -1.237597106    0.000000000 -104.300605316    5.786157038  -15.220134428
   -1.047197551    0.000000000 -101.627513100   22.200738469  -11.679747773
   -0.856797996    0.000000000  -96.044400718   35.402873689   -7.236709472
   -0.666398442    0.000000000  -88.614668425   40.992563977   -2.846900362
   -0.475998887    0.000000000  -81.024406966   36.950070105    0.648354013
   -0.285599332    0.000000000  -75.102452831   23.818390476    2.888755136
   -0.095199777    0.000000000  -72.352615422    4.209477151    4.125711238
    0.095199777    0.000000000  -73.606881560  -17.322724988    5.107207183
    0.285599332    0.000000000  -78.686410307  -34.915097000    6.725493688
    0.475998887    0.000000000  -86.249617504  -42.494844949    9.572044985
    0.666398442    0.000000000  -93.941453298  -35.911728362   13.586980017
    0.856797996    0.000000000  -98.990842586  -15.171754804   18.003975861
    1.047197551    0.000000000  -99.114549920   14.587267586   21.662016162
    1.237597106    0.000000000  -93.392690733   44.685881600   23.557235456
    1.427996661    0.000000000  -82.633801859   66.215936813   23.309364767
    1.618396215    0.000000000  -69.076899913   73.556179451   21.276706878
    1.808795770    0.000000000  -55.577207456   65.864008921   18.284118910
    1.999195325    0.000000000  -44.736565779   46.414356930   15.176741800
    2.189594880    0.000000000  -38.315296042   20.350388229   12.470376918
    2.379994435    0.000000000  -37.071774559   -7.168179968   10.249101217
    2.570393989    0.000000000  -40.855760567  -31.805497341    8.286092542
    2.760793544    0.000000000  -48.764482968  -49.973223660    6.254641633
    2.951193099    0.000000000  -59.283401828  -58.891933353    3.916182801

   -3.141592654    0.349065850  -68.948904206  -60.833233907    0.735586841
   -2.951193099    0.349065850  -79.650283668  -50.393839655   -0.972621684
   -2.760793544    0.349065850  -87.778939399  -34.672454525   -2.598645047
   -2.570393989    0.349065850  -92.881255711  -19.575925800   -4.161434226
   -2.379994435    0.349065850  -95.609154208  -10.373724889   -5.709510305
   -2.189594880    0.349065850  -97.338537155   -9.043307973   -7.269518733
   -1.999195325    0.349065850  -99.404864389  -13.163426989   -8.754839170
   -1.808795770    0.349065850 -102.345274784  -17.178661574   -9.903463856
   -1.618396215    0.349065850 -105.575550628  -15.436946937  -10.312753532
   -1.427996661    0.349065850 -107.684862003   -5.340480923   -9.610519434
   -1.237597106    0.349065850 -107.191325565   11.255678694   -7.685709684
   -1.047197551    0.349065850 -103.320818424   29.052795645   -4.831683053
   -0.856797996    0.349065850  -96.430377632   42.003202423   -1.675569039
   -0.666398442    0.349065850  -87.889463394   45.870193164    1.092612157
   -0.475998887    0.349065850  -79.594964930   39.454307201    3.031867744
   -0.285599332    0.349065850  -73.393765155   24.410010783    4.184412951
   -0.095199777    0.349065850  -70.605420065    4.309764021    5.063800307
    0.095199777    0.349065850  -71.742915749  -15.904814186    6.457071979
    0.285599332    0.349065850  -76.307613610  -30.767951749    9.053510254
    0.475998887    0.349065850  -82.786009189  -35.324560092   13.075080977
    0.666398442    0.349065850  -88.903572274  -26.858242578   18.058750296
    0.856797996    0.349065850  -92.221280887   -6.469276996   22.944281867
    1.047197551    0.349065850  -90.914877773   20.545627085   26.469878302
    1.237597106    0.349065850  -84.449869884   46.403260849   27.721018820
    1.427996661    0.349065850  -73.780802046   63.691102212   26.510227487
    1.618396215    0.349065850  -61.012555957   68.096490724   23.393236358
    1.808795770    0.349065850  -48.684478660   59.327862459   19.331458386
    1.999195325    0.349065850  -39.062344274   40.354514615   15.239467120
    2.189594880    0.349065850  -33.681679655   15.535913080   11.675337035
    2.379994435    0.349065850  -33.232772263  -10.753886656    8.781347618
    2.570393989    0.349065850  -37.619924918  -34.656530428    6.425836526
    2.760793544    0.349065850  -46.049850889  -52.692480067    4.395057437
    2.951193099    0.349065850  -57.111540717  -61.926295349    2.523460187

   -3.141592654    0.698131701  -67.412312664  -62.275651805   -0.011006848
   -2.951193099    0.698131701  -78.403793004  -52.000370533   -0.201691235
   -2.760793544    0.698131701  -86.864603242  -36.541703716   -0.245323822
   -2.570393989    0.698131701  -92.347920966  -21.688206213   -0.355494880
   -2.379994435    0.698131701  -95.492192368  -12.604266776   -0.677274035
   -2.189594880    0.698131701  -97.641617763  -11.175354868   -1.231014964
   -1.999195325    0.698131701 -100.080699861  -14.882273316   -1.899948667
   -1.808795770    0.698131701 -103.277906444  -18.087661603   -2.470681021
   -1.618396215    0.698131701 -106.575338631  -15.186676150   -2.712025576
   -1.427996661    0.698131701 -108.516367871   -3.836005976   -2.473291534
   -1.237597106    0.698131701 -107.638981141   13.686876145   -1.760871526
   -1.047197551    0.698131701 -103.270317404   31.709478261   -0.745662218
   -0.856797996    0.698131701  -95.916698607   44.094424109    0.330060871
   -0.666398442    0.698131701  -87.073949863   46.918608951    1.304258463
   -0.475998887    0.698131701  -78.671146816   39.643231937    2.215199012
   -0.285599332    0.698131701  -72.448939936   24.635295003    3.361038190
   -0.095199777    0.698131701  -69.507444374    5.932163135    5.197096596
    0.095199777    0.698131701  -70.098939698  -11.623680833    8.162676232
    0.285599332    0.698131701  -73.544556261  -23.298504617   12.417926025
    0.475998887    0.698131701  -78.339944392  -25.342408391   17.648642507
    0.666398442    0.698131701  -82.460077030  -16.257595769   23.025594134
    0.856797996    0.698131701  -83.900242780    2.218150945   27.411606917
    1.047197551    0.698131701  -81.302087673   25.145527469   29.750790563
    1.237597106    0.698131701  -74.437119755   45.983144389   29.501475672
    1.427996661    0.698131701  -64.288186898   58.874781060   26.835868263
    1.618396215    0.698131701  -52.722570799   60.627513930   22.527893480
    1.808795770    0.698131701  -41.906165231   51.230290984   17.586480906
    1.999195325    0.698131701  -33.757699407   33.161784092   12.863559041
    2.189594880    0.698131701  -29.597078648    9.962051779    8.846878738
    2.379994435    0.698131701  -30.050028413  -14.695928575    5.674554347
    2.570393989    0.698131701  -35.060281411  -37.335706961    3.294052107
    2.760793544    0.698131701  -43.917320353  -54.577261260    1.611168601
    2.951193099    0.698131701  -55.296270117  -63.429540636    0.542678792

   -3.141592654    1.047197551  -68.587570919  -62.294935611   -5.153658293
   -2.951193099    1.047197551  -79.508573953  -51.285748126   -4.282417663
   -2.760793544    1.047197551  -87.798501179  -35.521728470   -3.022946955
   -2.570393989    1.047197551  -93.091913177  -20.764726590   -1.738224278
   -2.379994435    1.047197551  -96.089802647  -12.010970757   -0.687866660
   -2.189594880    1.047197551  -98.161078520  -10.932748571    0.029491704
   -1.999195325    1.047197551 -100.577576694  -14.855024552    0.441384877
   -1.808795770    1.047197551 -103.775625871  -18.098630819    0.613110543
   -1.618396215    1.047197551 -107.069625922  -15.135015326    0.583995492
   -1.427996661    1.047197551 -108.996243928   -3.755339038    0.365418712
   -1.237597106    1.047197551 -108.109848471   13.668488541   -0.008331327
   -1.047197551    1.047197551 -103.761366473   31.500039127   -0.425938456
   -0.856797996    1.047197551  -96.459439462   43.797585915   -0.670476155
   -0.666398442    1.047197551  -87.652607666   46.926871221   -0.443994908
   -0.475998887    1.047197551  -79.166703632   40.646656744    0.567974841
   -0.285599332    1.047197551  -72.594262295   27.436463839    2.649543456
   -0.095199777    1.047197551  -68.894502891   11.170463935    5.963167180
    0.095199777    1.047197551  -68.243066280   -3.851083730   10.480158777
    0.285599332    1.047197551  -70.016416442  -13.698929295   15.859806145
    0.475998887    1.047197551  -72.925991314  -15.450031039   21.408092059
    0.666398442    1.047197551  -75.293989654   -8.088452067   26.155861769
    0.856797996    1.047197551  -75.494695562    6.807894390   29.119628366
    1.047197551    1.047197551  -72.450921960   25.173815303   29.625056612
    1.237597106    1.047197551  -66.005056954   41.696410722   27.587828190
    1.427996661    1.047197551  -56.984346833   51.592200201   23.521487284
    1.618396215    1.047197551  -46.950680313   52.111179300   18.314135575
    1.808795770    1.047197551  -37.747598061   42.998059523   12.871832200
    1.999195325    1.047197551  -31.065285499   26.073413456    7.835830479
    2.189594880    1.047197551  -28.123877395    4.239279649    3.516136410
    2.379994435    1.047197551  -29.543997409  -19.160740080   -0.003698769
    2.570393989    1.047197551  -35.295222455  -40.662748351   -2.691472674
    2.760793544    1.047197551  -44.679692950  -56.780010382   -4.476177846
    2.951193099    1.047197551  -56.369912552  -64.487958913   -5.285670967

   -3.141592654    1.396263402  -73.565393349  -61.336871509  -10.853154285
   -2.951193099    1.396263402  -84.105803054  -48.345770865   -9.446555762
   -2.760793544    1.396263402  -91.710918740  -31.412682252   -7.509117708
   -2.570393989    1.396263402  -96.184817217  -16.405371854   -5.455684888
   -2.379994435    1.396263402  -98.387866318   -8.117184291   -3.559183963
   -2.189594880    1.396263402  -99.796841420   -7.914313053   -1.906487253
   -1.999195325    1.396263402 -101.738238924  -12.905054344   -0.485089269
   -1.808795770    1.396263402 -104.676220069  -17.338892881    0.685477148
   -1.618396215    1.396263402 -107.946236561  -15.655185942    1.501227173
   -1.427996661    1.396263402 -110.089700139   -5.487218116    1.845133793
   -1.237597106    1.396263402 -109.617245986   11.141526037    1.726580745
   -1.047197551    1.396263402 -105.761300368   29.007353157    1.369644735
   -0.856797996    1.396263402  -98.843408095   42.437566586    1.191113593
   -0.666398442    1.396263402  -90.102205511   47.740611776    1.664245189
   -0.475998887    1.396263402  -81.195712997   44.326352275    3.152754607
   -0.285599332    1.396263402  -73.634612347   34.106815726    5.815764460
   -0.095199777    1.396263402  -68.414019563   20.345870670    9.546766726
    0.095199777    1.396263402  -65.859857905    6.727436976   13.980510215
    0.285599332    1.396263402  -65.608525099   -3.308487664   18.487733894
    0.475998887    1.396263402  -66.702105931   -7.069543928   22.262048707
    0.666398442    1.396263402  -67.797279703   -3.309083576   24.494160533
    0.856797996    1.396263402  -67.507261622    7.120347136   24.639900176
    1.047197551    1.396263402  -64.822345891   21.217598577   22.612237964
    1.237597106    1.396263402  -59.451850175   34.597119213   18.845517272
    1.427996661    1.396263402  -51.956960426   42.920325200   14.092851479
    1.618396215    1.396263402  -43.610718319   43.239194274    9.131209434
    1.808795770    1.396263402  -36.048356589   34.696956321    4.493459056
    1.999195325    1.396263402  -30.875584797   18.507635725    0.380817630
    2.189594880    1.396263402  -29.314230255   -2.712058142   -3.225259218
    2.379994435    1.396263402  -32.000840423  -25.481150035   -6.360694826
    2.570393989    1.396263402  -38.868717564  -45.974123785   -8.920655810
    2.760793544    1.396263402  -49.119118161  -60.441054092  -10.657821532
    2.951193099    1.396263402  -61.302240714  -65.919374125  -11.323478929

   -3.141592654    1.745329252  -79.954966741  -59.969396332  -17.000392935
   -2.951193099    1.745329252  -90.040298082  -45.050830683  -15.660617786
   -2.760793544    1.745329252  -96.898219354  -27.007283742  -13.493045006
   -2.570393989    1.745329252 -100.495444246  -11.726413656  -10.874076092
   -2.379994435    1.745329252 -101.829503817   -3.742490050   -8.077498348
   -2.189594880    1.745329252 -102.459280150   -4.139316975   -5.226248865
   -1.999195325    1.745329252 -103.753098617   -9.909913235   -2.384259556
   -1.808795770    1.745329252 -106.210470642  -15.327347708    0.309767610
   -1.618396215    1.745329252 -109.205897706  -14.807562763    2.598721211
   -1.427996661    1.745329252 -111.295755263   -5.738174391    4.214381593
   -1.237597106    1.745329252 -110.937055970   10.307097258    5.063550526
   -1.047197551    1.745329252 -107.222249117   28.524557477    5.349146522
   -0.856797996    1.745329252 -100.276104770   43.375026382    5.535758163
   -0.666398442    1.745329252  -91.154063168   50.885492280    6.156816709
   -0.475998887    1.745329252  -81.415643215   49.901391195    7.581125107
   -0.285599332    1.745329252  -72.591402555   41.668083653    9.875629582
   -0.095199777    1.745329252  -65.819502244   28.870135534   12.764287353
    0.095199777    1.745329252  -61.663580123   14.757719719   15.704868615
    0.285599332    1.745329252  -60.058291840    2.616190953   17.993977488
    0.475998887    1.745329252  -60.337322680   -4.625169809   18.953864752
    0.666398442    1.745329252  -61.359069337   -5.000355193   18.142366726
    0.856797996    1.745329252  -61.764492649    1.655026137   15.552684175
    1.047197551    1.745329252  -60.380533208   13.296737701   11.632081044
    1.237597106    1.745329252  -56.614950471   25.935862591    7.143286758
    1.427996661    1.745329252  -50.720877336   34.938490782    2.831844530
    1.618396215    1.745329252  -43.773133506   36.554687747   -0.850878629
    1.808795770    1.745329252  -37.370869401   29.107952704   -3.866364130
    1.999195325    1.745329252  -33.207915875   13.381107632   -6.484699865
    2.189594880    1.745329252  -32.622918008   -7.886937297   -9.035106717
    2.379994435    1.745329252  -36.303874339  -30.691237350  -11.655762521
    2.570393989    1.745329252  -44.123825361  -50.620174637  -14.171813984
    2.760793544    1.745329252  -55.135645186  -63.630103060  -16.166589764
    2.951193099    1.745329252  -67.727206812  -66.922430040  -17.190944114

   -3.141592654    2.094395102  -86.885370609  -59.173609683  -19.047968475
   -2.951193099    2.094395102  -96.624199934  -42.295348737  -17.824617654
   -2.760793544    2.094395102 -102.816184086  -22.882519288  -15.661627936
   -2.570393989    2.094395102 -105.547895928   -6.856340601  -12.867971806
   -2.379994435    2.094395102 -105.918306740    1.452256231   -9.672335070
   -2.189594880    2.094395102 -105.547165476    1.142532083   -6.166431768
   -1.999195325    2.094395102 -105.844969742   -4.781776674   -2.393129751
   -1.808795770    2.094395102 -107.369468642  -10.737005371    1.507142278
   -1.618396215    2.094395102 -109.577494740  -11.200612921    5.225670352
   -1.427996661    2.094395102 -111.095405983   -3.353709680    8.371372036
   -1.237597106    2.094395102 -110.383786830   11.698456755   10.659560504
   -1.047197551    2.094395102 -106.444301300   29.628360738   12.070058850
   -0.856797996    2.094395102  -99.242904681   45.085758060   12.864172506
   -0.666398442    2.094395102  -89.682389889   53.835495628   13.433163368
   -0.475998887    2.094395102  -79.254469498   54.139953904   14.079759658
   -0.285599332    2.094395102  -69.544926460   46.568081420   14.858122993
   -0.095199777    2.094395102  -61.864622483   33.293765693   15.517498253
    0.095199777    2.094395102  -57.018513479   17.357287587   15.585623182
    0.285599332    2.094395102  -55.185945620    2.248638093   14.528209431
    0.475998887    2.094395102  -55.865260974   -8.479473784   11.990885499
    0.666398442    2.094395102  -57.928746436  -11.924910403    8.011827772
    0.856797996    2.094395102  -59.846409824   -7.025414660    3.119865137
    1.047197551    2.094395102  -60.140623860    4.661210242   -1.820582901
    1.237597106    2.094395102  -57.886077262   18.900031863   -5.929123559
    1.427996661    2.094395102  -53.113303280   30.224376374   -8.695960100
    1.618396215    2.094395102  -46.859654722   33.849240615  -10.165877866
    1.808795770    2.094395102  -40.861608206   27.366232904  -10.855696728
    1.999195325    2.094395102  -37.035410170   11.415573437  -11.459194618
    2.189594880    2.094395102  -36.911030750  -10.817627322  -12.516495474
    2.379994435    2.094395102  -41.246938858  -34.562665844  -14.185512436
    2.570393989    2.094395102  -49.839531875  -54.690931967  -16.204641824
    2.760793544    2.094395102  -61.560974568  -66.820152830  -18.035068362
    2.951193099    2.094395102  -74.599963379  -68.311245775  -19.104076368

   -3.141592654    2.443460953  -93.287269504  -58.846977582  -12.912052580
   -2.951193099    2.443460953 -102.799481703  -40.295870751  -11.323179611
   -2.760793544    2.443460953 -108.472695925  -19.498835419   -9.050309491
   -2.570393989    2.443460953 -110.451906330   -2.378272036   -6.368331993
   -2.379994435    2.443460953 -109.875507872    6.907905374   -3.444716295
   -2.189594880    2.443460953 -108.372554646    7.565264331   -0.268831739
   -1.999195325    2.443460953 -107.363938187    2.469295781    3.259305090
   -1.808795770    2.443460953 -107.462527553   -3.119924239    7.144634545
   -1.618396215    2.443460953 -108.242594551   -3.959584705   11.154011700
   -1.427996661    2.443460953 -108.478025250    2.761811663   14.838847735
   -1.237597106    2.443460953 -106.745408745   16.267776841   17.713278555
   -1.047197551    2.443460953 -102.081643639   32.709382477   19.474283808
   -0.856797996    2.443460953  -94.402741586   47.096125139   20.116945414
   -0.666398442    2.443460953  -84.523812951   55.219376548   19.866190512
   -0.475998887    2.443460953  -73.876447544   55.042005623   18.990093114
   -0.285599332    2.443460953  -64.062538796   46.666370227   17.608774172
   -0.095199777    2.443460953  -56.494878858   31.868555072   15.605099693
    0.095199777    2.443460953  -52.131980544   13.573497546   12.695621995
    0.285599332    2.443460953  -51.289742653   -4.409108681    8.622248046
    0.475998887    2.443460953  -53.499648342  -17.784094828    3.408363063
    0.666398442    2.443460953  -57.501424861  -22.700360310   -2.475329323
    0.856797996    2.443460953  -61.465746460  -17.401725509   -8.147694197
    1.047197551    2.443460953  -63.542996505   -3.402463576  -12.613684656
    1.237597106    2.443460953  -62.503541736   14.304450805  -15.171439150
    1.427996661    2.443460953  -58.270487067   29.041377354  -15.728503657
    1.618396215    2.443460953  -52.002564304   34.930668906  -14.812996274
    1.808795770    2.443460953  -45.714867879   29.059944059  -13.304574952
    1.999195325    2.443460953  -41.628540887   12.269602587  -12.045529588
    2.189594880    2.443460953  -41.488185412  -11.547491470  -11.545331446
    2.379994435    2.443460953  -46.112681339  -36.774763099  -11.860277047
    2.570393989    2.443460953  -55.210455484  -57.616007209  -12.661607245
    2.760793544    2.443460953  -67.474453112  -69.412727943  -13.415568186
    2.951193099    2.443460953  -80.901181882  -69.673617555  -13.603132461

   -3.141592654    2.792526803  -96.487427925  -57.459470131    0.644251164
   -2.951193099    2.792526803 -105.623697141  -37.791771183    2.754878746
   -2.760793544    2.792526803 -110.734553436  -16.159874443    4.797503177
   -2.570393989    2.792526803 -112.020913526    1.526131776    6.668655738
   -2.379994435    2.792526803 -110.653351178   11.323343129    8.486180801
   -2.189594880    2.792526803 -108.247575525   12.669108808   10.564939705
   -1.999195325    2.792526803 -106.184266685    8.460911215   13.237386382
   -1.808795770    2.792526803 -105.060092990    3.683241797   16.611466677
   -1.618396215    2.792526803 -104.504462253    3.144204915   20.409647303
   -1.427996661    2.792526803 -103.424398065    9.317998077   24.012131066
   -1.237597106    2.792526803 -100.566076470   21.404451861   26.690373054
   -1.047197551    2.792526803  -95.109276156   35.842458337   27.900102276
   -0.856797996    2.792526803  -87.040677690   48.054285846   27.469480344
   -0.666398442    2.792526803  -77.177752215   54.117017439   25.576992628
   -0.475998887    2.792526803  -66.924376025   52.015054731   22.580666344
   -0.285599332    2.792526803  -57.871276373   41.679615233   18.791000525
   -0.095199777    2.792526803  -51.454401289   24.737419380   14.350713748
    0.095199777    2.792526803  -48.662596243    4.213427015    9.260955735
    0.285599332    2.792526803  -49.789209357  -15.611402017    3.549050735
    0.475998887    2.792526803  -54.225805604  -29.723646054   -2.524735336
    0.666398442    2.792526803  -60.436542828  -33.634879543   -8.363319057
    0.856797996    2.792526803  -66.237068138  -25.460184350  -13.138336038
    1.047197551    2.792526803  -69.467692354   -7.320354633  -16.089974917
    1.237597106    2.792526803  -68.763324931   14.621360887  -16.878410387
    1.427996661    2.792526803  -64.147981318   32.484031484  -15.754959431
    1.618396215    2.792526803  -57.068037257   39.708143815  -13.441219003
    1.808795770    2.792526803  -49.885812114   33.443064598  -10.793908625
    1.999195325    2.792526803  -45.097257353   15.157204836   -8.455889098
    2.189594880    2.792526803  -44.578549433  -10.435421020   -6.685768728
    2.379994435    2.792526803  -49.133642527  -37.045352034   -5.380411487
    2.570393989    2.792526803  -58.354982397  -58.498985874   -4.238545586
    2.760793544    2.792526803  -70.778099605  -70.071984888   -2.945136186
    2.951193099    2.792526803  -84.254154408  -69.460696969   -1.314867996
