#! FIELDS phi psi file.free der_phi der_psi
#! SET min_phi -pi
#! SET max_phi pi
#! SET nbins_phi  33
#! SET periodic_phi true
#! SET min_psi -pi
#! SET max_psi pi
#! SET nbins_psi  18
#! SET periodic_psi true
   -3.141592654   -3.141592654  -65.448928587  -55.628862995   13.258536773
   -2.951193099   -3.141592654  -74.497877209  -38.447186711   16.093117174
   -2.760793544   -3.141592654  -79.838555244  -17.589941463   18.211886899
   -2.570393989   -3.141592654  -81.337401002    0.991319725   19.583301266
   -2.379994435   -3.141592654  -79.905737046   12.661427046   20.489582264
   -2.189594880   -3.141592654  -77.052113411   16.015048199   21.413879148
   -1.999195325   -3.141592654  -74.197450559   13.307553092   22.785974011
   -1.808795770   -3.141592654  -72.075091473    9.177517787   24.707384539
   -1.618396215   -3.141592654  -70.493120634    8.274463449   26.824030110
   -1.427996661   -3.141592654  -68.557313282   13.029275487   28.434670397
   -1.237597106   -3.141592654  -65.215369623   22.642339111   28.802092146
   -1.047197551   -3.141592654  -59.837799993   33.676405761   27.485924632
   -0.856797996   -3.141592654  -52.558380393   41.911521646   24.530340715
   -0.666398442   -3.141592654  -44.244678923   44.087226436   20.393578085
   -0.475998887   -3.141592654  -36.204642370   39.044129086   15.707220130
   -0.285599332   -3.141592654  -29.770372895   27.506470708   10.972206813
   -0.095199777   -3.141592654  -25.997009022   11.546734320    6.399045374
    0.095199777   -3.141592654  -25.456859875   -5.901355503    1.928889524
    0.285599332   -3.141592654  -28.093685661  -21.150249963   -2.562387772
    0.475998887   -3.141592654  -33.098742009  -30.122718150   -7.019330064
    0.666398442   -3.141592654  -38.932893022  -29.443857828  -11.067702302
    0.856797996   -3.141592654  -43.624219374  -18.319441199  -14.097337296
    1.047197551   -3.141592654  -45.407431224    0.331647565  -15.529964521
    1.237597106   -3.141592654  -43.403968004   20.279345107  -15.142256332
    1.427996661   -3.141592654  -38.042489601   34.565272050  -13.200267631
    1.618396215   -3.141592654  -30.911504602   38.389041091  -10.333364035
    1.808795770   -3.141592654  -24.161033893   30.708030648   -7.224499236
    1.999195325   -3.141592654  -19.805332669   13.821614869   -4.310996088
    2.189594880   -3.141592654  -19.225575338   -8.216880867   -1.673052746
    2.379994435   -3.141592654  -22.980666575  -30.983183394    0.883305438
    2.570393989   -3.141592654  -30.803012352  -50.259175071    3.620933585
    2.760793544   -3.141592654  -41.659106257  -62.283718589    6.685090945
    2.951193099   -3.141592654  -53.878827082  -64.297451952    9.994280158

   -3.141592654   -2.792526803  -59.285459058  -49.553906771   20.309681840
   -2.951193099   -2.792526803  -67.339169802  -34.174850044   23.376673899
   -2.760793544   -2.792526803  -72.062776047  -15.372071364   25.236396446
   -2.570393989   -2.792526803  -73.305141316    1.595552002   25.991797260
   -2.379994435   -2.792526803  -71.835478571   12.650325456   26.095858530
   -2.189594880   -2.792526803  -68.950980957   16.519952593   26.155022697
   -1.999195325   -2.792526803  -65.888843115   15.037840112   26.637481763
   -1.808795770   -2.792526803  -63.322825826   12.008164654   27.619447274
   -1.618396215   -2.792526803  -61.170662860   11.208194546   28.712935749
   -1.427996661   -2.792526803  -58.782566880   14.597592559   29.221442741
   -1.237597106   -2.792526803  -55.380260103   21.546512724   28.463101384
   -1.047197551   -2.792526803  -50.518110568   29.356738416   26.080897942
   -0.856797996   -2.792526803  -44.346760050   34.731583120   22.193146907
   -0.666398442   -2.792526803  -37.593847821   35.092577541   17.296304406
   -0.475998887   -2.792526803  -31.344541073   29.419536223   12.026993227
   -0.285599332   -2.792526803  -26.731120084   18.116440029    6.872336196
   -0.095199777   -2.792526803  -24.692622473    2.739346877    2.045447381
    0.095199777   -2.792526803  -25.772428362  -14.112480241   -2.478629313
    0.285599332   -2.792526803  -29.915251360  -28.723403796   -6.761085347
    0.475998887   -2.792526803  -36.275677187  -36.680082999  -10.698561873
    0.666398442   -2.792526803  -43.206304112  -34.257774639  -13.936368968
    0.856797996   -2.792526803  -48.586286877  -20.611790269  -15.985472664
    1.047197551   -2.792526803  -50.533885200    0.918615563  -16.457772886
    1.237597106   -2.792526803  -48.165703392   23.422972960  -15.312297902
    1.427996661   -2.792526803  -42.032065595   39.359796855  -12.897089553
    1.618396215   -2.792526803  -33.915562874   43.787192360   -9.785056620
    1.808795770   -2.792526803  -26.140760837   35.997883465   -6.492794022
    1.999195325   -2.792526803  -20.802759349   18.876385121   -3.257918809
    2.189594880   -2.792526803  -19.257396276   -3.044967748   -0.006096967
    2.379994435   -2.792526803  -21.976678095  -25.208593068    3.508201023
    2.570393989   -2.792526803  -28.619179073  -43.640147494    7.473634547
    2.760793544   -2.792526803  -38.148759044  -55.059993104   11.847183203
    2.951193099   -2.792526803  -48.988228230  -57.181287760   16.297563303

   -3.141592654   -2.443460953  -52.006738338  -43.145999971   19.964139799
   -2.951193099   -2.443460953  -59.033475583  -29.876812432   22.437977295
   -2.760793544   -2.443460953  -63.151813746  -13.278182147   23.719863408
   -2.570393989   -2.443460953  -64.164919978    2.049437790   23.988227352
   -2.379994435   -2.443460953  -62.687937304   12.452436782   23.671104977
   -2.189594880   -2.443460953  -59.823756393   16.636615316   23.255555895
   -1.999195325   -2.443460953  -56.666942639   15.928896517   23.066233140
   -1.808795770   -2.443460953  -53.877034450   13.347851739   23.102548578
   -1.618396215   -2.443460953  -51.504424339   11.974940974   23.024559184
   -1.427996661   -2.443460953  -49.126441913   13.528619665   22.302609459
   -1.237597106   -2.443460953  -46.181768159   17.718920429   20.478105639
   -1.047197551   -2.443460953  -42.331374919   22.621413733   17.393358075
   -0.856797996   -2.443460953  -37.672773398   25.754326570   13.278017865
   -0.666398442   -2.443460953  -32.751871401   25.057336570    8.629266501
   -0.475998887   -2.443460953  -28.419643055   19.498819903    3.996144137
   -0.285599332   -2.443460953  -25.619557588    9.085716809   -0.263295598
   -0.095199777   -2.443460953  -25.193994144   -5.164550343   -4.055257953
    0.095199777   -2.443460953  -27.679003494  -20.990328161   -7.484512792
    0.285599332   -2.443460953  -33.044112691  -34.675338155  -10.656353105
    0.475998887   -2.443460953  -40.438824604  -41.519004962  -13.506358410
    0.666398442   -2.443460953  -48.147878181  -37.488263769  -15.744492116
    0.856797996   -2.443460953  -53.945219146  -21.667681741  -16.972699907
    1.047197551   -2.443460953  -55.864953092    2.275958496  -16.882301827
    1.237597106   -2.443460953  -53.028089247   26.904059140  -15.452922011
    1.427996661   -2.443460953  -46.086477635   44.225627931  -12.970960338
    1.618396215   -2.443460953  -36.977190028   49.228674076   -9.892939934
    1.808795770   -2.443460953  -28.154214463   41.523377500   -6.615432629
    1.999195325   -2.443460953  -21.758580865   24.498246914   -3.304418272
    2.189594880   -2.443460953  -19.105018733    3.046583892    0.117069278
    2.379994435   -2.443460953  -20.586520361  -18.258881419    3.832555750
    2.570393989   -2.443460953  -25.815910011  -35.785673622    7.928451758
    2.760793544   -2.443460953  -33.796081514  -46.768530358   12.258971196
    2.951193099   -2.443460953  -43.082757834  -49.338860415   16.434965288

   -3.141592654   -2.094395102  -45.943955025  -38.405040749   14.478598961
   -2.951193099   -2.094395102  -52.239319589  -26.977297716   15.901338462
   -2.760793544   -2.094395102  -55.982363764  -12.205162728   16.498632557
   -2.570393989   -2.094395102  -56.935206786    1.698550058   16.453774188
   -2.379994435   -2.094395102  -55.614147338   11.266810547   16.025308568
   -2.189594880   -2.094395102  -53.012379842   15.132226994   15.426995007
   -1.999195325   -2.094395102  -50.152588891   14.311773778   14.740102554
   -1.808795770   -2.094395102  -47.694524651   11.413492574   13.878964410
   -1.618396215   -2.094395102  -45.759877619    9.212114943   12.633136514
   -1.427996661   -2.094395102  -44.030136978    9.416205089   10.773894517
   -1.237597106   -2.094395102  -42.017780065   12.053439207    8.192902215
   -1.047197551   -2.094395102  -39.374754274   15.713924495    4.996117514
   -0.856797996   -2.094395102  -36.094164959   18.340955930    1.494548551
   -0.666398442   -2.094395102  -32.563639198   18.016568271   -1.926747378
   -0.475998887   -2.094395102  -29.484558722   13.451871739   -4.959530099
   -0.285599332   -2.094395102  -27.725831778    4.189919202   -7.507961157
   -0.095199777   -2.094395102  -28.143547818   -9.191333154   -9.677110515
    0.095199777   -2.094395102  -31.347526857  -24.574105785  -11.673401795
    0.285599332   -2.094395102  -37.374667518  -38.045676622  -13.632315173
    0.475998887   -2.094395102  -45.380095256  -44.485988665  -15.495808801
    0.666398442   -2.094395102  -53.573571745  -39.493963693  -16.990415465
    0.856797996   -2.094395102  -59.609152477  -22.058337237  -17.739817065
    1.047197551   -2.094395102  -61.417211417    3.866517484  -17.427089220
    1.237597106   -2.094395102  -58.094498203   30.356073529  -15.973421668
    1.427996661   -2.094395102  -50.359664702   48.988092052  -13.564026894
    1.618396215   -2.094395102  -40.272176045   54.631276494  -10.561889134
    1.808795770   -2.094395102  -30.398308739   47.107469552   -7.324377962
    1.999195325   -2.094395102  -22.930381138   30.190564924   -4.057884523
    2.189594880   -2.094395102  -19.167143273    9.051947801   -0.787224418
    2.379994435   -2.094395102  -19.457292391  -11.738686167    2.549747217
    2.570393989   -2.094395102  -23.398901295  -28.829165748    5.952043627
    2.760793544   -2.094395102  -30.046188665  -39.838563170    9.267091491
    2.951193099   -2.094395102  -38.071500078  -43.153058706   12.207321703

   -3.141592654   -1.745329252  -42.433275322  -36.587373420    7.522316820
   -2.951193099   -1.745329252  -48.501162660  -26.379486982    7.648739235
   -2.760793544   -1.745329252  -52.223536136  -12.533412213    7.335982659
   -2.570393989   -1.745329252  -53.297389760    0.807941346    6.769569688
   -2.379994435   -1.745329252  -52.179823566   10.039870269    6.050712175
   -2.189594880   -1.745329252  -49.843524559   13.544405671    5.147262926
   -1.999195325   -1.745329252  -47.340106297   12.094820238    3.934972731
   -1.808795770   -1.745329252  -45.394264710    8.188845207    2.288157310
   -1.618396215   -1.745329252  -44.193366486    4.707231061    0.170972344
   -1.427996661   -1.745329252  -43.441869281    3.695283881   -2.317476462
   -1.237597106   -1.745329252  -42.598333241    5.623860586   -4.953026813
   -1.047197551   -1.745329252  -41.181655947    9.431329759   -7.442449457
   -0.856797996   -1.745329252  -39.011645820   13.096069938   -9.511079106
   -0.666398442   -1.745329252  -36.330737308   14.402313584  -10.999045450
   -0.475998887   -1.745329252  -33.776304040   11.517509679  -11.905229592
   -0.285599332   -1.745329252  -32.259534365    3.481756625  -12.403237615
   -0.095199777   -1.745329252  -32.753211453   -9.405171945  -12.762017503
    0.095199777   -1.745329252  -36.005483179  -24.952926024  -13.249188532
    0.285599332   -1.745329252  -42.149899643  -38.910007634  -14.003820888
    0.475998887   -1.745329252  -50.359376511  -45.698068776  -14.965510015
    0.666398442   -1.745329252  -58.777663357  -40.535980331  -15.875686361
    0.856797996   -1.745329252  -64.941649145  -22.246905831  -16.368998472
    1.047197551   -1.745329252  -66.659900780    5.056051440  -16.104207044
    1.237597106   -1.745329252  -62.962278455   33.089994684  -14.916760066
    1.427996661   -1.745329252  -54.575923552   53.017526321  -12.869855755
    1.618396215   -1.745329252  -43.635304585   59.466823812  -10.222189614
    1.808795770   -1.745329252  -32.803051290   52.265982164   -7.297121032
    1.999195325   -1.745329252  -24.345705339   35.390899902   -4.355733065
    2.189594880   -1.745329252  -19.595582131   14.209821781   -1.539542380
    2.379994435   -1.745329252  -18.910659299   -6.674784766    1.086436256
    2.570393989   -1.745329252  -21.910064482  -24.047900328    3.444912999
    2.760793544   -1.745329252  -27.700829300  -35.699678635    5.399132633
    2.951193099   -1.745329252  -35.031495576  -40.055759021    6.787312956

   -3.141592654   -1.396263402  -42.532457548  -38.335144124    4.917510804
   -2.951193099   -1.396263402  -48.957593368  -28.290079834    4.334609383
   -2.760793544   -1.396263402  -53.014905312  -14.085817897    3.362850640
   -2.570393989   -1.396263402  -54.332904181   -0.220434015    2.173257552
   -2.379994435   -1.396263402  -53.382624075    9.224269172    0.818291248
   -2.189594880   -1.396263402  -51.231264733   12.300049841   -0.798830726
   -1.999195325   -1.396263402  -49.057775376    9.787150251   -2.841562962
   -1.808795770   -1.396263402  -47.678758744    4.539354547   -5.396001596
   -1.618396215   -1.396263402  -47.284177971   -0.020934959   -8.349792357
   -1.427996661   -1.396263402  -47.478802003   -1.357203015  -11.371710903
   -1.237597106   -1.396263402  -47.550723995    1.230211613  -14.007737147
   -1.047197551   -1.396263402  -46.837745983    6.556284169  -15.840478471
   -0.856797996   -1.396263402  -45.032170129   12.168676824  -16.643010794
   -0.666398442   -1.396263402  -42.346643770   15.314102933  -16.455707529
   -0.475998887   -1.396263402  -39.486755008   13.678392746  -15.550866447
   -0.285599332   -1.396263402  -37.505609209    6.051574614  -14.338841351
   -0.095199777   -1.396263402  -37.539111660   -7.267871652  -13.219227586
    0.095199777   -1.396263402  -40.475689334  -23.843371379  -12.481358002
    0.285599332   -1.396263402  -46.526382582  -39.029332325  -12.216740331
    0.475998887   -1.396263402  -54.859317589  -46.797086405  -12.314317626
    0.666398442   -1.396263402  -63.531482136  -41.974367290  -12.508339823
    0.856797996   -1.396263402  -69.934455637  -23.179812972  -12.480244963
    1.047197551   -1.396263402  -71.718964413    5.385866227  -11.962845225
    1.237597106   -1.396263402  -67.802094186   35.078870423  -10.841123675
    1.427996661   -1.396263402  -58.883236008   56.551065247   -9.163627456
    1.618396215   -1.396263402  -47.161997429   64.013381108   -7.106646982
    1.808795770   -1.396263402  -35.423645335   57.113472507   -4.881795032
    1.999195325   -1.396263402  -26.065822731   39.908216725   -2.658187718
    2.189594880   -1.396263402  -20.522981934   17.959413272   -0.537899964
    2.379994435   -1.396263402  -19.219750313   -3.968856481    1.404941152
    2.570393989   -1.396263402  -21.818110632  -22.567839188    3.065971352
    2.760793544   -1.396263402  -27.450770082  -35.519125046    4.291293548
    2.951193099   -1.396263402  -34.862557224  -41.042969051    4.928803208

   -3.141592654   -1.047197551  -43.748783973  -41.517352307    4.133441596
   -2.951193099   -1.047197551  -50.800406686  -31.595647677    2.859673827
   -2.760793544   -1.047197551  -55.457031159  -17.023102262    1.115874464
   -2.570393989   -1.047197551  -57.285217536   -2.663168067   -0.885484018
   -2.379994435   -1.047197551  -56.776887006    6.935095301   -3.048873589
   -2.189594880   -1.047197551  -55.095362039    9.549159583   -5.442558519
   -1.999195325   -1.047197551  -53.531269504    6.089853255   -8.206677711
   -1.808795770   -1.047197551  -52.948547907   -0.064530345  -11.368278708
   -1.618396215   -1.047197551  -53.466429660   -4.835212950  -14.690170863
   -1.427996661   -1.047197551  -54.510151827   -5.261701912  -17.670870715
   -1.237597106   -1.047197551  -55.151549916   -0.696986868  -19.719086372
   -1.047197551   -1.047197551  -54.568803975    7.149559803  -20.404507940
   -0.856797996   -1.047197551  -52.420505321   15.082396635  -19.651554383
   -0.666398442   -1.047197551  -49.020823733   19.724423155  -17.770220749
   -0.475998887   -1.047197551  -45.266091466   18.467206430  -15.318026169
   -0.285599332   -1.047197551  -42.421046848   10.189173260  -12.893253532
   -0.095199777   -1.047197551  -41.787035321   -4.478025091  -10.923592179
    0.095199777   -1.047197551  -44.341462900  -22.617367547   -9.572661093
    0.285599332   -1.047197551  -50.291610147  -39.125141903   -8.728595745
    0.475998887   -1.047197551  -58.723179868  -47.619092520   -8.113692049
    0.666398442   -1.047197551  -67.559843273  -42.758434747   -7.434157934
    0.856797996   -1.047197551  -74.049922964  -23.219583772   -6.518773813
    1.047197551   -1.047197551  -75.732298328    6.524681848   -5.365130307
    1.237597106   -1.047197551  -71.477798438   37.453427341   -4.097326069
    1.427996661   -1.047197551  -62.010290636   59.857616867   -2.851813431
    1.618396215   -1.047197551  -49.609877337   67.742685852   -1.694982335
    1.808795770   -1.047197551  -37.164429655   60.726017349   -0.600663149
    1.999195325   -1.047197551  -27.165128033   42.971529233    0.505622931
    2.189594880   -1.047197551  -21.115741405   20.172987083    1.673996189
    2.379994435   -1.047197551  -19.489274876   -2.818214038    2.866222018
    2.570393989   -1.047197551  -21.982942752  -22.640436575    3.931790333
    2.760793544   -1.047197551  -27.751568741  -36.869309857    4.634557720
    2.951193099   -1.047197551  -35.532100053  -43.518406471    4.742769898

   -3.141592654   -0.698131701  -43.650013409  -44.421674610    2.366287263
   -2.951193099   -0.698131701  -51.335610723  -35.283808902    0.388870115
   -2.760793544   -0.698131701  -56.737349772  -21.099361384   -2.087822873
   -2.570393989   -0.698131701  -59.356241122   -6.873838263   -4.815476741
   -2.379994435   -0.698131701  -59.663161012    2.552063194   -7.651227672
   -2.189594880   -0.698131701  -58.851798311    4.748665130  -10.614266973
   -1.999195325   -0.698131701  -58.255203683    0.734159680  -13.783056819
   -1.808795770   -0.698131701  -58.724894429   -5.661783307  -17.085209562
   -1.618396215   -0.698131701  -60.266220627   -9.801945888  -20.147908757
   -1.427996661   -0.698131701  -62.103577196   -8.434766927  -22.349309151
   -1.237597106   -0.698131701  -63.099600995   -1.134357859  -23.078178024
   -1.047197551   -0.698131701  -62.312973067    9.700936941  -22.043318383
   -0.856797996   -0.698131701  -59.435680729   20.027517602  -19.450225879
   -0.666398442   -0.698131701  -54.960546005   25.844667979  -15.929225981
   -0.475998887   -0.698131701  -50.039190767   24.377678063  -12.276433763
   -0.285599332   -0.698131701  -46.178320670   14.812904812   -9.147394443
   -0.095199777   -0.698131701  -44.829662872   -1.625340697   -6.829548102
    0.095199777   -0.698131701  -46.999167125  -21.347814355   -5.204658538
    0.285599332   -0.698131701  -52.806522056  -38.756546886   -3.859404812
    0.475998887   -0.698131701  -61.185079975  -47.297417372   -2.340778270
    0.666398442   -0.698131701  -69.908745010  -41.826784537   -0.415876336
    0.856797996   -0.698131701  -76.140462782  -21.454264808    1.779803637
    1.047197551   -0.698131701  -77.420594835    8.904614542    3.814414867
    1.237597106   -0.698131701  -72.688075843   40.006826339    5.210632637
    1.427996661   -0.698131701  -62.749759459   62.193810893    5.728207196
    1.618396215   -0.698131701  -49.940319495   69.691926907    5.484364176
    1.808795770   -0.698131701  -37.158702534   62.325733534    4.859562191
    1.999195325   -0.698131701  -26.878911312   44.334509444    4.277669959
    2.189594880   -0.698131701  -20.588337001   21.336942095    4.004181715
    2.379994435   -0.698131701  -18.767925353   -1.978675168    4.057049552
    2.570393989   -0.698131701  -21.154169652  -22.406309704    4.233634827
    2.760793544   -0.698131701  -26.961786003  -37.561597958    4.203713881
    2.951193099   -0.698131701  -34.980038173  -45.341223800    3.645172825

   -3.141592654   -0.349065850  -43.159349562  -47.802849095    0.817076411
   -2.951193099   -0.349065850  -51.598778188  -39.742577194   -1.261752793
   -2.760793544   -0.349065850  -57.916160208  -26.163424063   -3.780472258
   -2.570393989   -0.349065850  -61.519717206  -12.094645516   -6.540914202
   -2.379994435   -0.349065850  -62.817746011   -2.630961630   -9.408530361
   -2.189594880   -0.349065850  -62.992271068   -0.437468688  -12.351883406
   -1.999195325   -0.349065850  -63.384105458   -4.430595675  -15.345370428
   -1.808795770   -0.349065850  -64.804870831  -10.369036562  -18.189750775
   -1.618396215   -0.349065850  -67.128862540  -13.131698057  -20.419241405
   -1.427996661   -0.349065850  -69.383912238   -9.330092551  -21.414549654
   -1.237597106   -0.349065850  -70.263098263    1.032043185  -20.699857041
   -1.047197551   -0.349065850  -68.782885864   14.700789175  -18.233313582
   -0.856797996   -0.349065850  -64.765670060   26.766903702  -14.502976460
   -0.666398442   -0.349065850  -58.964033971   32.777629818  -10.342887488
   -0.475998887   -0.349065850  -52.817721770   30.120906721   -6.591857189
   -0.285599332   -0.349065850  -48.039794837   18.650918831   -3.755147940
   -0.095199777   -0.349065850  -46.135670203    0.457885181   -1.832202219
    0.095199777   -0.349065850  -48.009391062  -20.138169843   -0.371939767
    0.285599332   -0.349065850  -53.576676399  -37.258992529    1.282061549
    0.475998887   -0.349065850  -61.568201324  -44.643200634    3.630030369
    0.666398442   -0.349065850  -69.659697804  -37.911861358    6.710408662
    0.856797996   -0.349065850  -75.078295630  -17.022497928   10.006544780
    1.047197551   -0.349065850  -75.559155385   12.647981534   12.667191727
    1.237597106   -0.349065850  -70.262350678   42.066794304   13.937776689
    1.427996661   -0.349065850  -60.120459536   62.296783460   13.553411841
    1.618396215   -0.349065850  -47.442317682   68.346616708   11.845871951
    1.808795770   -0.349065850  -34.982842882   60.450675569    9.524926019
    1.999195325   -0.349065850  -25.042838760   42.747213829    7.309683015
    2.189594880   -0.349065850  -18.992826940   20.415426266    5.638640797
    2.379994435   -0.349065850  -17.291713874   -2.366494134    4.580067855
    2.570393989   -0.349065850  -19.739543154  -22.767648461    3.913884211
    2.760793544   -0.349065850  -25.664047461  -38.531602671    3.277639091
    2.951193099   -0.349065850  -33.967230267  -47.430872903    2.320540637

   -3.141592654    0.000000000  -43.052933810  -50.872833420   -1.009487522
   -2.951193099    0.000000000  -52.161596738  -43.652263094   -2.837947133
   -2.760793544    0.000000000  -59.285832362  -30.666335940   -4.939603992
   -2.570393989    0.000000000  -63.780862658  -16.914336651   -7.205687184
   -2.379994435    0.000000000  -66.011886013   -7.592090177   -9.561470014
   -2.189594880    0.000000000  -67.134815267   -5.408493942  -11.970634791
   -1.999195325    0.000000000  -68.450819018   -9.078464828  -14.338446665
   -1.808795770    0.000000000  -70.670675477  -13.956282117  -16.378365811
   -1.618396215    0.000000000  -73.494913369  -14.618508600  -17.591689990
   -1.427996661    0.000000000  -75.759754544   -7.843206303  -17.437553539
   -1.237597106    0.000000000  -76.053145921    5.642227565  -15.633866786
   -1.047197551    0.000000000  -73.456041321   21.601471417  -12.383235913
   -0.856797996    0.000000000  -68.028135189   34.394670535   -8.362426397
   -0.666398442    0.000000000  -60.839750646   39.471362328   -4.440680569
   -0.475998887    0.000000000  -53.599620010   34.813124694   -1.310193800
   -0.285599332    0.000000000  -48.133370787   21.255077379    0.812733170
   -0.095199777    0.000000000  -45.868890023    1.838224849    2.247043898
    0.095199777    0.000000000  -47.486300575  -18.582006775    3.682005515
    0.285599332    0.000000000  -52.633914204  -34.242241212    5.835121339
    0.475998887    0.000000000  -59.861715653  -39.649408233    9.065748969
    0.666398442    0.000000000  -66.853628801  -31.568717166   13.112766994
    0.856797996    0.000000000  -71.056361300  -10.924844936   17.109787758
    1.047197551    0.000000000  -70.546661114   16.667367450   19.932139475
    1.237597106    0.000000000  -64.783432045   42.843020188   20.728640070
    1.427996661    0.000000000  -54.809402545   59.873900749   19.327933767
    1.618396215    0.000000000  -42.814874735   63.839399450   16.283018400
    1.808795770    0.000000000  -31.290042222   55.392897906   12.546714061
    1.999195325    0.000000000  -22.263099926   38.369163096    9.016055058
    2.189594880    0.000000000  -16.932963231   17.260655500    6.214899780
    2.379994435    0.000000000  -15.721909035   -4.420419486    4.228774769
    2.570393989    0.000000000  -18.497113317  -24.258617755    2.838023555
    2.760793544    0.000000000  -24.703835154  -40.110180108    1.696567129
    2.951193099    0.000000000  -33.359654160  -49.625952250    0.483698552

   -3.141592654    0.349065850  -42.471601182  -52.188517060   -1.512220450
   -2.951193099    0.349065850  -51.903137369  -45.735250269   -2.464338443
   -2.760793544    0.349065850  -59.506726207  -33.600111555   -3.515405285
   -2.570393989    0.349065850  -64.635334812  -20.603911580   -4.727089592
   -2.379994435    0.349065850  -67.623885962  -11.812568811   -6.137604428
   -2.189594880    0.349065850  -69.573098213   -9.788973717   -7.722980543
   -1.999195325    0.349065850  -71.692973225  -13.016125012   -9.330894592
   -1.808795770    0.349065850  -74.554533620  -16.602984303  -10.635871722
   -1.618396215    0.349065850  -77.687851508  -15.086718618  -11.197034206
   -1.427996661    0.349065850  -79.788669655   -5.621756232  -10.631937456
   -1.237597106    0.349065850  -79.415171648   10.310147296   -8.840750567
   -1.047197551    0.349065850  -75.773362096   27.673071752   -6.120448653
   -0.856797996    0.349065850  -69.171192253   40.415552140   -3.078994655
   -0.666398442    0.349065850  -60.945227414   44.194983183   -0.355224923
   -0.475998887    0.349065850  -52.974953680   37.763026946    1.673795741
   -0.285599332    0.349065850  -47.084601279   22.909309224    3.088076241
   -0.095199777    0.349065850  -44.535011138    3.414195538    4.378429806
    0.095199777    0.349065850  -45.746526675  -15.680079841    6.229429467
    0.285599332    0.349065850  -50.135066713  -29.094041956    9.169445292
    0.475998887    0.349065850  -56.167831178  -32.375183428   13.249702321
    0.666398442    0.349065850  -61.668559128  -23.500861357   17.891158934
    0.856797996    0.349065850  -64.425168940   -4.193700722   22.016984943
    1.047197551    0.349065850  -62.927154014   20.034215345   24.464895412
    1.237597106    0.349065850  -56.933583260   41.850020304   24.506738232
    1.427996661    0.349065850  -47.538494743   54.986487156   22.169612117
    1.618396215    0.349065850  -36.724186009   56.658953292   18.186508452
    1.808795770    0.349065850  -26.629581946   47.856109181   13.613275304
    1.999195325    0.349065850  -18.947452801   31.965199196    9.369821681
    2.189594880    0.349065850  -14.668158351   12.670787532    5.964033040
    2.379994435    0.349065850  -14.157641608   -7.239239044    3.474987551
    2.570393989    0.349065850  -17.337552114  -25.789624661    1.722085956
    2.760793544    0.349065850  -23.763620620  -40.993229966    0.446181376
    2.951193099    0.349065850  -32.576014922  -50.479522076   -0.577603028

   -3.141592654    0.698131701  -41.889875525  -52.373697685   -2.222201338
   -2.951193099    0.698131701  -51.383542349  -46.224181133   -2.290710837
   -2.760793544    0.698131701  -59.128310658  -34.602428713   -2.226786426
   -2.570393989    0.698131701  -64.503055819  -22.179467495   -2.234998684
   -2.379994435    0.698131701  -67.839759791  -13.865405250   -2.473635140
   -2.189594880    0.698131701  -70.206484403  -12.065496312   -2.985186795
   -1.999195325    0.698131701  -72.749297663  -15.097761267   -3.661905845
   -1.808795770    0.698131701  -75.946509303  -17.953831799   -4.264801655
   -1.618396215    0.698131701  -79.226727482  -15.210563964   -4.509535144
   -1.427996661    0.698131701  -81.213592252   -4.300947467   -4.185406296
   -1.237597106    0.698131701  -80.465479032   12.839508294   -3.262624730
   -1.047197551    0.698131701  -76.275545094   30.761339703   -1.914255620
   -0.856797996    0.698131701  -69.094947289   43.284967274   -0.430440918
   -0.666398442    0.698131701  -60.388625678   46.329395892    0.955244455
   -0.475998887    0.698131701  -52.082197920   39.233311776    2.210496232
   -0.285599332    0.698131701  -45.923502333   24.412331882    3.582808958
   -0.095199777    0.698131701  -42.999084690    6.038951973    5.499942071
    0.095199777    0.698131701  -43.523741636  -10.967148875    8.382575769
    0.285599332    0.698131701  -46.784762471  -21.997451209   12.371229883
    0.475998887    0.698131701  -51.290693274  -23.660233224   17.133320897
    0.666398442    0.698131701  -55.113725866  -14.959693517   21.844375680
    0.856797996    0.698131701  -56.438981976    1.926056603   25.414234042
    1.047197551    0.698131701  -54.155243665   21.957030868   26.886578742
    1.237597106    0.698131701  -48.248792038   39.052227524   25.851288544
    1.427996661    0.698131701  -39.771971232   48.404555669   22.606719584
    1.618396215    0.698131701  -30.425305797   48.180834833   18.007440413
    1.808795770    0.698131701  -21.963840986   39.474166310   13.074072726
    1.999195325    0.698131701  -15.751868483   25.063604428    8.604553507
    2.189594880    0.698131701  -12.597005961    7.782963025    4.992962769
    2.379994435    0.698131701  -12.832182950  -10.241432056    2.276352162
    2.570393989    0.698131701  -16.439431430  -27.361290912    0.321566779
    2.760793544    0.698131701  -23.069859593  -41.652373153   -1.017225560
    2.951193099    0.698131701  -31.959383713  -50.696934165   -1.837321823

   -3.141592654    1.047197551  -43.421431050  -52.867988886   -6.665735737
   -2.951193099    1.047197551  -52.929431493  -45.899543991   -6.461203651
   -2.760793544    1.047197551  -60.558974753  -33.770709982   -5.678562448
   -2.570393989    1.047197551  -65.759403085  -21.243499481   -4.614609283
   -2.379994435    1.047197551  -68.936213962  -13.165037392   -3.571514352
   -2.189594880    1.047197551  -71.205606896  -11.747756512   -2.747604177
   -1.999195325    1.047197551  -73.718984188  -15.071504575   -2.197504890
   -1.808795770    1.047197551  -76.919155626  -17.961479066   -1.863889275
   -1.618396215    1.047197551  -80.181100236  -14.972051218   -1.646010543
   -1.427996661    1.047197551  -82.085104031   -3.663841570   -1.450705658
   -1.237597106    1.047197551  -81.178681507   13.837179304   -1.209592064
   -1.047197551    1.047197551  -76.776766417   31.946671650   -0.865279412
   -0.856797996    1.047197551  -69.364640508   44.517376677   -0.346752516
   -0.666398442    1.047197551  -60.416211896   47.670484853    0.463110156
   -0.475998887    1.047197551  -51.816357204   41.068686160    1.732382650
   -0.285599332    1.047197551  -45.212575740   27.360465365    3.689444050
   -0.095199777    1.047197551  -41.570152744   10.716467352    6.541848711
    0.095199777    1.047197551  -41.017715848   -4.346141642   10.373726460
    0.285599332    1.047197551  -42.865859538  -13.931573943   14.976914507
    0.475998887    1.047197551  -45.794584372  -15.433039966   19.771492344
    0.666398442    1.047197551  -48.174774385   -8.336901949   23.873058481
    0.856797996    1.047197551  -48.526372992    5.298595909   26.355224627
    1.047197551    1.047197551  -45.986134325   21.228987056   26.583772691
    1.237597106    1.047197551  -40.595733009   34.499573635   24.496748343
    1.427996661    1.047197551  -33.255777194   41.281115040   20.610909292
    1.618396215    1.047197551  -25.380132095   40.125149254   15.793494108
    1.808795770    1.047197551  -18.426797639   31.866709872   10.902441036
    1.999195325    1.047197551  -13.556482411   18.640477969    6.500901425
    2.189594880    1.047197551  -11.499197876    2.655078869    2.788033843
    2.379994435    1.047197551  -12.603525026  -14.285570556   -0.285463443
    2.570393989    1.047197551  -16.895747615  -30.532824401   -2.811793323
    2.760793544    1.047197551  -24.052520208  -43.997536568   -4.788993455
    2.951193099    1.047197551  -33.304994170  -52.137781356   -6.109817209

   -3.141592654    1.396263402  -47.946908310  -54.154956984  -11.359113052
   -2.951193099    1.396263402  -57.489804423  -44.995394167  -11.175323103
   -2.760793544    1.396263402  -64.768318963  -31.089309719  -10.071004398
   -2.570393989    1.396263402  -69.350980797  -17.579925775   -8.367721379
   -2.379994435    1.396263402  -71.805203388   -9.368369533   -6.424994924
   -2.189594880    1.396263402  -73.392440277   -8.460982758   -4.516974368
   -1.999195325    1.396263402  -75.358522324  -12.644860217   -2.800338462
   -1.808795770    1.396263402  -78.189488627  -16.517541171   -1.356563150
   -1.618396215    1.396263402  -81.268929450  -14.486557913   -0.241491186
   -1.427996661    1.396263402  -83.159528251   -3.972833647    0.518664958
   -1.237597106    1.396263402  -82.360176618   13.087572883    0.973984376
   -1.047197551    1.396263402  -78.099778331   31.300129247    1.283746935
   -0.856797996    1.396263402  -70.748107205   44.629827893    1.694176468
   -0.666398442    1.396263402  -61.655891229   49.145606388    2.479586536
   -0.475998887    1.396263402  -52.608509289   44.349287538    3.864863664
   -0.285599332    1.396263402  -45.191844658   32.615577333    6.000239530
   -0.095199777    1.396263402  -40.370593423   17.786305421    8.905243483
    0.095199777    1.396263402  -38.344046314    3.922822340   12.427951624
    0.285599332    1.396263402  -38.586800268   -5.560949042   16.167575581
    0.475998887    1.396263402  -40.025207286   -8.407032166   19.495617514
    0.666398442    1.396263402  -41.310402655   -4.060362074   21.694499343
    0.856797996    1.396263402  -41.185591951    5.944839989   22.215043785
    1.047197551    1.396263402  -38.874034556   18.266466505   20.887039520
    1.237597106    1.396263402  -34.327265559   28.798055266   18.013006399
    1.427996661    1.396263402  -28.228571110   34.169436229   14.210119577
    1.618396215    1.396263402  -21.741703282   32.815831601   10.150422435
    1.808795770    1.396263402  -16.138097825   25.055620095    6.306142369
    1.999195325    1.396263402  -12.505268176   12.428555722    2.841465091
    2.189594880    1.396263402  -11.593382869   -3.218340495   -0.317848084
    2.379994435    1.396263402  -13.804418508  -20.052766255   -3.307338688
    2.570393989    1.396263402  -19.180009770  -36.087732974   -6.142061117
    2.760793544    1.396263402  -27.336486683  -48.820891392   -8.639250012
    2.951193099    1.396263402  -37.380255978  -55.489640566  -10.476495457

   -3.141592654    1.745329252  -53.672180078  -55.918297202  -16.017211356
   -2.951193099    1.745329252  -63.317695387  -44.322466800  -16.110282547
   -2.760793544    1.745329252  -70.259557965  -28.326328577  -14.913411787
   -2.570393989    1.745329252  -74.175191641  -13.477374322  -12.705451024
   -2.379994435    1.745329252  -75.787771068   -4.761607130   -9.867037874
   -2.189594880    1.745329252  -76.505948905   -4.035084637   -6.745706027
   -1.999195325    1.745329252  -77.685296879   -8.869011113   -3.615421248
   -1.808795770    1.745329252  -79.883109604  -13.678429245   -0.713386838
   -1.618396215    1.745329252  -82.521261237  -12.694635010    1.725555816
   -1.427996661    1.745329252  -84.161791649   -3.098245534    3.508040315
   -1.237597106    1.745329252  -83.250742114   13.470011668    4.578133489
   -1.047197551    1.745329252  -78.913027541   31.833815726    5.085532084
   -0.856797996    1.745329252  -71.389645382   45.991206438    5.357404538
   -0.666398442    1.745329252  -61.918201002   51.808389396    5.784482294
   -0.475998887    1.745329252  -52.224113797   48.473468648    6.668664919
   -0.285599332    1.745329252  -43.895194550   38.006685378    8.144753815
   -0.095199777    1.745329252  -37.965569219   23.924990154   10.128157251
    0.095199777    1.745329252  -34.764321944    9.952489061   12.333858142
    0.285599332    1.745329252  -33.954643750   -0.731184501   14.299608696
    0.475998887    1.745329252  -34.674491107   -5.850988577   15.499877528
    0.666398442    1.745329252  -35.746712520   -4.423839061   15.515420776
    0.856797996    1.745329252  -35.968240805    2.753901505   14.228154086
    1.047197551    1.745329252  -34.469611357   13.114188669   11.876808825
    1.237597106    1.745329252  -30.992444102   22.920253839    8.977609465
    1.427996661    1.745329252  -25.993230885   28.631211862    6.066286864
    1.618396215    1.745329252  -20.485844540   28.085227080    3.473834923
    1.808795770    1.745329252  -15.716465083   20.948825367    1.218474746
    1.999195325    1.745329252  -12.851744126    8.359734761   -0.932626732
    2.189594880    1.745329252  -12.759133183   -7.828000127   -3.287776490
    2.379994435    1.745329252  -15.920697469  -25.416069570   -6.033273750
    2.570393989    1.745329252  -22.367151336  -41.865757500   -9.096551608
    2.760793544    1.745329252  -31.601786591  -54.193029846  -12.125892975
    2.951193099    1.745329252  -42.550470020  -59.448872883  -14.597009365

   -3.141592654    2.094395102  -59.847230424  -58.053967694  -16.629829296
   -2.951193099    2.094395102  -69.656976963  -43.907536511  -16.721318977
   -2.760793544    2.094395102  -76.288869150  -25.564348511  -15.456509673
   -2.570393989    2.094395102  -79.501601509   -8.977188472  -13.055873814
   -2.379994435    2.094395102  -80.149580602    0.751821451   -9.845004497
   -2.189594880    2.094395102  -79.774147381    1.839331479   -6.126783767
   -1.999195325    2.094395102  -79.844740914   -3.182925583   -2.157040107
   -1.808795770    2.094395102  -81.017022849   -8.671099819    1.792944396
   -1.618396215    2.094395102  -82.799451179   -8.770228139    5.384169085
   -1.427996661    2.094395102  -83.812584539   -0.441129835    8.253327126
   -1.237597106    2.094395102  -82.504546775   15.036664856   10.144975409
   -1.047197551    2.094395102  -77.932148619   32.828064616   11.036904115
   -0.856797996    2.094395102  -70.219688805   47.080945843   11.164666276
   -0.666398442    2.094395102  -60.487326507   53.504270031   10.920155850
   -0.475998887    2.094395102  -50.396023042   50.933225327   10.672374573
   -0.285599332    2.094395102  -41.543848164   40.957974539   10.628157605
   -0.095199777    2.094395102  -35.052344858   26.749261303   10.741947527
    0.095199777    2.094395102  -31.389941337   11.824757937   10.743056923
    0.285599332    2.094395102  -30.377875799   -0.593208034   10.228507262
    0.475998887    2.094395102  -31.275170841   -7.883688303    8.857004102
    0.666398442    2.094395102  -32.932277741   -8.434670655    6.547287282
    0.856797996    2.094395102  -34.043227692   -2.390856309    3.601774784
    1.047197551    2.094395102  -33.536257442    8.056751279    0.611646985
    1.237597106    2.094395102  -30.927478303   18.985716729   -1.790912935
    1.427996661    2.094395102  -26.531935625   26.224623933   -3.253127219
    1.618396215    2.094395102  -21.361530780   26.835975012   -3.857284793
    1.808795770    2.094395102  -16.789433683   19.957708818   -4.056163385
    1.999195325    2.094395102  -14.169840254    6.629784819   -4.441844121
    2.189594880    2.094395102  -14.534948492  -10.970857246   -5.493310577
    2.379994435    2.094395102  -18.442465746  -30.067160161   -7.397415428
    2.570393989    2.094395102  -25.879635789  -47.478307525   -9.989770143
    2.760793544    2.094395102  -36.196254710  -59.740249510  -12.802639528
    2.951193099    2.094395102  -48.101101431  -63.754009607  -15.208601343

   -3.141592654    2.443460953  -65.344493301  -59.894570538  -10.712609041
   -2.951193099    2.443460953  -75.293808640  -43.520973246  -10.030494242
   -2.760793544    2.443460953  -81.639599839  -22.991314740   -8.367866522
   -2.570393989    2.443460953  -84.179661613   -4.554678073   -5.946039065
   -2.379994435    2.443460953  -83.842373818    6.609975268   -3.004932077
   -2.189594880    2.443460953  -82.246579297    8.731029561    0.308008297
   -1.999195325    2.443460953  -80.942128901    4.279223944    3.916672677
   -1.808795770    2.443460953  -80.687869396   -1.271162100    7.687038411
   -1.618396215    2.443460953  -81.128239898   -2.208402805   11.313601764
   -1.427996661    2.443460953  -81.029899953    4.570044913   14.336997685
   -1.237597106    2.443460953  -78.948228306   18.123036526   16.309681180
   -1.047197551    2.443460953  -73.966400714   34.093744855   17.000845271
   -0.856797996    2.443460953  -66.146893370   47.036611707   16.507955298
   -0.666398442    2.443460953  -56.495279029   52.787831901   15.193725120
   -0.475998887    2.443460953  -46.564078873   50.010181929   13.489931404
   -0.285599332    2.443460953  -37.897483784   39.902746549   11.690537603
   -0.095199777    2.443460953  -31.643563064   25.220135647    9.818199258
    0.095199777    2.443460953  -28.363804227    9.224068610    7.656584283
    0.285599332    2.443460953  -27.992065613   -4.778605237    4.908148690
    0.475998887    2.443460953  -29.845442238  -13.690694874    1.445344121
    0.666398442    2.443460953  -32.714019422  -15.165962188   -2.496233274
    0.856797996    2.443460953  -35.095000196   -8.748927359   -6.295575331
    1.047197551    2.443460953  -35.650575449    3.468274585   -9.174630798
    1.237597106    2.443460953  -33.675598536   16.984731992  -10.556244986
    1.427996661    2.443460953  -29.419357510   26.656613201  -10.364056508
    1.618396215    2.443460953  -24.012589444   28.666942809   -9.058007285
    1.808795770    2.443460953  -19.071812568   21.769919175   -7.410523079
    1.999195325    2.443460953  -16.210917276    7.192304042   -6.170193949
    2.189594880    2.443460953  -16.645652893  -12.310548102   -5.805973808
    2.379994435    2.443460953  -20.991723195  -33.269655251   -6.402318825
    2.570393989    2.443460953  -29.168208405  -51.890896043   -7.699822868
    2.760793544    2.443460953  -40.360320299  -64.327432798   -9.208035479
    2.951193099    2.443460953  -53.065943813  -67.403682426  -10.365133818

   -3.141592654    2.792526803  -67.873207649  -59.334599669    0.486808816
   -2.951193099    2.792526803  -77.582091614  -41.588222708    2.235560066
   -2.760793544    2.792526803  -83.444004785  -19.901941681    4.168820803
   -2.570393989    2.792526803  -85.311970944   -0.635745563    6.154226942
   -2.379994435    2.792526803  -84.167723793   11.148388169    8.208904770
   -2.189594880    2.792526803  -81.651914928   13.860665460   10.505572905
   -1.999195325    2.792526803  -79.313813636    9.992650955   13.230398071
   -1.808795770    2.792526803  -77.932426398    4.783268728   16.367756886
   -1.618396215    2.792526803  -77.233317805    3.573756368   19.568841715
   -1.427996661    2.792526803  -76.127391824    9.223938601   22.213393058
   -1.237597106    2.792526803  -73.330076341   20.884976712   23.658699829
   -1.047197551    2.792526803  -68.034285168   34.618586850   23.525249916
   -0.856797996    2.792526803  -60.316007077   45.514509188   21.861659238
   -0.666398442    2.792526803  -51.106133621   49.766302727   19.080158620
   -0.475998887    2.792526803  -41.846717005   46.049715349   15.730842222
   -0.285599332    2.792526803  -33.999362165   35.270010980   12.231533660
   -0.095199777    2.792526803  -28.697249105   19.818162973    8.713423847
    0.095199777    2.792526803  -26.540663459    2.786978775    5.049875808
    0.285599332    2.792526803  -27.500404893  -12.297312498    1.047144143
    0.475998887    2.792526803  -30.853159548  -21.777828016   -3.298587265
    0.666398442    2.792526803  -35.229393412  -22.676855754   -7.636243775
    0.856797996    2.792526803  -38.872277299  -14.250897190  -11.300871907
    1.047197551    2.792526803  -40.192657882    1.070752569  -13.576186413
    1.237597106    2.792526803  -38.355207553   17.892742664  -14.053047018
    1.427996661    2.792526803  -33.670279066   30.049139236  -12.850650969
    1.618396215    2.792526803  -27.495563479   33.078171588  -10.566243676
    1.808795770    2.792526803  -21.739082015   25.714801965   -7.989148149
    1.999195325    2.792526803  -18.256308480    9.675291279   -5.763258358
    2.189594880    2.792526803  -18.387480399  -11.595280823   -4.190750179
    2.379994435    2.792526803  -22.746178414  -34.028473527   -3.218966524
    2.570393989    2.792526803  -31.155055750  -53.438494429   -2.568686396
    2.760793544    2.792526803  -42.651133402  -65.832869512   -1.890856354
    2.951193099    2.792526803  -55.577337058  -68.115190007   -0.910575695
