#! FIELDS phi psi file.free der_phi der_psi
#! SET min_phi -pi
#! SET max_phi pi
#! SET nbins_phi  33
#! SET periodic_phi true
#! SET min_psi -pi
#! SET max_psi pi
#! SET nbins_psi  18
#! SET periodic_psi true
   -3.141592654   -3.141592654  -79.377963829  -54.206363089   14.694279993
   -2.951193099   -3.141592654  -88.012952867  -35.758756666   17.515263584
   -2.760793544   -3.141592654  -92.826532460  -14.972379445   19.486999569
   -2.570393989   -3.141592654  -93.916552261    2.539541814   20.633963573
   -2.379994435   -3.141592654  -92.316193656   12.901129362   21.320201863
   -2.189594880   -3.141592654  -89.509725464   15.382912726   22.114401437
   -1.999195325   -3.141592654  -86.799694407   12.542913894   23.513200846
   -1.808795770   -3.141592654  -84.784279100    8.891211617   25.655595758
   -1.618396215   -3.141592654  -83.186562017    8.734677593   28.185828024
   -1.427996661   -3.141592654  -81.092396478   14.192659024   30.359944501
   -1.237597106   -3.141592654  -77.472946956   24.348139338   31.358288703
   -1.047197551   -3.141592654  -71.726642825   35.819674126   30.630735742
   -0.856797996   -3.141592654  -63.997211619   44.483903493   28.104097727
   -0.666398442   -3.141592654  -55.154253165   47.050150707   24.136940755
   -0.475998887   -3.141592654  -46.531514816   42.121997519   19.303194016
   -0.285599332   -3.141592654  -39.546995136   30.065836499   14.101737287
   -0.095199777   -3.141592654  -35.406404701   12.671151146    8.799386125
    0.095199777   -3.141592654  -34.859570243   -7.092533284    3.441386491
    0.285599332   -3.141592654  -37.980574213  -25.063950825   -1.960323929
    0.475998887   -3.141592654  -43.964228057  -36.353392232   -7.206475199
    0.666398442   -3.141592654  -51.108900444  -36.714342597  -11.801674623
    0.856797996   -3.141592654  -57.139092105  -24.799792747  -15.071901940
    1.047197551   -3.141592654  -59.936496863   -3.598156102  -16.455976625
    1.237597106   -3.141592654  -58.348312882   19.909395590  -15.823790063
    1.427996661   -3.141592654  -52.722589790   37.559774650  -13.570666227
    1.618396215   -3.141592654  -44.804636210   43.334402170  -10.434410527
    1.808795770   -3.141592654  -37.091696556   35.494216116   -7.141572757
    1.999195325   -3.141592654  -31.998734708   16.514792534   -4.103329108
    2.189594880   -3.141592654  -31.190014609   -8.547847749   -1.336712062
    2.379994435   -3.141592654  -35.269139509  -33.868428075    1.406111962
    2.570393989   -3.141592654  -43.762974901  -54.110453974    4.399072422
    2.760793544   -3.141592654  -55.292028320  -65.226404514    7.746761073
    2.951193099   -3.141592654  -67.877606303  -65.091921781   11.297442020

   -3.141592654   -2.792526803  -72.507487806  -48.518765621   22.343281351
   -2.951193099   -2.792526803  -80.247590698  -32.132135716   25.159362501
   -2.760793544   -2.792526803  -84.579771191  -13.504001752   26.698390770
   -2.570393989   -2.792526803  -85.551417488    2.471969056   27.150809993
   -2.379994435   -2.792526803  -84.020251758   12.460542664   27.050322834
   -2.189594880   -2.792526803  -81.231823847   15.817225148   27.060982404
   -1.999195325   -2.792526803  -78.288543647   14.618914772   27.676334575
   -1.808795770   -2.792526803  -75.724436636   12.471488590   28.966766052
   -1.618396215   -2.792526803  -73.381851420   12.733188445   30.504496014
   -1.427996661   -2.792526803  -70.615519465   16.973081926   31.520371900
   -1.237597106   -2.792526803  -66.709005967   24.381903991   31.231721571
   -1.047197551   -2.792526803  -61.290906039   32.298312286   29.171209568
   -0.856797996   -2.792526803  -54.566329112   37.563240826   25.363622729
   -0.666398442   -2.792526803  -47.295761780   37.667630848   20.260846867
   -0.475998887   -2.792526803  -40.597904165   31.492324619   14.520019717
   -0.285599332   -2.792526803  -35.672367585   19.215764406    8.711005466
   -0.095199777   -2.792526803  -33.567967301    2.205954658    3.167180953
    0.095199777   -2.792526803  -34.952552671  -16.868925537   -2.010591244
    0.285599332   -2.792526803  -39.847615392  -33.849883910   -6.777884482
    0.475998887   -2.792526803  -47.369025125  -43.594525604  -10.964771629
    0.666398442   -2.792526803  -55.684685077  -41.630244796  -14.199360222
    0.856797996   -2.792526803  -62.373378344  -26.697546997  -16.030728475
    1.047197551   -2.792526803  -65.227883250   -2.315916524  -16.158330903
    1.237597106   -2.792526803  -63.132829072   23.816282858  -14.652641812
    1.427996661   -2.792526803  -56.598258086   43.007886159  -11.953830341
    1.618396215   -2.792526803  -47.586542060   49.220191573   -8.670424430
    1.808795770   -2.792526803  -38.768268487   41.167124055   -5.285697471
    1.999195325   -2.792526803  -32.621114591   21.960404386   -1.963805066
    2.189594880   -2.792526803  -30.765063581   -2.902922417    1.434146485
    2.379994435   -2.792526803  -33.711439411  -27.560655547    5.167278127
    2.570393989   -2.792526803  -40.926817874  -47.014277456    9.377553376
    2.760793544   -2.792526803  -51.055667171  -57.731874376   13.937912455
    2.951193099   -2.792526803  -62.238443832  -58.022821304   18.441705662

   -3.141592654   -2.443460953  -64.617908785  -42.570661583   21.420448237
   -2.951193099   -2.443460953  -71.434543918  -28.434536648   23.569593932
   -2.760793544   -2.443460953  -75.276589842  -11.992019068   24.533195650
   -2.570393989   -2.443460953  -76.116260626    2.506897829   24.569296196
   -2.379994435   -2.443460953  -74.633932292   12.104382373   24.153325542
   -2.189594880   -2.443460953  -71.867317020   16.078082194   23.784705149
   -1.999195325   -2.443460953  -68.773505081   15.947122015   23.772244190
   -1.808795770   -2.443460953  -65.878950644   14.478778127   24.083225888
   -1.618396215   -2.443460953  -63.175881178   14.279683282   24.328973895
   -1.427996661   -2.443460953  -60.274150927   16.620934215   23.913477913
   -1.237597106   -2.443460953  -56.711473260   21.000302059   22.295905196
   -1.047197551   -2.443460953  -52.261396453   25.550718196   19.239546831
   -0.856797996   -2.443460953  -47.104037508   28.022948211   14.924005009
   -0.666398442   -2.443460953  -41.822156586   26.571497159    9.859242025
   -0.475998887   -2.443460953  -37.275460642   20.217671480    4.675234832
   -0.285599332   -2.443460953  -34.425932194    8.831062052   -0.138748683
   -0.095199777   -2.443460953  -34.168605333   -6.760525199   -4.353172631
    0.095199777   -2.443460953  -37.115935735  -24.313802048   -7.976480140
    0.285599332   -2.443460953  -43.287245151  -39.800438065  -11.081937099
    0.475998887   -2.443460953  -51.792215416  -47.922421520  -13.640276654
    0.666398442   -2.443460953  -60.752878671  -44.004865447  -15.445818293
    0.856797996   -2.443460953  -67.681188893  -26.781654510  -16.209838746
    1.047197551   -2.443460953  -70.330588896   -0.102350806  -15.729417932
    1.237597106   -2.443460953  -67.628856056   27.874910490  -14.058309096
    1.427996661   -2.443460953  -60.207243185   48.133208526  -11.500400548
    1.618396215   -2.443460953  -50.177163064   54.697524865   -8.468484493
    1.808795770   -2.443460953  -40.311642499   46.678158294   -5.270795087
    1.999195325   -2.443460953  -33.100929914   27.677948023   -1.983814992
    2.189594880   -2.443460953  -30.101959409    3.455827113    1.516192735
    2.379994435   -2.443460953  -31.747859885  -20.240813305    5.390853644
    2.570393989   -2.443460953  -37.482038451  -38.845302336    9.647137630
    2.760793544   -2.443460953  -46.019840999  -49.340707338   14.043200259
    2.951193099   -2.443460953  -55.658524296  -50.375964583   18.129941530

   -3.141592654   -2.094395102  -58.282273346  -38.255666060   14.669287259
   -2.951193099   -2.094395102  -64.447214884  -25.919769212   15.898336225
   -2.760793544   -2.094395102  -67.973736539  -11.148079047   16.392424120
   -2.570393989   -2.094395102  -68.777796939    2.127804378   16.359737540
   -2.379994435   -2.094395102  -67.439252842   11.066918282   16.036636248
   -2.189594880   -2.094395102  -64.894935622   14.834393158   15.587416599
   -1.999195325   -2.094395102  -62.043430809   14.633109606   15.042771136
   -1.808795770   -2.094395102  -59.424468014   12.820578208   14.283830062
   -1.618396215   -2.094395102  -57.115459240   11.687692694   13.080150005
   -1.427996661   -2.094395102  -54.847381566   12.473014324   11.184748693
   -1.237597106   -2.094395102  -52.252342538   14.985170379    8.463263223
   -1.047197551   -2.094395102  -49.111995253   17.912488114    4.999240260
   -0.856797996   -2.094395102  -45.505691816   19.542394085    1.103653566
   -0.666398442   -2.094395102  -41.835689330   18.311992753   -2.784866969
   -0.475998887   -2.094395102  -38.765463845   13.097443902   -6.253817510
   -0.285599332   -2.094395102  -37.123165793    3.310848430   -9.076151404
   -0.095199777   -2.094395102  -37.768102928  -10.763380378  -11.251185934
    0.095199777   -2.094395102  -41.365140863  -27.204566759  -12.948201182
    0.285599332   -2.094395102  -48.014145569  -41.964947851  -14.351404398
    0.475998887   -2.094395102  -56.872338805  -49.440997999  -15.524577655
    0.666398442   -2.094395102  -66.042549267  -44.620592266  -16.349021975
    0.856797996   -2.094395102  -72.971131952  -26.097524197  -16.590372850
    1.047197551   -2.094395102  -75.347501638    2.094374738  -16.018945230
    1.237597106   -2.094395102  -72.091934709   31.444908389  -14.566807656
    1.427996661   -2.094395102  -63.892990278   52.639041806  -12.354570334
    1.618396215   -2.094395102  -52.953448672   59.672791921   -9.634374948
    1.808795770   -2.094395102  -42.117030827   51.879197270   -6.646864614
    1.999195325   -2.094395102  -33.890122838   33.175982180   -3.521358987
    2.189594880   -2.094395102  -29.797993471    9.471593408   -0.269890533
    2.379994435   -2.094395102  -30.238679690  -13.610836198    3.118620139
    2.570393989   -2.094395102  -34.667457569  -31.840266066    6.558182584
    2.760793544   -2.094395102  -41.879157415  -42.542461704    9.824147124
    2.951193099   -2.094395102  -50.300770864  -44.515593041   12.611153307

   -3.141592654   -1.745329252  -54.883210960  -36.600690651    6.944941024
   -2.951193099   -1.745329252  -60.839207378  -25.339107911    7.016766141
   -2.760793544   -1.745329252  -64.331709355  -11.322780381    6.778007066
   -2.570393989   -1.745329252  -65.215444053    1.501666530    6.393554267
   -2.379994435   -1.745329252  -64.028229168   10.103913153    5.891208619
   -2.189594880   -1.745329252  -61.708056618   13.400711544    5.147361057
   -1.999195325   -1.745329252  -59.199848668   12.392629599    3.968074783
   -1.808795770   -1.745329252  -57.116711524    9.369997615    2.202595674
   -1.618396215   -1.745329252  -55.604017867    6.751416603   -0.170955530
   -1.427996661   -1.745329252  -54.416220380    6.109946267   -3.020156329
   -1.237597106   -1.745329252  -53.132621460    7.703497020   -6.088705726
   -1.047197551   -1.745329252  -51.398065543   10.607783117   -9.052834469
   -0.856797996   -1.745329252  -49.103553869   13.237027922  -11.599862731
   -0.666398442   -1.745329252  -46.471335392   13.823786495  -13.499095846
   -0.475998887   -1.745329252  -44.052812655   10.746329835  -14.650437386
   -0.285599332   -1.745329252  -42.670763977    2.851000799  -15.121850002
   -0.095199777   -1.745329252  -43.275186995  -10.009371885  -15.119045299
    0.095199777   -1.745329252  -46.677776214  -26.039230375  -14.927578306
    0.285599332   -1.745329252  -53.118548304  -41.013902261  -14.796221559
    0.475998887   -1.745329252  -61.839060049  -48.941467386  -14.842108656
    0.666398442   -1.745329252  -70.945405723  -44.389900466  -14.995960779
    0.856797996   -1.745329252  -77.819344471  -25.654686994  -15.035129750
    1.047197551   -1.745329252  -80.049646556    3.256660768  -14.669188597
    1.237597106   -1.745329252  -76.475869590   33.648847016  -13.683708928
    1.427996661   -1.745329252  -67.753585057   55.898211314  -12.017749113
    1.618396215   -1.745329252  -56.108583732   63.766617245   -9.784030009
    1.808795770   -1.745329252  -44.436363649   56.508950118   -7.188450374
    1.999195325   -1.745329252  -35.294624873   38.117042607   -4.439064910
    2.189594880   -1.745329252  -30.243669427   14.573814752   -1.692710318
    2.379994435   -1.745329252  -29.710894641   -8.532887003    0.921428995
    2.570393989   -1.745329252  -33.198614564  -27.101296801    3.249789112
    2.760793544   -1.745329252  -39.572150042  -38.552708686    5.109391101
    2.951193099   -1.745329252  -47.334828692  -41.628598415    6.349612857

   -3.141592654   -1.396263402  -55.420751112  -38.302105249    4.394885695
   -2.951193099   -1.396263402  -61.702877657  -26.964384476    3.744282558
   -2.760793544   -1.396263402  -65.455806176  -12.396477997    2.854761721
   -2.570393989   -1.396263402  -66.485020129    0.999977699    1.866022755
   -2.379994435   -1.396263402  -65.375295590    9.673329627    0.736092819
   -2.189594880   -1.396263402  -63.193395488   12.240771059   -0.747720955
   -1.999195325   -1.396263402  -61.034561191    9.791955438   -2.834234252
   -1.808795770   -1.396263402  -59.609310534    5.066348039   -5.635251938
   -1.618396215   -1.396263402  -59.055293496    1.094980022   -9.007271719
   -1.427996661   -1.396263402  -59.006905068   -0.024460390  -12.555549839
   -1.237597106   -1.396263402  -58.849179170    2.203853633  -15.758112879
   -1.047197551   -1.396263402  -58.020803911    6.731899692  -18.134855262
   -0.856797996   -1.396263402  -56.259919000   11.559022683  -19.399743172
   -0.666398442   -1.396263402  -53.729507350   14.393376641  -19.521101699
   -0.475998887   -1.396263402  -51.019628842   13.123004856  -18.691824769
   -0.285599332   -1.396263402  -49.071929352    6.272968230  -17.253601678
   -0.095199777   -1.396263402  -48.996173690   -6.435364521  -15.586231313
    0.095199777   -1.396263402  -51.769712524  -23.121922834  -14.034096735
    0.285599332   -1.396263402  -57.763956821  -39.299161750  -12.818821058
    0.475998887   -1.396263402  -66.286915171  -48.562793701  -12.004355949
    0.666398442   -1.396263402  -75.424598671  -45.005477697  -11.489924175
    0.856797996   -1.396263402  -82.453655328  -26.528857776  -11.061759871
    1.047197551   -1.396263402  -84.803890264    3.000277692  -10.466649354
    1.237597106   -1.396263402  -81.161636070   34.696370052   -9.519035184
    1.427996661   -1.396263402  -72.092522169   58.473675241   -8.149371423
    1.618396215   -1.396263402  -59.829447029   67.592434443   -6.416211036
    1.808795770   -1.396263402  -47.356786162   60.965483415   -4.449524500
    1.999195325   -1.396263402  -37.361261943   42.512256490   -2.390030959
    2.189594880   -1.396263402  -31.526511483   18.323529643   -0.359049770
    2.379994435   -1.396263402  -30.375535296   -5.848583561    1.518501831
    2.570393989   -1.396263402  -33.474871947  -25.735474646    3.081551996
    2.760793544   -1.396263402  -39.719438216  -38.548232338    4.146282428
    2.951193099   -1.396263402  -47.594467409  -42.744126935    4.581746261

   -3.141592654   -1.047197551  -57.217078831  -41.541622423    4.325103726
   -2.951193099   -1.047197551  -64.108308495  -30.024522933    2.768682882
   -2.760793544   -1.047197551  -68.387148608  -14.827759738    0.928408664
   -2.570393989   -1.047197551  -69.818061345   -0.845237681   -0.990831336
   -2.379994435   -1.047197551  -69.046318150    7.839566496   -2.981578849
   -2.189594880   -1.047197551  -67.277623839    9.604078190   -5.241524081
   -1.999195325   -1.047197551  -65.747177060    5.776978506   -8.021614735
   -1.808795770   -1.047197551  -65.217602466   -0.248270037  -11.402158257
   -1.618396215   -1.047197551  -65.738315386   -4.685021170  -15.129906203
   -1.427996661   -1.047197551  -66.732842929   -4.968971500  -18.636152740
   -1.237597106   -1.047197551  -67.335495619   -0.661186658  -21.239600602
   -1.047197551   -1.047197551  -66.794442384    6.632250865  -22.420101465
   -0.856797996   -1.047197551  -64.790392974   14.134463908  -22.026798039
   -0.666398442   -1.047197551  -61.569866118   18.897398457  -20.309644410
   -0.475998887   -1.047197551  -57.902653273   18.476528965  -17.787300239
   -0.285599332   -1.047197551  -54.940032698   11.421618567  -15.044369303
   -0.095199777   -1.047197551  -53.969875363   -2.299352759  -12.531238922
    0.095199777   -1.047197551  -56.088499420  -20.415891865  -10.475508825
    0.285599332   -1.047197551  -61.707795566  -38.036335453   -8.864007847
    0.475998887   -1.047197551  -70.101848836  -48.387074452   -7.533557503
    0.666398442   -1.047197551  -79.261059998  -45.299695255   -6.288644611
    0.856797996   -1.047197551  -86.333812332  -26.592418023   -5.011979975
    1.047197551   -1.047197551  -88.625821581    3.730933392   -3.695599578
    1.237597106   -1.047197551  -84.744504288   36.477293467   -2.408309104
    1.427996661   -1.047197551  -75.241898659   61.188698726   -1.210942329
    1.618396215   -1.047197551  -62.402325154   70.844202389   -0.106696598
    1.808795770   -1.047197551  -49.300099702   64.235434691    0.962285813
    1.999195325   -1.047197551  -38.718515944   45.323088291    2.065966299
    2.189594880   -1.047197551  -32.422313452   20.302441929    3.221459437
    2.379994435   -1.047197551  -30.996339435   -4.978463454    4.340450970
    2.570393989   -1.047197551  -34.051031722  -26.156094679    5.224329660
    2.760793544   -1.047197551  -40.501492339  -40.268793934    5.619128607
    2.951193099   -1.047197551  -48.809578241  -45.501095294    5.330040382

   -3.141592654   -0.698131701  -57.194863570  -45.327559159    2.916167331
   -2.951193099   -0.698131701  -64.860464955  -34.279388877    0.435701195
   -2.760793544   -0.698131701  -69.954197931  -19.069182930   -2.345628205
   -2.570393989   -0.698131701  -72.174003912   -4.896297832   -5.149688562
   -2.379994435   -0.698131701  -72.171814870    3.737895761   -7.894885384
   -2.189594880   -0.698131701  -71.226941167    4.976015614  -10.722830041
   -1.999195325   -0.698131701  -70.655294237    0.323081054  -13.834718305
   -1.808795770   -0.698131701  -71.226594921   -6.251743559  -17.235299171
   -1.618396215   -0.698131701  -72.871903921  -10.286527478  -20.558304185
   -1.427996661   -0.698131701  -74.790952874   -8.852557243  -23.126402430
   -1.237597106   -0.698131701  -75.877126618   -1.713015443  -24.235920779
   -1.047197551   -0.698131701  -75.228207680    8.810171603  -23.499548715
   -0.856797996   -0.698131701  -72.535389401   19.039779421  -21.050801018
   -0.666398442   -0.698131701  -68.212267331   25.339206789  -17.488985130
   -0.475998887   -0.698131701  -63.285165149   25.032464429  -13.622460198
   -0.285599332   -0.698131701  -59.160032173   16.921091694  -10.148032566
   -0.095199777   -0.698131701  -57.296877805    1.527155788   -7.404149228
    0.095199777   -0.698131701  -58.847320047  -18.218383383   -5.316765402
    0.285599332   -0.698131701  -64.161642337  -36.909631834   -3.504150283
    0.475998887   -0.698131701  -72.380620403  -47.546688134   -1.536752339
    0.666398442   -0.698131701  -81.350821853  -44.080580067    0.798649777
    0.856797996   -0.698131701  -88.126224000  -24.687611249    3.350006148
    1.047197551   -0.698131701  -89.993839704    6.223197588    5.676535082
    1.237597106   -0.698131701  -85.607491647   39.212966759    7.302001246
    1.427996661   -0.698131701  -75.589681896   63.805741313    7.993981834
    1.618396215   -0.698131701  -62.281310311   73.126554844    7.878053982
    1.808795770   -0.698131701  -48.781445879   66.129905283    7.339264795
    1.999195325   -0.698131701  -37.874658412   46.845138662    6.798156237
    2.189594880   -0.698131701  -31.326590863   21.406609942    6.503087177
    2.379994435   -0.698131701  -29.744012545   -4.479297238    6.437264237
    2.570393989   -0.698131701  -32.785063558  -26.564734069    6.355073547
    2.760793544   -0.698131701  -39.422512236  -41.854821234    5.903348399
    2.951193099   -0.698131701  -48.151465752  -48.320493675    4.789628091

   -3.141592654   -0.349065850  -56.502922631  -49.972562033    1.521956395
   -2.951193099   -0.349065850  -65.141951498  -39.740900868   -1.230619594
   -2.760793544   -0.349065850  -71.302758734  -24.704733647   -4.225153177
   -2.570393989   -0.349065850  -74.573531106  -10.254662404   -7.201878938
   -2.379994435   -0.349065850  -75.558812877   -1.303700854  -10.055528860
   -2.189594880   -0.349065850  -75.564153106   -0.011107171  -12.855125822
   -1.999195325   -0.349065850  -75.952992774   -4.769881218  -15.693873935
   -1.808795770   -0.349065850  -77.480715206  -11.088247403  -18.464176872
   -1.618396215   -0.349065850  -79.949720795  -13.900839484  -20.731627112
   -1.427996661   -0.349065850  -82.345613396  -10.056715797  -21.846831476
   -1.237597106   -0.349065850  -83.363859786    0.273999061  -21.260906644
   -1.047197551   -0.349065850  -82.033627298   13.874368149  -18.853572927
   -0.856797996   -0.349065850  -78.162391777   26.113943151  -15.063332264
   -0.666398442   -0.349065850  -72.427976709   32.806403297  -10.728377204
   -0.475998887   -0.349065850  -66.165925013   31.369405727   -6.740068767
   -0.285599332   -0.349065850  -61.016575155   21.270415716   -3.673618397
   -0.095199777   -0.349065850  -58.515510189    3.959410555   -1.575250667
    0.095199777   -0.349065850  -59.718677105  -16.807246377    0.007868350
    0.285599332   -0.349065850  -64.761859694  -35.269318432    1.777022754
    0.475998887   -0.349065850  -72.563264626  -44.697267539    4.289948742
    0.666398442   -0.349065850  -80.852270410  -39.837208847    7.621176814
    0.856797996   -0.349065850  -86.736832142  -19.769941793   11.252844203
    1.047197551   -0.349065850  -87.699751933   10.577679551   14.300659124
    1.237597106   -0.349065850  -82.626278273   41.938229344   15.963982263
    1.427996661   -0.349065850  -72.279681050   64.544586135   15.936557932
    1.618396215   -0.349065850  -58.990119787   72.316332910   14.521866282
    1.808795770   -0.349065850  -45.724082451   64.641943837   12.414544993
    1.999195325   -0.349065850  -35.100295666   45.462075765   10.324602469
    2.189594880   -0.349065850  -28.774668064   20.461933166    8.673466981
    2.379994435   -0.349065850  -27.342662675   -5.185319374    7.496577273
    2.570393989   -0.349065850  -30.539238756  -27.601556222    6.532256215
    2.760793544   -0.349065850  -37.456915082  -43.855745895    5.396378898
    2.951193099   -0.349065850  -46.692319568  -51.674520462    3.768804164

   -3.141592654    0.000000000  -56.159845329  -54.402325280   -0.214790139
   -2.951193099    0.000000000  -65.712241152  -44.814842465   -2.692406192
   -2.760793544    0.000000000  -72.866429783  -29.977217136   -5.287250108
   -2.570393989    0.000000000  -77.131022449  -15.379024641   -7.819978149
   -2.379994435    0.000000000  -79.068118528   -6.179914701  -10.221021975
   -2.189594880    0.000000000  -79.981756627   -4.674839863  -12.523929732
   -1.999195325    0.000000000  -81.229834484   -9.069669087  -14.727767420
   -1.808795770    0.000000000  -83.496746166  -14.405913804  -16.625948556
   -1.618396215    0.000000000  -86.424996094  -15.221451232  -17.755637851
   -1.427996661    0.000000000  -88.804579883   -8.443500376  -17.564489209
   -1.237597106    0.000000000  -89.208891846    5.070074881  -15.725482888
   -1.047197551    0.000000000  -86.714877485   21.088060200  -12.396334971
   -0.856797996    0.000000000  -81.362270681   34.156654250   -8.236394576
   -0.666398442    0.000000000  -74.161256621   39.895541559   -4.143752806
   -0.475998887    0.000000000  -66.744938476   36.273957721   -0.870894894
   -0.285599332    0.000000000  -60.893448471   23.798549428    1.309983549
   -0.095199777    0.000000000  -58.072970262    5.002667778    2.706252834
    0.095199777    0.000000000  -59.096245102  -15.680912779    4.055391435
    0.285599332    0.000000000  -63.791700519  -32.539929322    6.161926961
    0.475998887    0.000000000  -70.854236249  -39.653576281    9.467272852
    0.666398442    0.000000000  -77.995182053  -33.034272821   13.746673554
    0.856797996    0.000000000  -82.541429505  -12.867226619   18.112273935
    1.047197551    0.000000000  -82.339672994   15.589560265   21.375329529
    1.237597106    0.000000000  -76.607444847   43.713623715   22.609389638
    1.427996661    0.000000000  -66.249766242   62.983522209   21.584703614
    1.618396215    0.000000000  -53.499570603   68.455063718   18.825498595
    1.808795770    0.000000000  -41.067802079   59.994501850   15.281384314
    1.999195325    0.000000000  -31.301324381   41.260549103   11.857258026
    2.189594880    0.000000000  -25.684928524   17.238008199    9.073557154
    2.379994435    0.000000000  -24.782806773   -7.599407564    6.990983129
    2.570393989    0.000000000  -28.407280216  -29.795770446    5.349083264
    2.760793544    0.000000000  -35.774881668  -46.487490120    3.774685181
    2.951193099    0.000000000  -45.590097642  -55.177435149    1.963736478

   -3.141592654    0.349065850  -55.205490060  -56.919354500   -0.617536847
   -2.951193099    0.349065850  -65.302416715  -47.988093442   -1.995611334
   -2.760793544    0.349065850  -73.117231331  -33.696950513   -3.389987974
   -2.570393989    0.349065850  -78.127737013  -19.454778246   -4.811102839
   -2.379994435    0.349065850  -80.859099871  -10.412458880   -6.286455112
   -2.189594880    0.349065850  -82.574329458   -8.804925561   -7.821608839
   -1.999195325    0.349065850  -84.564878802  -12.634699083   -9.315377571
   -1.808795770    0.349065850  -87.400146637  -16.668293785  -10.495904695
   -1.618396215    0.349065850  -90.568302700  -15.351238750  -10.957988912
   -1.427996661    0.349065850  -92.724816062   -5.936014796  -10.331710263
   -1.237597106    0.349065850  -92.411749475    9.985168289   -8.509144017
   -1.047197551    0.349065850  -88.829518731   27.368198249   -5.775431426
   -0.856797996    0.349065850  -82.269291842   40.307960499   -2.733878773
   -0.666398442    0.349065850  -74.018544944   44.602632337   -0.036885458
   -0.475998887    0.349065850  -65.894211887   39.001013362    1.918071579
   -0.285599332    0.349065850  -59.680555396   25.034179963    3.203116224
   -0.095199777    0.349065850  -56.665248155    6.075284734    4.334616107
    0.095199777    0.349065850  -57.371505442  -13.174975556    6.059556299
    0.285599332    0.349065850  -61.356879976  -27.481748237    8.983021536
    0.475998887    0.349065850  -67.201876232  -32.043754887   13.212860186
    0.666398442    0.349065850  -72.746938594  -24.214989353   18.176689278
    0.856797996    0.349065850  -75.674167484   -5.101781683   22.750333961
    1.047197551    0.349065850  -74.276014730   20.072188424   25.689044580
    1.237597106    0.349065850  -68.109190657   43.722089229   26.179910900
    1.427996661    0.349065850  -58.161751319   58.853620213   24.190604474
    1.618396215    0.349065850  -46.474427553   61.751157416   20.432291957
    1.808795770    0.349065850  -35.406268375   52.692969965   15.969888563
    1.999195325    0.349065850  -26.957864418   34.911877375   11.747874726
    2.189594880    0.349065850  -22.396189032   12.551991646    8.292823452
    2.379994435    0.349065850  -22.229429280  -10.700588016    5.686497901
    2.570393989    0.349065850  -26.335531636  -31.864773403    3.734118824
    2.760793544    0.349065850  -34.053462657  -48.210647880    2.163860860
    2.951193099    0.349065850  -44.211290273  -57.128760720    0.755432407

   -3.141592654    0.698131701  -54.151694891  -57.778007720   -1.070932643
   -2.951193099    0.698131701  -64.438588275  -49.128196544   -1.211181159
   -2.760793544    0.698131701  -72.508118675  -35.221651242   -1.229454424
   -2.570393989    0.698131701  -77.845572431  -21.346135255   -1.319609448
   -2.379994435    0.698131701  -80.963250818  -12.550897085   -1.623196444
   -2.189594880    0.698131701  -83.092903588  -10.971774930   -2.170744379
   -1.999195325    0.698131701  -85.473124787  -14.491568453   -2.855152636
   -1.808795770    0.698131701  -88.597883893  -17.773900533   -3.455234856
   -1.618396215    0.698131701  -91.871451718  -15.296908521   -3.713897494
   -1.427996661    0.698131701  -93.891866865   -4.567175706   -3.447161154
   -1.237597106    0.698131701  -93.210634595   12.394499639   -2.639042564
   -1.047197551    0.698131701  -89.120313538   30.157114809   -1.460062837
   -0.856797996    0.698131701  -82.055017580   42.709255238   -0.179950441
   -0.666398442    0.698131701  -73.426177026   46.140414207    0.995133650
   -0.475998887    0.698131701  -65.085771415   39.822964658    2.061715939
   -0.285599332    0.698131701  -58.722748972   25.958547916    3.292292081
   -0.095199777    0.698131701  -55.424309058    8.340821848    5.138823418
    0.095199777    0.698131701  -55.479761781   -8.463007851    8.047481561
    0.285599332    0.698131701  -58.297160064  -19.955184218   12.179166020
    0.475998887    0.698131701  -62.494066762  -22.500022794   17.204996592
    0.666398442    0.698131701  -66.175881672  -14.582738758   22.274083242
    0.856797996    0.698131701  -67.454354854    2.176597262   26.240875214
    1.047197551    0.698131701  -65.058788617   23.032619090   28.079531480
    1.237597106    0.698131701  -58.803546364   41.717547690   27.321866900
    1.427996661    0.698131701  -49.650238907   52.784274658   24.239156989
    1.618396215    0.698131701  -39.357150708   53.541512821   19.694257618
    1.808795770    0.698131701  -29.888651152   44.406668357   14.737688393
    1.999195325    0.698131701  -22.903527356   27.994329793   10.202087095
    2.189594880    0.698131701  -19.477420965    7.563390660    6.507017250
    2.379994435    0.698131701  -20.083990534  -13.899449392    3.705100359
    2.570393989    0.698131701  -24.666124550  -33.756480811    1.669916744
    2.760793544    0.698131701  -32.663053692  -49.335710190    0.260617694
    2.951193099    0.698131701  -42.999967407  -57.945813436   -0.622499243

   -3.141592654    1.047197551  -55.438687230  -57.985409255   -5.845177846
   -2.951193099    1.047197551  -65.691789199  -48.597355649   -5.248648828
   -2.760793544    1.047197551  -73.619600895  -34.321203530   -4.192119351
   -2.570393989    1.047197551  -78.782907598  -20.473698625   -3.011560183
   -2.379994435    1.047197551  -81.761033623  -11.988892345   -1.989860532
   -2.189594880    1.047197551  -83.821148192  -10.797537716   -1.273744008
   -1.999195325    1.047197551  -86.196679170  -14.580568476   -0.869718229
   -1.808795770    1.047197551  -89.344969471  -17.890110646   -0.701473966
   -1.618396215    1.047197551  -92.625333835  -15.226092556   -0.678049351
   -1.427996661    1.047197551  -94.606374088   -4.229338239   -0.726976234
   -1.237597106    1.047197551  -93.839774329   12.921937724   -0.786157417
   -1.047197551    1.047197551  -89.641941770   30.724594411   -0.777234058
   -0.856797996    1.047197551  -82.470372471   43.262382661   -0.579622624
   -0.666398442    1.047197551  -73.724743848   46.868667160   -0.019041537
   -0.475998887    1.047197551  -65.191084627   41.239648805    1.117107199
   -0.285599332    1.047197551  -58.436299678   28.776742142    3.072367373
   -0.095199777    1.047197551  -54.413674341   13.214759071    6.041742303
    0.095199777    1.047197551  -53.324936683   -1.343491658   10.081230782
    0.285599332    1.047197551  -54.611835121  -11.170401969   14.949973917
    0.475998887    1.047197551  -57.083782537  -13.464875374   20.035953094
    0.666398442    1.047197551  -59.173140624   -7.222484161   24.418567556
    0.856797996    1.047197551  -59.356316274    6.069109366   27.130552975
    1.047197551    1.047197551  -56.633262753   22.524289168   27.498302997
    1.237597106    1.047197551  -50.880192718   37.101951628   25.435818769
    1.427996661    1.047197551  -42.894750200   45.420988989   21.460155051
    1.618396215    1.047197551  -34.124136495   45.205814521   16.463264080
    1.808795770    1.047197551  -26.212110479   36.581910089   11.340047864
    1.999195325    1.047197551  -20.600652903   21.452273804    6.695350066
    2.189594880    1.047197551  -18.286142001    2.404143316    2.773636471
    2.379994435    1.047197551  -19.760687930  -17.903008108   -0.422332993
    2.570393989    1.047197551  -25.012667899  -36.806853999   -2.933124273
    2.760793544    1.047197551  -33.504241721  -51.469106583   -4.724656580
    2.951193099    1.047197551  -44.156375814  -59.104755339   -5.706957429

   -3.141592654    1.396263402  -60.115624720  -57.996655032  -11.186229956
   -2.951193099    1.396263402  -70.167492291  -46.537034178  -10.298096297
   -2.760793544    1.396263402  -77.555416257  -30.840117747   -8.698118726
   -2.570393989    1.396263402  -81.991122110  -16.456626044   -6.777389662
   -2.379994435    1.396263402  -84.218023898   -8.226449222   -4.865046088
   -2.189594880    1.396263402  -85.628960735   -7.800750657   -3.141881324
   -1.999195325    1.396263402  -87.527053637  -12.583522976   -1.667959182
   -1.808795770    1.396263402  -90.396620514  -16.964412457   -0.469126483
   -1.618396215    1.396263402  -93.601652824  -15.352130040    0.407450965
   -1.427996661    1.396263402  -95.695571614   -5.254523355    0.921042569
   -1.237597106    1.396263402  -95.179981533   11.384841735    1.117911612
   -1.047197551    1.396263402  -91.272752369   29.320740103    1.181542436
   -0.856797996    1.396263402  -84.291495094   42.794429800    1.408560403
   -0.666398442    1.396263402  -75.484607472   48.078652367    2.122314367
   -0.475998887    1.396263402  -66.517893960   44.638510964    3.570944750
   -0.285599332    1.396263402  -58.893029441   34.501461697    5.884282124
   -0.095199777    1.396263402  -53.577944957   20.983636693    9.024188370
    0.095199777    1.396263402  -50.873230114    7.687365989   12.764461227
    0.285599332    1.396263402  -50.416586352   -2.134097956   16.636680950
    0.475998887    1.396263402  -51.290607779   -5.989152475   19.970487569
    0.666398442    1.396263402  -52.225772141   -2.779227960   22.036563343
    0.856797996    1.396263402  -51.929124593    6.587344736   22.303324337
    1.047197551    1.396263402  -49.484340335   19.179502404   20.640035621
    1.237597106    1.396263402  -44.665527190   30.845262547   17.401263789
    1.427996661    1.396263402  -38.035789867   37.677187083   13.252739346
    1.618396215    1.396263402  -30.775089581   37.264301398    8.897801640
    1.808795770    1.396263402  -24.329303879   29.181948970    4.814463092
    1.999195325    1.396263402  -20.061118632   14.723363494    1.161614193
    2.189594880    1.396263402  -18.979561421   -3.857414161   -2.123274362
    2.379994435    1.396263402  -21.613744453  -23.815682774   -5.127114215
    2.570393989    1.396263402  -27.942294200  -42.122904901   -7.789172422
    2.760793544    1.396263402  -37.344265278  -55.589849417   -9.869477768
    2.951193099    1.396263402  -48.613647362  -61.356394492  -11.062707675

   -3.141592654    1.745329252  -66.209705251  -58.046728873  -16.706482590
   -2.951193099    1.745329252  -76.053609408  -44.377864123  -15.982095753
   -2.760793544    1.745329252  -82.868234970  -27.112940608  -14.206446723
   -2.570393989    1.745329252  -86.512309321  -12.008541057  -11.741035982
   -2.379994435    1.745329252  -87.883905466   -3.794523771   -8.930590149
   -2.189594880    1.745329252  -88.493010692   -3.872154942   -6.006333288
   -1.999195325    1.745329252  -89.714293423   -9.439622939   -3.116556962
   -1.808795770    1.745329252  -92.074008659  -14.776505715   -0.416755152
   -1.618396215    1.745329252  -94.959126850  -14.180659783    1.883244772
   -1.427996661    1.745329252  -96.915524699   -4.938128615    3.581690373
   -1.237597106    1.745329252  -96.384092978   11.327950399    4.615539413
   -1.047197551    1.745329252  -92.464739149   29.625367679    5.147010112
   -0.856797996    1.745329252  -85.327932184   44.228675647    5.531420862
   -0.666398442    1.745329252  -76.095454718   51.159097175    6.174794289
   -0.475998887    1.745329252  -66.373079397   49.474683566    7.359815622
   -0.285599332    1.745329252  -57.683529584   40.751024060    9.155857140
   -0.095199777    1.745329252  -51.099524337   27.912471615   11.382386988
    0.095199777    1.745329252  -47.093928087   14.217702685   13.656681750
    0.285599332    1.745329252  -45.530735483    2.744572021   15.447983539
    0.475998887    1.745329252  -45.725481339   -3.893037470   16.216325631
    0.666398442    1.745329252  -46.579399747   -4.044858320   15.587109779
    0.856797996    1.745329252  -46.830022967    2.222633335   13.536371853
    1.047197551    1.745329252  -45.430118852   12.801049478   10.420276381
    1.237597106    1.745329252  -41.903182922   23.883055685    6.863583180
    1.427996661    1.745329252  -36.556644187   31.300705543    3.469322725
    1.618396215    1.745329252  -30.411461624   31.931738136    0.578553317
    1.808795770    1.745329252  -24.898210351   24.627870785   -1.832542063
    1.999195325    1.745329252  -21.474389813   10.297086293   -4.055758794
    2.189594880    1.745329252  -21.269977260   -8.700105161   -6.427116009
    2.379994435    1.745329252  -24.875715123  -29.133044834   -9.098840946
    2.570393989    1.745329252  -32.224104087  -47.381251899  -11.912726063
    2.760793544    1.745329252  -42.551075801  -59.870659598  -14.441256284
    2.951193099    1.745329252  -54.469886953  -63.759630010  -16.164475319

   -3.141592654    2.094395102  -72.867227610  -58.527942628  -18.125847029
   -2.951193099    2.094395102  -82.578277867  -42.558738538  -17.463901652
   -2.760793544    2.094395102  -88.862974847  -23.477641096  -15.664002111
   -2.570393989    2.094395102  -91.695808588   -7.239725900  -13.022968050
   -2.379994435    2.094395102  -92.099802494    1.514098256   -9.829508604
   -2.189594880    2.094395102  -91.681040391    1.555210775   -6.268915029
   -1.999195325    2.094395102  -91.884109064   -4.229236340   -2.465360659
   -1.808795770    2.094395102  -93.300786430  -10.147529703    1.405571247
   -1.618396215    2.094395102  -95.388823475  -10.492683807    5.047513046
   -1.427996661    2.094395102  -96.748190461   -2.364413914    8.101950326
   -1.237597106    2.094395102  -95.819183995   12.986534388   10.303792563
   -1.047197551    2.094395102  -91.627651051   30.928665649   11.618341749
   -0.856797996    2.094395102  -84.220096211   45.868273003   12.259564217
   -0.666398442    2.094395102  -74.601740977   53.607511607   12.569091507
   -0.475998887    2.094395102  -64.329360914   52.759349429   12.830952658
   -0.285599332    2.094395102  -54.968610861   44.393797242   13.137745943
   -0.095199777    2.094395102  -47.722363313   31.062921929   13.329753838
    0.095199777    2.094395102  -43.243704959   15.864258047   13.055672004
    0.285599332    2.094395102  -41.580741381    2.029322810   11.894638748
    0.475998887    2.094395102  -42.170845820   -7.336755284    9.566934731
    0.666398442    2.094395102  -43.915911436   -9.816877215    6.123574451
    0.856797996    2.094395102  -45.401632095   -4.740117127    2.039928578
    1.047197551    2.094395102  -45.321202130    6.162103232   -1.926506832
    1.237597106    2.094395102  -42.923709761   18.809228535   -5.031191450
    1.427996661    2.094395102  -38.349739544   28.254922464   -6.893372993
    1.618396215    2.094395102  -32.622036357   30.450315125   -7.649569555
    1.808795770    2.094395102  -27.325664387   23.631623489   -7.857239653
    1.999195325    2.094395102  -24.139594077    8.633485044   -8.207826832
    2.189594880    2.094395102  -24.377296579  -11.736019790   -9.221547914
    2.379994435    2.094395102  -28.695992769  -33.511115161  -11.045567972
    2.570393989    2.094395102  -36.951547738  -52.356850238  -13.417418998
    2.760793544    2.094395102  -48.193465723  -64.293562201  -15.783099804
    2.951193099    2.094395102  -60.812339349  -66.531493965  -17.510054279

   -3.141592654    2.443460953  -78.919293303  -59.153170955  -12.079215888
   -2.951193099    2.443460953  -88.558729145  -41.216758633  -10.809494371
   -2.760793544    2.443460953  -94.416536448  -20.401348574   -8.724973466
   -2.570393989    2.443460953  -96.525844530   -2.774626064   -6.105334475
   -2.379994435    2.443460953  -95.968175197    7.117393757   -3.161548243
   -2.189594880    2.443460953  -94.386834764    8.132843358    0.054696958
   -1.999195325    2.443460953  -93.262769296    3.071463461    3.581489013
   -1.808795770    2.443460953  -93.258554404   -2.633950129    7.379172208
   -1.618396215    2.443460953  -93.953151560   -3.505288586   11.195624174
   -1.427996661    2.443460953  -94.090995215    3.369941308   14.586198049
   -1.237597106    2.443460953  -92.224757384   17.058765683   17.087469673
   -1.047197551    2.443460953  -87.415315501   33.385851725   18.428531231
   -0.856797996    2.443460953  -79.662293181   47.114163457   18.640078728
   -0.666398442    2.443460953  -69.883296727   54.104044255   17.985899220
   -0.475998887    2.443460953  -59.566006585   52.734908137   16.775140093
   -0.285599332    2.443460953  -50.269605262   43.675362685   15.173368782
   -0.095199777    2.443460953  -43.266175559   29.119307017   13.104935684
    0.095199777    2.443460953  -39.326730164   12.035089132   10.317489863
    0.285599332    2.443460953  -38.608401203   -4.092085161    6.562661141
    0.475998887    2.443460953  -40.570331781  -15.518517023    1.849614489
    0.666398442    2.443460953  -43.991428284  -18.986482356   -3.389838125
    0.856797996    2.443460953  -47.186744439  -13.218872990   -8.330483554
    1.047197551    2.443460953  -48.519099342    0.047983104  -12.042258756
    1.237597106    2.443460953  -46.979689425   15.977125661  -13.891640347
    1.427996661    2.443460953  -42.643088273   28.459713118  -13.848616677
    1.618396215    2.443460953  -36.681867889   32.437172859  -12.488917046
    1.808795770    2.443460953  -30.970810921   25.736551014  -10.715800450
    1.999195325    2.443460953  -27.488976759    9.462393195   -9.369369343
    2.189594880    2.443460953  -27.750627559  -12.849513325   -8.938869725
    2.379994435    2.443460953  -32.459679594  -36.401449415   -9.457832951
    2.570393989    2.443460953  -41.373179393  -56.200407085  -10.576188962
    2.760793544    2.443460953  -53.349216979  -67.962848702  -11.731857464
    2.951193099    2.443460953  -66.565652945  -68.993736781  -12.358812577

   -3.141592654    2.792526803  -81.927680359  -57.976564491    0.461072880
   -2.951193099    2.792526803  -91.218238308  -38.786899145    2.521933764
   -2.760793544    2.792526803  -96.516698277  -17.025718695    4.607098916
   -2.570393989    2.792526803  -97.919715300    1.224979619    6.579959417
   -2.379994435    2.792526803  -96.552236561   11.625852357    8.513920246
   -2.189594880    2.792526803  -94.055966126   13.261771809   10.677395501
   -1.999195325    2.792526803  -91.884273757    8.952340938   13.355282495
   -1.808795770    2.792526803  -90.696666160    3.855904102   16.608383173
   -1.618396215    2.792526803  -90.138952377    3.030015690   20.124130278
   -1.427996661    2.792526803  -89.095264207    9.091632577   23.276260499
   -1.237597106    2.792526803  -86.284085104   21.146113605   25.375669669
   -1.047197551    2.792526803  -80.892781815   35.374204027   25.963667282
   -0.856797996    2.792526803  -72.963874796   47.001840733   24.984179509
   -0.666398442    2.792526803  -63.383030070   52.187306765   22.729506014
   -0.475998887    2.792526803  -53.577608053   49.305914749   19.634197253
   -0.285599332    2.792526803  -45.071693803   38.786571315   16.026861744
   -0.095199777    2.792526803  -39.152084543   22.585873011   12.003874159
    0.095199777    2.792526803  -36.628824422    3.682175099    7.475672772
    0.285599332    2.792526803  -37.660762594  -14.034201947    2.362866165
    0.475998887    2.792526803  -41.599849669  -26.126129110   -3.162958654
    0.666398442    2.792526803  -46.982297718  -28.673651028   -8.554307128
    0.856797996    2.792526803  -51.792758925  -20.213170393  -12.985309502
    1.047197551    2.792526803  -54.096782964   -3.028809177  -15.665444669
    1.237597106    2.792526803  -52.753919810   16.908403149  -16.219029722
    1.427996661    2.792526803  -47.939198052   32.294068709  -14.882060402
    1.618396215    2.792526803  -41.112309192   37.385043211  -12.393164028
    1.808795770    2.792526803  -34.494474629   30.078229516   -9.646053364
    1.999195325    2.792526803  -30.336147194   12.126427560   -7.317216368
    2.189594880    2.792526803  -30.275543551  -12.095594691   -5.674451626
    2.379994435    2.792526803  -34.991626699  -37.109007517   -4.595641096
    2.570393989    2.792526803  -44.114807534  -57.542287316   -3.738186667
    2.760793544    2.792526803  -56.335002103  -69.046630820   -2.733794634
    2.951193099    2.792526803  -69.674229226  -69.117799541   -1.344792084
