#! FIELDS phi psi file.free der_phi der_psi
#! SET min_phi -pi
#! SET max_phi pi
#! SET nbins_phi  33
#! SET periodic_phi true
#! SET min_psi -pi
#! SET max_psi pi
#! SET nbins_psi  18
#! SET periodic_psi true
   -3.141592654   -3.141592654  -83.475013540  -53.970933328   15.068785722
   -2.951193099   -3.141592654  -92.065363437  -35.552557196   17.816333727
   -2.760793544   -3.141592654  -96.852007561  -14.917981403   19.688945515
   -2.570393989   -3.141592654  -97.950745691    2.389168583   20.738562072
   -2.379994435   -3.141592654  -96.394119811   12.598003241   21.356468654
   -2.189594880   -3.141592654  -93.649521882   15.057294929   22.132874763
   -1.999195325   -3.141592654  -90.993836308   12.310731004   23.575947483
   -1.808795770   -3.141592654  -89.009100192    8.797958844   25.828736565
   -1.618396215   -3.141592654  -87.417231178    8.756846351   28.530167693
   -1.427996661   -3.141592654  -85.311499992   14.279883916   30.920953666
   -1.237597106   -3.141592654  -81.670156636   24.488564145   32.153404365
   -1.047197551   -3.141592654  -75.889547544   36.045757893   31.638552779
   -0.856797996   -3.141592654  -68.104737641   44.841613846   29.260986421
   -0.666398442   -3.141592654  -59.180462303   47.539053012   25.348029365
   -0.475998887   -3.141592654  -50.457797174   42.659921001   20.465568066
   -0.285599332   -3.141592654  -43.377266021   30.504954664   15.129752844
   -0.095199777   -3.141592654  -39.175608986   12.844431231    9.643742838
    0.095199777   -3.141592654  -38.631583983   -7.316277125    4.092658066
    0.285599332   -3.141592654  -41.837188436  -25.736342346   -1.480486090
    0.475998887   -3.141592654  -47.988636001  -37.430033802   -6.861459912
    0.666398442   -3.141592654  -55.365808364  -38.048575602  -11.554205203
    0.856797996   -3.141592654  -61.655890678  -26.154449334  -14.894769854
    1.047197551   -3.141592654  -64.689777695   -4.681827815  -16.334095103
    1.237597106   -3.141592654  -63.260458723   19.357424721  -15.749412774
    1.427996661   -3.141592654  -57.677061624   37.666584663  -13.535910898
    1.618396215   -3.141592654  -49.679622794   44.029064021  -10.423165701
    1.808795770   -3.141592654  -41.797863680   36.515984239   -7.127341078
    1.999195325   -3.141592654  -36.506060602   17.526514423   -4.051746261
    2.189594880   -3.141592654  -35.527237764   -7.807577682   -1.214469148
    2.379994435   -3.141592654  -39.498519841  -33.472450268    1.620849556
    2.570393989   -3.141592654  -47.942451277  -53.956924839    4.707062219
    2.760793544   -3.141592654  -59.450748978  -65.135924550    8.123898132
    2.951193099   -3.141592654  -72.013150245  -64.933548579   11.699564893

   -3.141592654   -2.792526803  -76.445738053  -48.492093063   22.701515143
   -2.951193099   -2.792526803  -84.187985204  -32.197342699   25.420305140
   -2.760793544   -2.792526803  -88.545297252  -13.713971120   26.860014864
   -2.570393989   -2.792526803  -89.570304235    2.125457362   27.238521221
   -2.379994435   -2.792526803  -88.110486613   12.068837040   27.108140814
   -2.189594880   -2.792526803  -85.388982288   15.527332262   27.143284360
   -1.999195325   -2.792526803  -82.481064423   14.550368056   27.839317594
   -1.808795770   -2.792526803  -79.905006759   12.660501471   29.264561708
   -1.618396215   -2.792526803  -77.504853410   13.134130997   30.980691048
   -1.427996661   -2.792526803  -74.648922051   17.492189925   32.196466479
   -1.237597106   -2.792526803  -70.638686306   24.937004223   32.094209990
   -1.047197551   -2.792526803  -65.115994441   32.832906647   30.162930416
   -0.856797996   -2.792526803  -58.294196298   38.040675144   26.387072112
   -0.666398442   -2.792526803  -50.941413525   38.043923449   21.199035560
   -0.475998887   -2.792526803  -44.186323677   31.702122348   15.268673846
   -0.285599332   -2.792526803  -39.242125468   19.186882361    9.208324834
   -0.095199777   -2.792526803  -37.170580550    1.879264159    3.410368577
    0.095199777   -2.792526803  -38.647856827  -17.521792201   -1.970998365
    0.285599332   -2.792526803  -43.696615582  -34.812073448   -6.860061838
    0.475998887   -2.792526803  -51.425723235  -44.800939836  -11.084723508
    0.666398442   -2.792526803  -59.985085138  -42.959799999  -14.294657462
    0.856797996   -2.792526803  -66.924093061  -27.966153164  -16.073995583
    1.047197551   -2.792526803  -69.995621738   -3.289601243  -16.154700412
    1.237597106   -2.792526803  -68.039659581   23.357842855  -14.625649087
    1.427996661   -2.792526803  -61.532365508   43.181754367  -11.926626177
    1.618396215   -2.792526803  -52.429728221   49.973589954   -8.648240778
    1.808795770   -2.792526803  -43.429567672   42.274069925   -5.250251956
    1.999195325   -2.792526803  -37.062509023   23.110759997   -1.878436164
    2.189594880   -2.792526803  -35.004642789   -1.971461704    1.607600679
    2.379994435   -2.792526803  -37.804541596  -26.959127413    5.448918904
    2.570393989   -2.792526803  -44.934457896  -46.704720894    9.755685116
    2.760793544   -2.792526803  -55.022463353  -57.594769100   14.368709904
    2.951193099   -2.792526803  -66.186114907  -57.954567953   18.864254088

   -3.141592654   -2.443460953  -68.504977679  -42.724058746   21.324286878
   -2.951193099   -2.443460953  -75.358981774  -28.679436321   23.394240367
   -2.760793544   -2.443460953  -79.256025646  -12.329334575   24.312292998
   -2.570393989   -2.443460953  -80.165723716    2.115402684   24.349896807
   -2.379994435   -2.443460953  -78.754728308   11.758957483   23.979273089
   -2.189594880   -2.443460953  -76.037698794   15.921758498   23.689853314
   -1.999195325   -2.443460953  -72.945948453   16.093851421   23.779744778
   -1.808795770   -2.443460953  -69.991763008   14.950642681   24.211088001
   -1.618396215   -2.443460953  -67.173018943   15.001154265   24.588098950
   -1.427996661   -2.443460953  -64.121215129   17.444104151   24.298891231
   -1.237597106   -2.443460953  -60.404550235   21.766298268   22.775934204
   -1.047197551   -2.443460953  -55.824918101   26.124706767   19.749372132
   -0.856797996   -2.443460953  -50.583309042   28.320993210   15.371285021
   -0.666398442   -2.443460953  -45.273787555   26.561819214   10.145593093
   -0.475998887   -2.443460953  -40.757299324   19.912148193    4.725539017
   -0.285599332   -2.443460953  -37.990147563    8.277779677   -0.351518448
   -0.095199777   -2.443460953  -37.856567978   -7.499985954   -4.797372197
    0.095199777   -2.443460953  -40.957815077  -25.188867606   -8.572518441
    0.285599332   -2.443460953  -47.305224884  -40.779197737  -11.728912521
    0.475998887   -2.443460953  -56.004677273  -48.984889339  -14.248458261
    0.666398442   -2.443460953  -65.172811706  -45.113357446  -15.961665223
    0.856797996   -2.443460953  -72.309011121  -27.838025904  -16.626002840
    1.047197551   -2.443460953  -75.140904689   -0.931300996  -16.073996676
    1.237597106   -2.443460953  -72.558644181   27.479385415  -14.372240938
    1.427996661   -2.443460953  -65.158267693   48.316502215  -11.813155523
    1.618396215   -2.443460953  -55.036696652   55.456784336   -8.781722475
    1.808795770   -2.443460953  -44.984550432   47.835319465   -5.559583955
    1.999195325   -2.443460953  -37.538171547   28.943391035   -2.209739773
    2.189594880   -2.443460953  -34.310406694    4.548702096    1.383160145
    2.379994435   -2.443460953  -35.778590539  -19.483143034    5.353453809
    2.570393989   -2.443460953  -41.402993755  -38.446435535    9.673914204
    2.760793544   -2.443460953  -49.892681240  -49.220204579   14.077955323
    2.951193099   -2.443460953  -59.525609917  -50.427211859   18.115740668

   -3.141592654   -2.094395102  -62.287329329  -38.590746305   14.129113014
   -2.951193099   -2.094395102  -68.515717804  -26.249218447   15.320274261
   -2.760793544   -2.094395102  -72.101957442  -11.451101127   15.841341551
   -2.570393989   -2.094395102  -72.959571911    1.868449321   15.893310646
   -2.379994435   -2.094395102  -71.661373742   10.908232039   15.685159454
   -2.189594880   -2.094395102  -69.129223347   14.878126634   15.351773250
   -1.999195325   -2.094395102  -66.242325296   14.971217692   14.903636700
   -1.808795770   -2.094395102  -63.529187988   13.462557253   14.217091386
   -1.618396215   -2.094395102  -61.075434175   12.540236480   13.063198845
   -1.427996661   -2.094395102  -58.638724127   13.353125615   11.193776334
   -1.237597106   -2.094395102  -55.889920026   15.683801847    8.467608499
   -1.047197551   -2.094395102  -52.648303409   18.250595963    4.958495584
   -0.856797996   -2.094395102  -49.019812439   19.426484953    0.971620630
   -0.666398442   -2.094395102  -45.414785218   17.755643411   -3.047767278
   -0.475998887   -2.094395102  -42.483958419   12.211024286   -6.667525451
   -0.285599332   -2.094395102  -41.028000425    2.267480757   -9.632894417
   -0.095199777   -2.094395102  -41.872323814  -11.792716149  -11.915481611
    0.095199777   -2.094395102  -45.654553398  -28.115348249  -13.667058299
    0.285599332   -2.094395102  -52.463196630  -42.744471981  -15.071055071
    0.475998887   -2.094395102  -61.461645300  -50.150208014  -16.208289311
    0.666398442   -2.094395102  -70.766060442  -45.331442427  -16.988382220
    0.856797996   -2.094395102  -77.830395714  -26.805645214  -17.204790162
    1.047197551   -2.094395102  -80.331947134    1.516216709  -16.639611212
    1.237597106   -2.094395102  -77.157299447   31.207954167  -15.215829988
    1.427996661   -2.094395102  -68.955157506   52.929744304  -13.028780220
    1.618396215   -2.094395102  -57.904900356   60.532782421  -10.302288682
    1.808795770   -2.094395102  -46.861049949   53.155095510   -7.263265663
    1.999195325   -2.094395102  -38.374475401   34.569712530   -4.048233810
    2.189594880   -2.094395102  -34.030893919   10.665085912   -0.696786477
    2.379994435   -2.094395102  -34.281035118  -12.826670866    2.765883753
    2.570393989   -2.094395102  -38.604695348  -31.520024332    6.224684727
    2.760793544   -2.094395102  -45.792791727  -42.595703508    9.447911371
    2.951193099   -2.094395102  -54.246854537  -44.782248929   12.152080106

   -3.141592654   -1.745329252  -59.110649747  -36.957293597    6.119343542
   -2.951193099   -1.745329252  -65.125494407  -25.595243402    6.219793701
   -2.760793544   -1.745329252  -68.654672625  -11.462074786    6.086306071
   -2.570393989   -1.745329252  -69.555436015    1.451899991    5.857535292
   -2.379994435   -1.745329252  -68.368965459   10.143105910    5.516833345
   -2.189594880   -1.745329252  -66.028101859   13.585000709    4.899236734
   -1.999195325   -1.745329252  -63.464835311   12.795464170    3.786534896
   -1.808795770   -1.745329252  -61.282661380    9.999365840    2.027180625
   -1.618396215   -1.745329252  -59.634640527    7.517776029   -0.387649144
   -1.427996661   -1.745329252  -58.301318437    6.834433547   -3.309705363
   -1.237597106   -1.745329252  -56.899732318    8.184490894   -6.470172442
   -1.047197551   -1.745329252  -55.109704731   10.686068161   -9.537347543
   -0.856797996   -1.745329252  -52.843690727   12.855033587  -12.192579335
   -0.666398442   -1.745329252  -50.324243814   13.038564940  -14.195717293
   -0.475998887   -1.745329252  -48.081961752    9.706926541  -15.434528934
   -0.285599332   -1.745329252  -46.906257065    1.752933340  -15.964757252
   -0.095199777   -1.745329252  -47.710815526  -10.993344937  -15.984318506
    0.095199777   -1.745329252  -51.281859246  -26.824897612  -15.780414473
    0.285599332   -1.745329252  -57.853957664  -41.629389436  -15.614648631
    0.475998887   -1.745329252  -66.684022537  -49.501792164  -15.625532186
    0.666398442   -1.745329252  -75.901889229  -45.019407557  -15.766437089
    0.856797996   -1.745329252  -82.905043293  -26.376298422  -15.828095669
    1.047197551   -1.745329252  -85.271485774    2.582570986  -15.513809250
    1.237597106   -1.745329252  -81.800846903   33.284604798  -14.585110082
    1.427996661   -1.745329252  -73.097285403   56.096852932  -12.949177953
    1.618396215   -1.745329252  -61.351499909   64.618981963  -10.694944199
    1.808795770   -1.745329252  -49.463962693   57.872807297   -8.028193013
    1.999195325   -1.745329252  -40.038916812   39.662234591   -5.180740023
    2.189594880   -1.745329252  -34.706242732   15.922603868   -2.347563430
    2.379994435   -1.745329252  -33.957852389   -7.649352942    0.307245913
    2.570393989   -1.745329252  -37.329599950  -26.768640717    2.614867081
    2.760793544   -1.745329252  -43.684527543  -38.664187593    4.405422676
    2.951193099   -1.745329252  -51.493321568  -41.968589093    5.566424147

   -3.141592654   -1.396263402  -60.022997652  -38.565288445    3.763174231
   -2.951193099   -1.396263402  -66.333542493  -26.996183710    3.142715307
   -2.760793544   -1.396263402  -70.070318922  -12.215453172    2.359241210
   -2.570393989   -1.396263402  -71.052091505    1.292298917    1.525603877
   -2.379994435   -1.396263402  -69.882565096    9.993128053    0.551984373
   -2.189594880   -1.396263402  -67.637545100   12.581356306   -0.821317170
   -1.999195325   -1.396263402  -65.407983037   10.202508078   -2.871658946
   -1.808795770   -1.396263402  -63.895775193    5.565567879   -5.711763402
   -1.618396215   -1.396263402  -63.241568490    1.628727068   -9.178473872
   -1.427996661   -1.396263402  -63.097842861    0.413776628  -12.849379209
   -1.237597106   -1.396263402  -62.877585050    2.397391871  -16.175876790
   -1.047197551   -1.396263402  -62.044368446    6.573095852  -18.657622753
   -0.856797996   -1.396263402  -60.348673888   11.034512924  -19.996284628
   -0.666398442   -1.396263402  -57.946844126   13.586619803  -20.153373807
   -0.475998887   -1.396263402  -55.405406044   12.185014154  -19.321831365
   -0.285599332   -1.396263402  -53.634866716    5.374287813  -17.850061829
   -0.095199777   -1.396263402  -53.715504141   -7.168577827  -16.131204086
    0.095199777   -1.396263402  -56.609617511  -23.666419463  -14.528237208
    0.285599332   -1.396263402  -62.695499120  -39.749421888  -13.283228554
    0.475998887   -1.396263402  -71.308498027  -49.091356931  -12.477715150
    0.666398442   -1.396263402  -80.566939274  -45.765731711  -12.020588947
    0.856797996   -1.396263402  -87.764514275  -27.524421830  -11.693255986
    1.047197551   -1.396263402  -90.311429429    1.979009674  -11.219280954
    1.237597106   -1.396263402  -86.837359084   34.012641697  -10.377243310
    1.427996661   -1.396263402  -77.837667620   58.471234584   -9.060417347
    1.618396215   -1.396263402  -65.497122367   68.401203448   -7.304539594
    1.808795770   -1.396263402  -52.804016921   62.416428637   -5.244740851
    1.999195325   -1.396263402  -42.501933406   44.199446979   -3.053864502
    2.189594880   -1.396263402  -36.360095937   19.784491274   -0.900228061
    2.379994435   -1.396263402  -34.979469057   -4.934458823    1.049222890
    2.570393989   -1.396263402  -37.964884663  -25.449996474    2.614362323
    2.760793544   -1.396263402  -44.203226228  -38.730349230    3.624581862
    2.951193099   -1.396263402  -52.134180936  -43.103097080    3.988782994

   -3.141592654   -1.047197551  -62.069754160  -41.771753219    3.861843126
   -2.951193099   -1.047197551  -68.969720187  -29.882873790    2.325603302
   -2.760793544   -1.047197551  -73.187865401  -14.362927328    0.581706694
   -2.570393989   -1.047197551  -74.512748764   -0.237183970   -1.190619568
   -2.379994435   -1.047197551  -73.625453118    8.414333701   -3.031678129
   -2.189594880   -1.047197551  -71.756584950   10.070030325   -5.188965223
   -1.999195325   -1.047197551  -70.146001097    6.161616122   -7.945968064
   -1.808795770   -1.047197551  -69.547271148    0.097333308  -11.387018371
   -1.618396215   -1.047197551  -70.005198005   -4.381356116  -15.237537437
   -1.427996661   -1.047197551  -70.950646884   -4.777242379  -18.893746296
   -1.237597106   -1.047197551  -71.534982737   -0.677475492  -21.636535369
   -1.047197551   -1.047197551  -71.022252541    6.339551154  -22.915691851
   -0.856797996   -1.047197551  -69.099581665   13.575897889  -22.563578901
   -0.666398442   -1.047197551  -66.004075319   18.160256346  -20.827826480
   -0.475998887   -1.047197551  -62.483522172   17.692574738  -18.239554458
   -0.285599332   -1.047197551  -59.664065987   10.717447518  -15.406451524
   -0.095199777   -1.047197551  -58.814194911   -2.858947947  -12.807093605
    0.095199777   -1.047197551  -61.027553271  -20.872830282  -10.694933462
    0.285599332   -1.047197551  -66.734380142  -38.536882140   -9.073258857
    0.475998887   -1.047197551  -75.243088870  -49.124257504   -7.782175350
    0.666398442   -1.047197551  -84.576287140  -46.403133217   -6.617804467
    0.856797996   -1.047197551  -91.890646109  -27.997845825   -5.444430552
    1.047197551   -1.047197551  -94.456092671    2.330051400   -4.229431734
    1.237597106   -1.047197551  -90.804313506   35.542932659   -3.015787226
    1.427996661   -1.047197551  -81.400973197   61.130126644   -1.842265576
    1.618396215   -1.047197551  -68.475176840   71.795409242   -0.701147459
    1.808795770   -1.047197551  -55.110845136   65.965865978    0.457137916
    1.999195325   -1.047197551  -44.164590574   47.322015567    1.674545163
    2.189594880   -1.047197551  -37.507573268   22.001109722    2.928639881
    2.379994435   -1.047197551  -35.819264197   -3.964171120    4.095627429
    2.570393989   -1.047197551  -38.754266079  -25.903546921    4.961669237
    2.760793544   -1.047197551  -45.212632386  -40.551489029    5.287130119
    2.951193099   -1.047197551  -53.594835114  -45.934413181    4.915493105

   -3.141592654   -0.698131701  -62.219915830  -45.615246690    2.771168327
   -2.951193099   -0.698131701  -69.892235406  -34.057106164    0.244944876
   -2.760793544   -0.698131701  -74.897833393  -18.405565095   -2.507404837
   -2.570393989   -0.698131701  -76.968099730   -4.045281223   -5.221940543
   -2.379994435   -0.698131701  -76.807559007    4.503393678   -7.855571627
   -2.189594880   -0.698131701  -75.737459903    5.504919539  -10.595610521
   -1.999195325   -0.698131701  -75.088208983    0.619193095  -13.676517558
   -1.808795770   -0.698131701  -75.619369223   -6.112048485  -17.112139156
   -1.618396215   -0.698131701  -77.246614275  -10.233100946  -20.520549774
   -1.427996661   -0.698131701  -79.161677902   -8.870999182  -23.193675021
   -1.237597106   -0.698131701  -80.260296607   -1.833730060  -24.392436211
   -1.047197551   -0.698131701  -79.646795678    8.548750092  -23.701969049
   -0.856797996   -0.698131701  -77.016988988   18.637426895  -21.243913188
   -0.666398442   -0.698131701  -72.780566335   24.837459374  -17.625285317
   -0.475998887   -0.698131701  -67.953100239   24.495067190  -13.680290407
   -0.285599332   -0.698131701  -63.928996174   16.402105958  -10.140462065
   -0.095199777   -0.698131701  -62.161387316    1.035194773   -7.376043697
    0.095199777   -0.698131701  -63.806997925  -18.748098937   -5.328987452
    0.285599332   -0.698131701  -69.235185342  -37.607665571   -3.610777683
    0.475998887   -0.698131701  -77.614722913  -48.559337911   -1.764908548
    0.666398442   -0.698131701  -86.813830751  -45.475195453    0.456482241
    0.856797996   -0.698131701  -93.882989930  -26.341200661    2.931826212
    1.047197551   -0.698131701  -96.063506893    4.661397066    5.236730333
    1.237597106   -0.698131701  -91.926722834   38.232037857    6.896026375
    1.427996661   -0.698131701  -82.005330224   63.823443596    7.669330020
    1.618396215   -0.698131701  -68.585502759   74.261184369    7.669829876
    1.808795770   -0.698131701  -54.781694624   68.106096721    7.266322752
    1.999195325   -0.698131701  -43.462916421   49.082726915    6.856980725
    2.189594880   -0.698131701  -36.515316159   23.262797588    6.662114116
    2.379994435   -0.698131701  -34.652285293   -3.436545542    6.638177319
    2.570393989   -0.698131701  -37.580743232  -26.409833042    6.525892848
    2.760793544   -0.698131701  -44.252689319  -42.306270569    5.982250119
    2.951193099   -0.698131701  -53.087929519  -48.907889259    4.747897619

   -3.141592654   -0.349065850  -61.548163460  -50.452902293    1.643676968
   -2.951193099   -0.349065850  -70.221564414  -39.608989280   -1.208653369
   -2.760793544   -0.349065850  -76.299681170  -24.008932723   -4.236964452
   -2.570393989   -0.349065850  -79.405265627   -9.279888727   -7.191279256
   -2.379994435   -0.349065850  -80.205053561   -0.389168438   -9.996430106
   -2.189594880   -0.349065850  -80.059948075    0.623847976  -12.757685579
   -1.999195325   -0.349065850  -80.358611127   -4.451283643  -15.592928573
   -1.808795770   -0.349065850  -81.850015390  -11.006887618  -18.399242211
   -1.618396215   -0.349065850  -84.316737830  -13.945620979  -20.725723982
   -1.427996661   -0.349065850  -86.726207098  -10.149703551  -21.894684220
   -1.237597106   -0.349065850  -87.763937351    0.162909098  -21.327462957
   -1.047197551   -0.349065850  -86.456239674   13.741411527  -18.885590751
   -0.856797996   -0.349065850  -82.612569568   25.949235724  -15.008639554
   -0.666398442   -0.349065850  -76.913425370   32.592770365  -10.558663636
   -0.475998887   -0.349065850  -70.698711320   31.076287532   -6.468163330
   -0.285599332   -0.349065850  -65.616012230   20.854114169   -3.355765693
   -0.095199777   -0.349065850  -63.209655360    3.368359335   -1.297003064
    0.095199777   -0.349065850  -64.546048909  -17.629922919    0.161327869
    0.285599332   -0.349065850  -69.771737520  -36.377129023    1.754142081
    0.475998887   -0.349065850  -77.813640495  -46.119932050    4.095536101
    0.666398442   -0.349065850  -86.400540794  -41.531263869    7.316318053
    0.856797996   -0.349065850  -92.619883189  -21.549939707   10.934565803
    1.047197551   -0.349065850  -93.902882599    9.061654538   14.068456996
    1.237597106   -0.349065850  -89.057388367   41.128359376   15.890613215
    1.427996661   -0.349065850  -78.767643746   64.796923739   16.055517577
    1.618396215   -0.349065850  -65.319998925   73.699275058   14.830354908
    1.808795770   -0.349065850  -51.704139306   66.847490049   12.884946150
    1.999195325   -0.349065850  -40.628545210   47.884912714   10.913085714
    2.189594880   -0.349065850  -33.874627605   22.430820187    9.323238459
    2.379994435   -0.349065850  -32.150004417   -4.131541573    8.140096934
    2.570393989   -0.349065850  -35.242758420  -27.549158194    7.098948931
    2.760793544   -0.349065850  -42.223915090  -44.502671197    5.828718303
    2.951193099   -0.349065850  -51.607405420  -52.493848576    4.039324301

   -3.141592654    0.000000000  -61.127795807  -55.186176691    0.171588149
   -2.951193099    0.000000000  -70.762710079  -44.879462047   -2.423506770
   -2.760793544    0.000000000  -77.860147319  -29.358780076   -5.090020906
   -2.570393989    0.000000000  -81.965045672  -14.391394978   -7.653419428
   -2.379994435    0.000000000  -83.709919661   -5.217319720  -10.061068442
   -2.189594880    0.000000000  -84.464940829   -4.008256609  -12.367443100
   -1.999195325    0.000000000  -85.620702894   -8.761379967  -14.584640665
   -1.808795770    0.000000000  -87.856650131  -14.365364351  -16.507916765
   -1.618396215    0.000000000  -90.790446854  -15.299807155  -17.663928808
   -1.427996661    0.000000000  -93.185808173   -8.518742904  -17.484148710
   -1.237597106    0.000000000  -93.599143373    5.053012342  -15.627056434
   -1.047197551    0.000000000  -91.102999278   21.115676673  -12.246586035
   -0.856797996    0.000000000  -85.744588990   34.170831190   -8.013246047
   -0.666398442    0.000000000  -78.548609182   39.806747628   -3.852341559
   -0.475998887    0.000000000  -71.166822124   35.980798063   -0.551981986
   -0.285599332    0.000000000  -65.397454273   23.216987281    1.586840580
   -0.095199777    0.000000000  -62.718310061    4.094085465    2.862821974
    0.095199777    0.000000000  -63.944445592  -16.901266973    4.035665589
    0.285599332    0.000000000  -68.896972811  -34.012042496    5.960627172
    0.475998887    0.000000000  -76.256536219  -41.288245961    9.143149035
    0.666398442    0.000000000  -83.714183359  -34.705200622   13.411262464
    0.856797996    0.000000000  -88.566710980  -14.375430020   17.898911405
    1.047197551    0.000000000  -88.613841224   14.534348380   21.397398319
    1.237597106    0.000000000  -83.012084758   43.448497357   22.927090171
    1.427996661    0.000000000  -72.608371248   63.755501083   22.194115333
    1.618396215    0.000000000  -59.610105594   70.254263964   19.669633430
    1.808795770    0.000000000  -46.762490186   62.474012320   16.276231846
    1.999195325    0.000000000  -36.506549102   43.805336814   12.915957069
    2.189594880    0.000000000  -30.452926392   19.180297874   10.120615384
    2.379994435    0.000000000  -29.276607259   -6.710051758    7.965508559
    2.570393989    0.000000000  -32.839956750  -30.022070127    6.203691867
    2.760793544    0.000000000  -40.331729245  -47.484776723    4.477234457
    2.951193099    0.000000000  -50.363736263  -56.357301209    2.502063623

   -3.141592654    0.349065850  -59.958010550  -58.014233222    0.044124677
   -2.951193099    0.349065850  -70.192441274  -48.314282635   -1.437490230
   -2.760793544    0.349065850  -77.994152136  -33.274214516   -2.917925401
   -2.570393989    0.349065850  -82.876273282  -18.601442951   -4.408347121
   -2.379994435    0.349065850  -85.436476015   -9.539236650   -5.939995130
   -2.189594880    0.349065850  -87.007035537   -8.195576632   -7.524429095
   -1.999195325    0.349065850  -88.913376577  -12.353747285   -9.063208767
   -1.808795770    0.349065850  -91.719401637  -16.615979142  -10.284575448
   -1.618396215    0.349065850  -94.886430443  -15.369369017  -10.777998403
   -1.427996661    0.349065850  -97.042667908   -5.903477891  -10.166861832
   -1.237597106    0.349065850  -96.715043762   10.103170548   -8.340021041
   -1.047197551    0.349065850  -93.105553229   27.516923150   -5.587658736
   -0.856797996    0.349065850  -86.522174282   40.373259335   -2.527065228
   -0.666398442    0.349065850  -78.277609688   44.442472511    0.168315331
   -0.475998887    0.349065850  -70.215548953   38.487063615    2.080876869
   -0.285599332    0.349065850  -64.139366851   24.098819589    3.275056414
   -0.095199777    0.349065850  -61.340495094    4.746457197    4.278194445
    0.095199777    0.349065850  -62.327676846  -14.775575418    5.870329505
    0.285599332    0.349065850  -66.629247241  -29.175653316    8.704444158
    0.475998887    0.349065850  -72.790562333  -33.648258678   12.937087762
    0.666398442    0.349065850  -78.619235571  -25.568824850   18.026790507
    0.856797996    0.349065850  -81.767846910   -6.049050457   22.849765725
    1.047197551    0.349065850  -80.496993416   19.710763597   26.125034302
    1.237597106    0.349065850  -74.327088816   44.143553063   26.976542343
    1.427996661    0.349065850  -64.213497978   60.184598146   25.302637721
    1.618396215    0.349065850  -52.189406771   63.918486147   21.760701706
    1.808795770    0.349065850  -40.654077803   55.347578165   17.394551570
    1.999195325    0.349065850  -31.698481708   37.475437340   13.159805282
    2.189594880    0.349065850  -26.707387197   14.399609118    9.615492015
    2.379994435    0.349065850  -26.292834178   -9.990713817    6.879554475
    2.570393989    0.349065850  -30.378745256  -32.339673711    4.784863633
    2.760793544    0.349065850  -38.273486343  -49.509227946    3.074895472
    2.951193099    0.349065850  -48.708294125  -58.634226998    1.535720496

   -3.141592654    0.698131701  -58.633833267  -59.040168390   -0.381531212
   -2.951193099    0.698131701  -69.091419352  -49.635248272   -0.551371401
   -2.760793544    0.698131701  -77.183224607  -34.986906515   -0.619402726
   -2.570393989    0.698131701  -82.427561290  -20.671133138   -0.777920765
   -2.379994435    0.698131701  -85.405759935  -11.829109777   -1.157692760
   -2.189594880    0.698131701  -87.416330721  -10.477039198   -1.777931254
   -1.999195325    0.698131701  -89.730797034  -14.291166541   -2.524954535
   -1.808795770    0.698131701  -92.839068777  -17.776779944   -3.180467744
   -1.618396215    0.698131701  -96.120575713  -15.356085235   -3.494434383
   -1.427996661    0.698131701  -98.148110558   -4.572112462   -3.290161638
   -1.237597106    0.698131701  -97.459953393   12.467806245   -2.556381812
   -1.047197551    0.698131701  -93.352658165   30.240463260   -1.464179048
   -0.856797996    0.698131701  -86.280089824   42.670101680   -0.278946924
   -0.666398442    0.698131701  -77.682363871   45.820443466    0.800305349
   -0.475998887    0.698131701  -69.440290869   39.091970801    1.780583655
   -0.285599332    0.698131701  -63.259798774   24.773345423    2.949396966
   -0.095199777    0.698131701  -60.224272928    6.785448838    4.776354119
    0.095199777    0.698131701  -60.595287771  -10.186916748    7.726866112
    0.285599332    0.698131701  -63.735993078  -21.588153226   11.977951311
    0.475998887    0.698131701  -68.215614354  -23.808069787   17.209071327
    0.666398442    0.698131701  -72.101890580  -15.407069761   22.564339010
    0.856797996    0.698131701  -73.483541803    1.925131553   26.876153995
    1.047197551    0.698131701  -71.076044409   23.415634654   29.076216535
    1.237597106    0.698131701  -64.682202973   42.796785497   28.639109307
    1.427996661    0.698131701  -55.254909165   54.575253475   25.778356132
    1.618396215    0.698131701  -44.560969808   55.919576982   21.317333400
    1.808795770    0.698131701  -34.608043112   47.039982291   16.303556676
    1.999195325    0.698131701  -27.136505013   30.375660546   11.603849626
    2.189594880    0.698131701  -23.323820630    9.157288190    7.696754427
    2.379994435    0.698131701  -23.731659612  -13.442146969    4.694407288
    2.570393989    0.698131701  -28.338379582  -34.447132678    2.510222734
    2.760793544    0.698131701  -36.549441169  -50.813295883    1.013605502
    2.951193099    0.698131701  -47.195454855  -59.613859979    0.089438982

   -3.141592654    1.047197551  -59.748672506  -59.183143388   -5.095327139
   -2.951193099    1.047197551  -70.165971217  -49.106014567   -4.460082874
   -2.760793544    1.047197551  -78.123980049  -34.165013825   -3.420816257
   -2.570393989    1.047197551  -83.214542075  -19.926639990   -2.307472880
   -2.379994435    1.047197551  -86.078732561  -11.399367115   -1.376606808
   -2.189594880    1.047197551  -88.042691263  -10.405795070   -0.747310602
   -1.999195325    1.047197551  -90.368811677  -14.451345987   -0.412825113
   -1.808795770    1.047197551  -93.512936636  -17.958263572   -0.305878565
   -1.618396215    1.047197551  -96.816415338  -15.386164193   -0.356607812
   -1.427996661    1.047197551  -98.830278013   -4.407593349   -0.511623475
   -1.237597106    1.047197551  -98.097879974   12.736651436   -0.714667082
   -1.047197551    1.047197551  -93.939174787   30.483422284   -0.874220089
   -0.856797996    1.047197551  -86.824899672   42.879235773   -0.840283328
   -0.666398442    1.047197551  -78.172935224   46.246561448   -0.404136459
   -0.475998887    1.047197551  -69.786079959   40.311557000    0.676598094
   -0.285599332    1.047197551  -63.237081620   27.550827649    2.663340709
   -0.095199777    1.047197551  -59.467695730   11.804637412    5.753826781
    0.095199777    1.047197551  -58.648798648   -2.734349882    9.994048370
    0.285599332    1.047197551  -60.179588431  -12.308530923   15.123585964
    0.475998887    1.047197551  -62.828266977  -14.163737446   20.506444606
    0.666398442    1.047197551  -64.999965880   -7.383670662   25.197046158
    0.856797996    1.047197551  -65.160340379    6.465763075   28.203364335
    1.047197551    1.047197551  -62.309456572   23.463167786   28.823590138
    1.237597106    1.047197551  -56.327187752   38.564232145   26.940243190
    1.427996661    1.047197551  -48.016728536   47.355522281   23.040559086
    1.618396215    1.047197551  -38.842962658   47.465674340   17.999438234
    1.808795770    1.047197551  -30.491076451   38.877810347   12.722091495
    1.999195325    1.047197551  -24.470327256   23.381699627    7.852272823
    2.189594880    1.047197551  -21.855644313    3.562749523    3.694180136
    2.379994435    1.047197551  -23.203750250  -17.756563372    0.310085916
    2.570393989    1.047197551  -28.523499042  -37.638960874   -2.301335311
    2.760793544    1.047197551  -37.241516529  -52.943954184   -4.100871307
    2.951193099    1.047197551  -48.194080905  -60.698278002   -5.027579439

   -3.141592654    1.396263402  -64.326565698  -58.990221567  -10.551967880
   -2.951193099    1.396263402  -74.510979464  -46.926926511   -9.524493818
   -2.760793544    1.396263402  -81.917577717  -30.680638503   -7.888558510
   -2.570393989    1.396263402  -86.289358070  -15.997512479   -6.030330017
   -2.379994435    1.396263402  -88.423554636   -7.763090595   -4.238615945
   -2.189594880    1.396263402  -89.762566055   -7.531665490   -2.644854685
   -1.999195325    1.396263402  -91.633699208  -12.570894395   -1.276831900
   -1.808795770    1.396263402  -94.523019660  -17.175401729   -0.159573124
   -1.618396215    1.396263402  -97.784501600  -15.725866563    0.638266775
   -1.427996661    1.396263402  -99.960976600   -5.743279922    1.051509724
   -1.237597106    1.396263402  -99.546790134   10.810461898    1.116563634
   -1.047197551    1.396263402  -95.755446482   28.676804989    1.031790885
   -0.856797996    1.396263402  -88.902201599   42.087884203    1.130324262
   -0.666398442    1.396263402  -80.235642822   47.303607143    1.778047322
   -0.475998887    1.396263402  -71.423504973   43.787918109    3.256225181
   -0.285599332    1.396263402  -63.966440878   33.593832446    5.706403696
   -0.095199777    1.396263402  -58.824036949   20.090877942    9.077370610
    0.095199777    1.396263402  -56.277910316    6.932111573   13.109782924
    0.285599332    1.396263402  -55.940576991   -2.615367110   17.290250477
    0.475998887    1.396263402  -56.871403306   -6.097478243   20.903465532
    0.666398442    1.396263402  -57.787776750   -2.474952133   23.185818058
    0.856797996    1.396263402  -57.393973647    7.297157742   23.587573085
    1.047197551    1.396263402  -54.776793860   20.273437593   21.973054571
    1.237597106    1.396263402  -49.714276432   32.304723829   18.699391384
    1.427996661    1.396263402  -42.774836242   39.452999176   14.436757694
    1.618396215    1.396263402  -35.155076096   39.223629872    9.895450056
    1.808795770    1.396263402  -28.337329078   31.073498243    5.572684858
    1.999195325    1.396263402  -23.741344861   16.214971064    1.662903112
    2.189594880    1.396263402  -22.439011148   -3.080311780   -1.845113006
    2.379994435    1.396263402  -25.007179721  -23.910929153   -4.984777278
    2.570393989    1.396263402  -31.432273614  -43.012509200   -7.659203666
    2.760793544    1.396263402  -41.054879295  -56.953850899   -9.628499482
    2.951193099    1.396263402  -52.592975230  -62.742755680  -10.629853403

   -3.141592654    1.745329252  -70.341314000  -58.599344955  -16.251692349
   -2.951193099    1.745329252  -80.247758575  -44.489772228  -15.346077720
   -2.760793544    1.745329252  -87.048860560  -26.894316836  -13.513529754
   -2.570393989    1.745329252  -90.636746251  -11.678828153  -11.105706818
   -2.379994435    1.745329252  -91.951409447   -3.561789402   -8.418637984
   -2.189594880    1.745329252  -92.534965996   -3.846697930   -5.625644231
   -1.999195325    1.745329252  -93.772985541   -9.640046146   -2.836310847
   -1.808795770    1.745329252  -96.190205994  -15.176604840   -0.201885052
   -1.618396215    1.745329252  -99.168133795  -14.753112580    2.046928244
   -1.427996661    1.745329252 -101.247916569   -5.659324578    3.683955718
   -1.237597106    1.745329252 -100.864323100   10.503663757    4.637161923
   -1.047197551    1.745329252  -97.105677580   28.773345356    5.085581003
   -0.856797996    1.745329252  -90.126196408   43.436436971    5.422190890
   -0.666398442    1.745329252  -81.033225354   50.487920204    6.093351145
   -0.475998887    1.745329252  -71.425172626   48.942955540    7.406934737
   -0.285599332    1.745329252  -62.824069619   40.348689590    9.429117752
   -0.095199777    1.745329252  -56.304632247   27.634446586   11.946686153
    0.095199777    1.745329252  -52.338461100   14.080549528   14.523581132
    0.285599332    1.745329252  -50.785287137    2.776066302   16.569244822
    0.475998887    1.745329252  -50.956327711   -3.678843974   17.493961473
    0.666398442    1.745329252  -51.751788160   -3.647983978   16.897357932
    0.856797996    1.745329252  -51.908951031    2.806683816   14.758727118
    1.047197551    1.745329252  -50.377503164   13.601924348   11.460423190
    1.237597106    1.745329252  -46.673491872   24.945806698    7.664217052
    1.427996661    1.745329252  -41.098167066   32.629017524    4.006254300
    1.618396215    1.745329252  -34.680875820   33.430052851    0.850144475
    1.808795770    1.745329252  -28.882372541   26.075030717   -1.809866738
    1.999195325    1.745329252  -25.210577844   11.403520224   -4.244393784
    2.189594880    1.745329252  -24.848203783   -8.186002929   -6.758778556
    2.379994435    1.745329252  -28.420793706  -29.300052948   -9.470427512
    2.570393989    1.745329252  -35.857609594  -48.110960716  -12.198216560
    2.760793544    1.745329252  -46.354105686  -60.867667596  -14.523189322
    2.951193099    1.745329252  -58.459397993  -64.670421980  -15.974022498

   -3.141592654    2.094395102  -76.900990222  -58.638249297  -18.046614937
   -2.951193099    2.094395102  -86.607514137  -42.421250057  -17.205256635
   -2.760793544    2.094395102  -92.852716682  -23.233093177  -15.336926449
   -2.570393989    2.094395102  -95.642089161   -7.056024240  -12.731136411
   -2.379994435    2.094395102  -96.025617898    1.525556793   -9.634201730
   -2.189594880    2.094395102  -95.623364060    1.371896411   -6.178807241
   -1.999195325    2.094395102  -95.878200974   -4.587244555   -2.450243094
   -1.808795770    2.094395102  -97.377856688  -10.663200218    1.387634166
   -1.618396215    2.094395102  -99.579079431  -11.168712654    5.028809199
   -1.427996661    2.094395102 -101.081928180   -3.194343445    8.099755493
   -1.237597106    2.094395102 -100.320578789   12.068502569   10.328096367
   -1.047197551    2.094395102  -96.302088086   30.052217765   11.687228311
   -0.856797996    2.094395102  -89.044803672   45.185270282   12.410675545
   -0.666398442    2.094395102  -79.528955869   53.220402877   12.858721861
   -0.475998887    2.094395102  -69.300318168   52.679046368   13.320837307
   -0.285599332    2.094395102  -59.930687519   44.547562989   13.872632537
   -0.095199777    2.094395102  -52.641325081   31.340500981   14.316038815
    0.095199777    2.094395102  -48.105933194   16.162306793   14.248567441
    0.285599332    2.094395102  -46.389875294    2.274872776   13.199216163
    0.475998887    2.094395102  -46.941293774   -7.182351463   10.853920233
    0.666398442    2.094395102  -48.665021554   -9.742133085    7.257396440
    0.856797996    2.094395102  -50.138339235   -4.670135158    2.908865184
    1.047197551    2.094395102  -50.034308278    6.361430169   -1.387971238
    1.237597106    2.094395102  -47.574510467   19.282124716   -4.834840697
    1.427996661    2.094395102  -42.877360030   29.069748761   -7.007751709
    1.618396215    2.094395102  -36.965777690   31.536573643   -8.020531744
    1.808795770    2.094395102  -31.452834112   24.769655937   -8.424771755
    1.999195325    2.094395102  -28.067498825    9.540613283   -8.911690268
    2.189594880    2.094395102  -28.172601642  -11.282011750   -9.994504594
    2.379994435    2.094395102  -32.453094278  -33.558211431  -11.803531166
    2.570393989    2.094395102  -40.755396491  -52.768837979  -14.061340980
    2.760793544    2.094395102  -52.090272977  -64.815980951  -16.219641680
    2.951193099    2.094395102  -64.798277231  -66.915801499  -17.684114610

   -3.141592654    2.443460953  -82.993860590  -58.892902110  -12.134609335
   -2.951193099    2.443460953  -92.573604323  -40.879250670  -10.770321929
   -2.760793544    2.443460953  -98.371820218  -20.142574047   -8.661938349
   -2.570393989    2.443460953 -100.449068759   -2.712885816   -6.079660205
   -2.379994435    2.443460953  -99.900235137    6.956624789   -3.203075181
   -2.189594880    2.443460953  -98.366170080    7.809245501   -0.046496030
   -1.999195325    2.443460953  -97.313519314    2.651400774    3.456692520
   -1.808795770    2.443460953  -97.395791368   -3.126948047    7.278567771
   -1.618396215    2.443460953  -98.192395681   -4.090803078   11.164044885
   -1.427996661    2.443460953  -98.451552956    2.678894974   14.659541022
   -1.237597106    2.443460953  -96.722390304   16.323030887   17.291900983
   -1.047197551    2.443460953  -92.046437438   32.745579756   18.784195268
   -0.856797996    2.443460953  -84.392331523   46.737290946   19.163285601
   -0.666398442    2.443460953  -74.650464438   54.097545432   18.687934281
   -0.475998887    2.443460953  -64.298896447   53.087095339   17.657742125
   -0.285599332    2.443460953  -54.910410078   44.258622191   16.220323432
   -0.095199777    2.443460953  -47.788726343   29.741796118   14.275067286
    0.095199777    2.443460953  -43.742106001   12.504217508   11.541276372
    0.285599332    2.443460953  -42.960397849   -3.918441572    7.747142313
    0.475998887    2.443460953  -44.922825698  -15.702606360    2.891854487
    0.666398442    2.443460953  -48.410203105  -19.482884151   -2.581328750
    0.856797996    2.443460953  -51.717581265  -13.868238846   -7.815911044
    1.047197551    2.443460953  -53.168634841   -0.509122767  -11.838318359
    1.237597106    2.443460953  -51.706057837   15.760035045  -13.971457221
    1.427996661    2.443460953  -47.365371234   28.721218625  -14.155630604
    1.618396215    2.443460953  -41.310023948   33.135640714  -12.956620780
    1.808795770    2.443460953  -35.440609641   26.649600310  -11.283842767
    1.999195325    2.443460953  -31.787950586   10.294358148   -9.988811596
    2.189594880    2.443460953  -31.917553060  -12.325293020   -9.566869661
    2.379994435    2.443460953  -36.560989333  -36.229783819  -10.047933704
    2.570393989    2.443460953  -45.465995430  -56.253722804  -11.076286329
    2.760793544    2.443460953  -57.456649107  -68.031587157  -12.094676803
    2.951193099    2.443460953  -70.673289087  -68.914711992  -12.560545859

   -3.141592654    2.792526803  -86.060108333  -57.672036306    0.607284343
   -2.951193099    2.792526803  -95.288191137  -38.464423000    2.678446676
   -2.760793544    2.792526803 -100.534610313  -16.827774698    4.724178924
   -2.570393989    2.792526803 -101.918961867    1.212924813    6.625459107
   -2.379994435    2.792526803 -100.572419026   11.416997191    8.485217771
   -2.189594880    2.792526803  -98.127379827   12.948383989   10.602557223
   -1.999195325    2.792526803  -96.018066257    8.618943076   13.284460710
   -1.808795770    2.792526803  -94.892654751    3.531282490   16.602391611
   -1.618396215    2.792526803  -94.397217511    2.692904794   20.242645619
   -1.427996661    2.792526803  -93.420486699    8.720486017   23.569472012
   -1.237597106    2.792526803  -90.679783992   20.786272054   25.876038460
   -1.047197551    2.792526803  -85.347145727   35.138833442   26.679807273
   -0.856797996    2.792526803  -77.440188848   47.021802285   25.896979345
   -0.666398442    2.792526803  -67.825043649   52.527611732   23.794705711
   -0.475998887    2.792526803  -57.927472853   49.912051146   20.790746864
   -0.285599332    2.792526803  -49.292929477   39.494013392   17.206318742
   -0.095199777    2.792526803  -43.246031538   23.175560849   13.139442681
    0.095199777    2.792526803  -40.637851120    3.950440854    8.506855916
    0.285599332    2.792526803  -41.659872541  -14.217791886    3.238927603
    0.475998887    2.792526803  -45.679675304  -26.787278830   -2.479784676
    0.666398442    2.792526803  -51.226333917  -29.710955083   -8.083796819
    0.856797996    2.792526803  -56.252725567  -21.402122625  -12.727625413
    1.047197551    2.792526803  -58.772976618   -4.060865731  -15.602203227
    1.237597106    2.792526803  -57.587265141   16.328965918  -16.316979564
    1.427996661    2.792526803  -52.824619964   32.330112493  -15.099608916
    1.618396215    2.792526803  -45.933609072   37.991590111  -12.685749291
    1.808795770    2.792526803  -39.164251250   31.006531395   -9.970897800
    1.999195325    2.792526803  -34.824996678   13.043477518   -7.635203181
    2.189594880    2.792526803  -34.612264818  -11.449372954   -5.950957001
    2.379994435    2.792526803  -39.237864934  -36.800117069   -4.800429239
    2.570393989    2.792526803  -48.326098867  -57.456386675   -3.848409355
    2.760793544    2.792526803  -60.535331920  -68.988584316   -2.740114954
    2.951193099    2.792526803  -73.853228938  -68.943589739   -1.258024842
