#! FIELDS phi psi file.free der_phi der_psi
#! SET min_phi -pi
#! SET max_phi pi
#! SET nbins_phi  33
#! SET periodic_phi true
#! SET min_psi -pi
#! SET max_psi pi
#! SET nbins_psi  18
#! SET periodic_psi true
   -3.141592654   -3.141592654  -23.185316776  -33.196570238    8.744969784
   -2.951193099   -3.141592654  -29.194825282  -29.008811028   11.395029892
   -2.760793544   -3.141592654  -33.911519460  -19.905263982   13.729428340
   -2.570393989   -3.141592654  -36.636926614   -8.671832982   15.497986559
   -2.379994435   -3.141592654  -37.309399115    1.093904294   16.685364586
   -2.189594880   -3.141592654  -36.477982363    6.887435709   17.491780346
   -1.999195325   -3.141592654  -34.950967009    8.595451215   18.163113770
   -1.808795770   -3.141592654  -33.333912078    8.294272021   18.777139545
   -1.618396215   -3.141592654  -31.743065446    8.733757835   19.139183566
   -1.427996661   -3.141592654  -29.851710463   11.571053029   18.871097159
   -1.237597106   -3.141592654  -27.203507914   16.470432085   17.636380923
   -1.047197551   -3.141592654  -23.571719477   21.493906598   15.360289977
   -0.856797996   -3.141592654  -19.155535549   24.367855050   12.302481548
   -0.666398442   -3.141592654  -14.515375126   23.640166376    8.942029262
   -0.475998887   -3.141592654  -10.364079783   19.361525314    5.764507348
   -0.285599332   -3.141592654   -7.288926190   12.586164289    3.048634444
   -0.095199777   -3.141592654   -5.624027629    4.839577295    0.791088133
    0.095199777   -3.141592654   -5.410517072   -2.429386134   -1.228919031
    0.285599332   -3.141592654   -6.430564842   -7.910123093   -3.268533635
    0.475998887   -3.141592654   -8.232404140  -10.497205388   -5.424243794
    0.666398442   -3.141592654  -10.191031185   -9.494041410   -7.521885516
    0.856797996   -3.141592654  -11.626179673   -5.150753506   -9.166834749
    1.047197551   -3.141592654  -12.015968346    1.173075240   -9.934189466
    1.237597106   -3.141592654  -11.186650907    7.305971411   -9.605147729
    1.427996661   -3.141592654   -9.376052829   11.223130117   -8.291272433
    1.618396215   -3.141592654   -7.125418229   11.868901021   -6.376501362
    1.808795770   -3.141592654   -5.059903476    9.367650874   -4.324345559
    1.999195325   -3.141592654   -3.710551354    4.490183400   -2.467331923
    2.189594880   -3.141592654   -3.452661357   -2.000685655   -0.898888780
    2.379994435   -3.141592654   -4.547082777   -9.649617707    0.512648851
    2.570393989   -3.141592654   -7.173559030  -17.984368779    2.019055193
    2.760793544   -3.141592654  -11.376734040  -25.966407624    3.859201757
    2.951193099   -3.141592654  -16.923480644  -31.746803003    6.134292009

   -3.141592654   -2.792526803  -19.389713199  -27.468384481   12.211630633
   -2.951193099   -2.792526803  -24.349720240  -23.873502196   15.499748906
   -2.760793544   -2.792526803  -28.210998223  -16.164967197   18.147903182
   -2.570393989   -2.792526803  -30.389636061   -6.676326191   19.811783746
   -2.379994435   -2.792526803  -30.832312387    1.600693467   20.475809303
   -2.189594880   -2.792526803  -29.994409770    6.571855309   20.422952352
   -1.999195325   -2.792526803  -28.553122408    8.087827479   20.029047508
   -1.808795770   -2.792526803  -27.031217761    7.786708676   19.514699536
   -1.618396215   -2.792526803  -25.560896061    7.883355028   18.823526496
   -1.427996661   -2.792526803  -23.912981190    9.762016797   17.700868792
   -1.237597106   -2.792526803  -21.740375793   13.244560378   15.901155813
   -1.047197551   -2.792526803  -18.860409104   16.877573169   13.381799679
   -0.856797996   -2.792526803  -15.416904099   18.888982409   10.360224917
   -0.666398442   -2.792526803  -11.842270622   18.067438727    7.208605216
   -0.475998887   -2.792526803   -8.710695932   14.307265012    4.279933276
   -0.285599332   -2.792526803   -6.529321707    8.258206117    1.726971016
   -0.095199777   -2.792526803   -5.634768082    1.018176972   -0.535536181
    0.095199777   -2.792526803   -6.133801165   -6.156375490   -2.757211137
    0.285599332   -2.792526803   -7.878692335  -11.806918313   -5.160509414
    0.475998887   -2.792526803  -10.431132644  -14.410782651   -7.752524389
    0.666398442   -2.792526803  -13.092325359  -12.825776383  -10.233355953
    0.856797996   -2.792526803  -15.044093321   -7.108219751  -12.086714107
    1.047197551   -2.792526803  -15.628263323    1.152505691  -12.811772763
    1.237597106   -2.792526803  -14.612285438    9.240593786  -12.186650256
    1.427996661   -2.792526803  -12.287461233   14.561106150  -10.390683516
    1.618396215   -2.792526803   -9.333547116   15.771966260   -7.909596481
    1.808795770   -2.792526803   -6.531273438   13.109030478   -5.297433793
    1.999195325   -2.792526803   -4.514215275    7.746628503   -2.928946705
    2.189594880   -2.792526803   -3.674308553    0.912163599   -0.882158531
    2.379994435   -2.792526803   -4.211650570   -6.621947340    1.033353531
    2.570393989   -2.792526803   -6.208309603  -14.320362308    3.136188743
    2.760793544   -2.792526803   -9.625136603  -21.353218339    5.699274093
    2.951193099   -2.792526803  -14.207054769  -26.287599751    8.793317160

   -3.141592654   -2.443460953  -14.900053007  -20.939497055   12.461532579
   -2.951193099   -2.443460953  -18.678898309  -18.183535633   15.589014148
   -2.760793544   -2.443460953  -21.612137034  -12.232454286   17.934716241
   -2.570393989   -2.443460953  -23.245548450   -4.888399696   19.140093496
   -2.379994435   -2.443460953  -23.533309135    1.540041996   19.185882613
   -2.189594880   -2.443460953  -22.825018986    5.408021074   18.367476550
   -1.999195325   -2.443460953  -21.651332406    6.530644639   17.105764742
   -1.808795770   -2.443460953  -20.437349095    6.108590431   15.715596137
   -1.618396215   -2.443460953  -19.313512896    5.852467774   14.281999578
   -1.427996661   -2.443460953  -18.122791796    6.916791554   12.703796150
   -1.237597106   -2.443460953  -16.596402825    9.286060821   10.844269970
   -1.047197551   -2.443460953  -14.570883579   11.923311003    8.674233859
   -0.856797996   -2.443460953  -12.128033683   13.439880761    6.317441327
   -0.666398442   -2.443460953   -9.588489860   12.760216667    3.977432148
   -0.475998887   -2.443460953   -7.418671104    9.566642329    1.824672285
   -0.285599332   -2.443460953   -6.081072462    4.118726258   -0.132749131
   -0.095199777   -2.443460953   -5.943405444   -2.866334665   -2.055202409
    0.095199777   -2.443460953   -7.196206678  -10.257124277   -4.198624239
    0.285599332   -2.443460953   -9.765975014  -16.370483756   -6.736762274
    0.475998887   -2.443460953  -13.216164248  -19.175976350   -9.592032884
    0.666398442   -2.443460953  -16.745028460  -17.003074535  -12.360647806
    0.856797996   -2.443460953  -19.355118782   -9.671531008  -14.422610689
    1.047197551   -2.443460953  -20.209769181    0.959838316  -15.195813783
    1.237597106   -2.443460953  -18.991111066   11.514266870  -14.422427350
    1.427996661   -2.443460953  -16.043840781   18.672034044  -12.302898755
    1.618396215   -2.443460953  -12.212553135   20.694445853   -9.390331734
    1.808795770   -2.443460953   -8.472631131   17.910613191   -6.323602746
    1.999195325   -2.443460953   -5.593651844   11.968914009   -3.546792343
    2.189594880   -2.443460953   -3.999674030    4.670770389   -1.172664057
    2.379994435   -2.443460953   -3.825949494   -2.808921800    0.987727682
    2.570393989   -2.443460953   -5.042167685   -9.848140279    3.266405895
    2.760793544   -2.443460953   -7.512803127  -15.868201183    5.944641063
    2.951193099   -2.443460953  -10.960347853  -19.933203036    9.086253545

   -3.141592654   -2.094395102  -10.869700160  -15.400711882   10.454519273
   -2.951193099   -2.094395102  -13.674107394  -13.665719936   12.929109858
   -2.760793544   -2.094395102  -15.915422305   -9.604070217   14.647142835
   -2.570393989   -2.094395102  -17.263948008   -4.536863901   15.295939752
   -2.379994435   -2.094395102  -17.687378753   -0.149357570   14.849348416
   -2.189594880   -2.094395102  -17.442336064    2.364184356   13.550272822
   -1.999195325   -2.094395102  -16.915430097    2.894142845   11.766992297
   -1.808795770   -2.094395102  -16.406137279    2.401432795    9.820118888
   -1.618396215   -2.094395102  -15.977082465    2.272443088    7.890156230
   -1.427996661   -2.094395102  -15.455423122    3.464248210    6.035921601
   -1.237597106   -2.094395102  -14.576259595    5.947673214    4.273135779
   -1.047197551   -2.094395102  -13.170785719    8.774180417    2.636630092
   -0.856797996   -2.094395102  -11.299644441   10.607310358    1.185821785
   -0.666398442   -2.094395102   -9.263627654   10.321923763   -0.046884696
   -0.475998887   -2.094395102   -7.529143367    7.406338980   -1.101291648
   -0.285599332   -2.094395102   -6.601949833    1.908465936   -2.142679413
   -0.095199777   -2.094395102   -6.927855012   -5.604384596   -3.422251283
    0.095199777   -2.094395102   -8.786614665  -13.929290552   -5.200335271
    0.285599332   -2.094395102  -12.153558070  -21.034986395   -7.596022202
    0.475998887   -2.094395102  -16.551502181  -24.324836435  -10.451358083
    0.666398442   -2.094395102  -21.027311669  -21.593583299  -13.282758542
    0.856797996   -2.094395102  -24.359124719  -12.465944689  -15.405820393
    1.047197551   -2.094395102  -25.499527712    0.845759965  -16.191284520
    1.237597106   -2.094395102  -24.031609664   14.186227992  -15.360838280
    1.427996661   -2.094395102  -20.362066027   23.410547432  -13.117253133
    1.618396215   -2.094395102  -15.523767003   26.325580788  -10.039249869
    1.808795770   -2.094395102  -10.715277173   23.358020449   -6.804864295
    1.999195325   -2.094395102   -6.865775030   16.674033111   -3.900531683
    2.189594880   -2.094395102   -4.445643584    8.698861811   -1.476616400
    2.379994435   -2.094395102   -3.531682042    1.038839000    0.624118976
    2.570393989   -2.094395102   -3.984575906   -5.592006786    2.707504524
    2.760793544   -2.094395102   -5.575545042  -10.865803963    5.038581296
    2.951193099   -2.094395102   -8.006336950  -14.330170903    7.685912122

   -3.141592654   -1.745329252   -8.036147696  -11.711776982    6.973601880
   -2.951193099   -1.745329252  -10.211920297  -10.883025965    8.407623117
   -2.760793544   -1.745329252  -12.058983705   -8.330293227    9.220170244
   -2.570393989   -1.745329252  -13.331567206   -5.016826675    9.198809575
   -2.379994435   -1.745329252  -14.001411650   -2.194171632    8.314794035
   -2.189594880   -1.745329252  -14.257420582   -0.762560562    6.715676714
   -1.999195325   -1.745329252  -14.386237314   -0.786591417    4.655760456
   -1.808795770   -1.745329252  -14.597247209   -1.429604842    2.417682544
   -1.618396215   -1.745329252  -14.889756274   -1.437217838    0.269198055
   -1.427996661   -1.745329252  -15.045133276    0.102100041   -1.555512476
   -1.237597106   -1.745329252  -14.754671401    3.168580795   -2.879212675
   -1.047197551   -1.745329252  -13.806626650    6.778194535   -3.623719377
   -0.856797996   -1.745329252  -12.235465245    9.444655263   -3.841514657
   -0.666398442   -1.745329252  -10.354985525    9.813630674   -3.719796463
   -0.475998887   -1.745329252   -8.688852872    7.113910013   -3.527407043
   -0.285599332   -1.745329252   -7.843172129    1.250795551   -3.577813973
   -0.095199777   -1.745329252   -8.376585770   -7.212281068   -4.151815183
    0.095199777   -1.745329252  -10.664070629  -16.857083821   -5.446321851
    0.285599332   -1.745329252  -14.714376309  -25.229006478   -7.480060345
    0.475998887   -1.745329252  -19.987643163  -29.169564281  -10.017687334
    0.666398442   -1.745329252  -25.362719108  -25.985471665  -12.554710471
    0.856797996   -1.745329252  -29.386313204  -15.142686817  -14.436939441
    1.047197551   -1.745329252  -30.796777355    0.775295929  -15.087306401
    1.237597106   -1.745329252  -29.076449531   16.849057691  -14.260239002
    1.427996661   -1.745329252  -24.689275930   28.111931251  -12.150125213
    1.618396215   -1.745329252  -18.852624262   31.903712424   -9.292818398
    1.808795770   -1.745329252  -12.988337365   28.719209101   -6.315759780
    1.999195325   -1.745329252   -8.191849220   21.207271236   -3.676465728
    2.189594880   -1.745329252   -4.992845097   12.386385021   -1.535112634
    2.379994435   -1.745329252   -3.427491443    4.277377372    0.216729159
    2.570393989   -1.745329252   -3.266126075   -2.304587111    1.815957862
    2.760793544   -1.745329252   -4.199632307   -7.226851554    3.468510412
    2.951193099   -1.745329252   -5.907193690  -10.425332678    5.232537907

   -3.141592654   -1.396263402   -7.244876738  -11.259232039    4.494171876
   -2.951193099   -1.396263402   -9.381621478  -10.954593186    5.232319300
   -2.760793544   -1.396263402  -11.297107277   -8.988642564    5.421523417
   -2.570393989   -1.396263402  -12.751300028   -6.263455849    4.898280880
   -2.379994435   -1.396263402  -13.712703879   -4.005293412    3.626128924
   -2.189594880   -1.396263402  -14.364823042   -3.104762227    1.694147241
   -1.999195325   -1.396263402  -14.984161645   -3.573261484   -0.709475098
   -1.808795770   -1.396263402  -15.751284791   -4.429452826   -3.315360827
   -1.618396215   -1.396263402  -16.602951569   -4.226394261   -5.779651981
   -1.427996661   -1.396263402  -17.227421060   -1.946695527   -7.722349629
   -1.237597106   -1.396263402  -17.220723514    2.290388937   -8.820153943
   -1.047197551   -1.396263402  -16.316396559    7.188658904   -8.931348880
   -0.856797996   -1.396263402  -14.563793230   10.862690142   -8.170675727
   -0.666398442   -1.396263402  -12.362757601   11.654933748   -6.890030277
   -0.475998887   -1.396263402  -10.362559678    8.659920648   -5.552941558
   -0.285599332   -1.396263402   -9.303059655    1.857870355   -4.613300576
   -0.095199777   -1.396263402   -9.848275266   -7.998802108   -4.386371149
    0.095199777   -1.396263402  -12.432859297  -19.185602387   -5.009385322
    0.285599332   -1.396263402  -17.057066521  -28.847210266   -6.398132733
    0.475998887   -1.396263402  -23.089501586  -33.370963094   -8.250017220
    0.666398442   -1.396263402  -29.237188675  -29.709493400  -10.082864440
    0.856797996   -1.396263402  -33.834223253  -17.281038842  -11.358185052
    1.047197551   -1.396263402  -35.437658596    0.947442310  -11.653837501
    1.237597106   -1.396263402  -33.455120222   19.367123802  -10.833749698
    1.427996661   -1.396263402  -28.413533578   32.311617045   -9.094498339
    1.618396215   -1.396263402  -21.698491121   36.750132009   -6.865358637
    1.808795770   -1.396263402  -14.928278434   33.256870609   -4.615725731
    1.999195325   -1.396263402   -9.345021100   24.881170014   -2.668780451
    2.189594880   -1.396263402   -5.539181833   15.102636021   -1.123475530
    2.379994435   -1.396263402   -3.532785669    6.240223503    0.111583809
    2.570393989   -1.396263402   -3.047397154   -0.824417622    1.210558142
    2.760793544   -1.396263402   -3.730463092   -6.060071947    2.313668212
    2.951193099   -1.396263402   -5.243833152   -9.565898292    3.447726980

   -3.141592654   -1.047197551   -7.328686209  -11.817986035    2.032984959
   -2.951193099   -1.047197551   -9.612021946  -11.955601289    1.894711441
   -2.760793544   -1.047197551  -11.764465482  -10.487748492    1.309685039
   -2.570393989   -1.047197551  -13.555106190   -8.306482687    0.225660790
   -2.379994435   -1.047197551  -14.961282554   -6.642364694   -1.363778378
   -2.189594880   -1.047197551  -16.174412345   -6.356790842   -3.426590905
   -1.999195325   -1.047197551  -17.463649698   -7.317444231   -5.865960174
   -1.808795770   -1.047197551  -18.961096619   -8.261276716   -8.460770200
   -1.618396215   -1.047197551  -20.496169430   -7.436902110  -10.829461705
   -1.427996661   -1.047197551  -21.607584339   -3.722000347  -12.494368095
   -1.237597106   -1.047197551  -21.753710123    2.517136218  -13.048880789
   -1.047197551   -1.047197551  -20.609838262    9.428584662  -12.352547505
   -0.856797996   -1.047197551  -18.282782649   14.513376013  -10.621519157
   -0.666398442   -1.047197551  -15.329897169   15.726590523   -8.361008939
   -0.475998887   -1.047197551  -12.597069052   12.121416491   -6.163489398
   -0.285599332   -1.047197551  -10.999373304    3.959731800   -4.522992873
   -0.095199777   -1.047197551  -11.304629139   -7.606521100   -3.689200531
    0.095199777   -1.047197551  -13.973146187  -20.411938787   -3.661639351
    0.285599332   -1.047197551  -18.950345716  -31.222269834   -4.221164454
    0.475998887   -1.047197551  -25.485358778  -36.130399232   -5.022590558
    0.666398442   -1.047197551  -32.123780455  -31.964720409   -5.692908293
    0.856797996   -1.047197551  -37.038223548  -18.266639399   -5.942456968
    1.047197551   -1.047197551  -38.673475871    1.607795922   -5.643112711
    1.237597106   -1.047197551  -36.414669807   21.536459027   -4.854499224
    1.427996661   -1.047197551  -30.859317727   35.419721738   -3.772627615
    1.618396215   -1.047197551  -23.521423852   40.063260163   -2.631900551
    1.808795770   -1.047197551  -16.151519250   36.164721074   -1.612697443
    1.999195325   -1.047197551  -10.080784613   27.068563363   -0.789197662
    2.189594880   -1.047197551   -5.930674697   16.546412315   -0.138094579
    2.379994435   -1.047197551   -3.709033474    7.088497099    0.413855621
    2.570393989   -1.047197551   -3.104603017   -0.397217966    0.931490960
    2.760793544   -1.047197551   -3.737411797   -5.945777017    1.423856462
    2.951193099   -1.047197551   -5.257526423   -9.760221662    1.831895660

   -3.141592654   -0.698131701   -7.399811655  -12.836497733   -1.095056266
   -2.951193099   -0.698131701   -9.931679202  -13.552045358   -2.087083789
   -2.760793544   -0.698131701  -12.443298335  -12.659832579   -3.381445237
   -2.570393989   -0.698131701  -14.701231867  -11.043397759   -4.951262806
   -2.379994435   -0.698131701  -16.683776865   -9.965569631   -6.794469981
   -2.189594880   -0.698131701  -18.586556054  -10.269078647   -8.930110110
   -1.999195325   -0.698131701  -20.664832593  -11.637505138  -11.319965717
   -1.808795770   -0.698131701  -22.984824952  -12.460474688  -13.753860296
   -1.618396215   -0.698131701  -25.241153062  -10.654516300  -15.801889083
   -1.427996661   -0.698131701  -26.798385116   -5.052596093  -16.922641275
   -1.237597106   -0.698131701  -26.971517457    3.600456529  -16.694505293
   -1.047197551   -0.698131701  -25.398491475   12.764946483  -15.046259685
   -0.856797996   -0.698131701  -22.283677209   19.270228438  -12.328492285
   -0.666398442   -0.698131701  -18.382487857   20.735707471   -9.181044427
   -0.475998887   -0.698131701  -14.759068697   16.313424327   -6.269999794
   -0.285599332   -0.698131701  -12.494595222    6.714513545   -4.059393710
   -0.095199777   -0.698131701  -12.422505878   -6.374020781   -2.675449337
    0.095199777   -0.698131701  -14.973815207  -20.322984280   -1.947961433
    0.285599332   -0.698131701  -19.994296299  -31.654193828   -1.523964432
    0.475998887   -0.698131701  -26.609804992  -36.451519064   -1.050498571
    0.666398442   -0.698131701  -33.261921104  -31.750797652   -0.325326327
    0.856797996   -0.698131701  -38.072590994  -17.413647873    0.621804216
    1.047197551   -0.698131701  -39.497525594    2.900686891    1.571672217
    1.237597106   -0.698131701  -36.977566701   22.919664372    2.251352023
    1.427996661   -0.698131701  -31.176168929   36.579707571    2.489104786
    1.618396215   -0.698131701  -23.651751949   40.854015994    2.294307461
    1.808795770   -0.698131701  -16.165254662   36.616348849    1.825142969
    1.999195325   -0.698131701  -10.030844653   27.311705780    1.287234007
    2.189594880   -0.698131701   -5.843694900   16.709278794    0.833202405
    2.379994435   -0.698131701   -3.593532657    7.226441083    0.511929466
    2.570393989   -0.698131701   -2.968205922   -0.331966564    0.275044150
    2.760793544   -0.698131701   -3.605735270   -6.082008482    0.009465052
    2.951193099   -0.698131701   -5.184443914  -10.270528150   -0.410896797

   -3.141592654   -0.349065850   -8.076875591  -14.694053442   -3.215158932
   -2.951193099   -0.349065850  -11.006940155  -15.855583773   -4.697994468
   -2.760793544   -0.349065850  -13.992253834  -15.310913251   -6.318222602
   -2.570393989   -0.349065850  -16.782846585  -13.985410929   -7.994225477
   -2.379994435   -0.349065850  -19.355315645  -13.231661469   -9.719606164
   -2.189594880   -0.349065850  -21.914640738  -13.895068813  -11.546298588
   -1.999195325   -0.349065850  -24.706436379  -15.448154064  -13.474666131
   -1.808795770   -0.349065850  -27.728826324  -15.902263539  -15.319243244
   -1.618396215   -0.349065850  -30.537714225  -12.862284115  -16.673106958
   -1.427996661   -0.349065850  -32.329824817   -5.199351660  -17.046080026
   -1.237597106   -0.349065850  -32.300933356    5.870534967  -16.109861572
   -1.047197551   -0.349065850  -30.088456792   17.089612271  -13.903808896
   -0.856797996   -0.349065850  -26.028263952   24.681109771  -10.856051873
   -0.666398442   -0.349065850  -21.087309334   26.060240421   -7.603500628
   -0.475998887   -0.349065850  -16.534748074   20.629263250   -4.722173637
   -0.285599332   -0.349065850  -13.578567108    9.652673099   -2.512125665
   -0.095199777   -0.349065850  -13.065140676   -4.605245491   -0.915885265
    0.095199777   -0.349065850  -15.343804560  -19.108516260    0.393056947
    0.285599332   -0.349065850  -20.129829997  -30.304049370    1.826372025
    0.475998887   -0.349065850  -26.437352070  -34.534129758    3.643736581
    0.666398442   -0.349065850  -32.669421797  -29.319112244    5.784960744
    0.856797996   -0.349065850  -37.005157465  -14.981036494    7.850832835
    1.047197551   -0.349065850  -38.022367375    4.626559016    9.281233852
    1.237597106   -0.349065850  -35.284389592   23.428578571    9.638946061
    1.427996661   -0.349065850  -29.510552509   35.813604844    8.840531833
    1.618396215   -0.349065850  -22.225117615   39.201490618    7.184107369
    1.808795770   -0.349065850  -15.091288625   34.663502328    5.179775776
    1.999195325   -0.349065850   -9.316507112   25.551453185    3.300523847
    2.189594880   -0.349065850   -5.426183924   15.364242066    1.808542640
    2.379994435   -0.349065850   -3.394998746    6.244670260    0.717169034
    2.570393989   -0.349065850   -2.939745000   -1.183314055   -0.132932087
    2.760793544   -0.349065850   -3.749879896   -7.083448051   -0.964863152
    2.951193099   -0.349065850   -5.552578747  -11.653447425   -1.961246167

   -3.141592654    0.000000000   -9.306946245  -17.258459116   -4.559716194
   -2.951193099    0.000000000  -12.752638646  -18.657798266   -6.189319742
   -2.760793544    0.000000000  -16.279192716  -18.160018385   -7.797556339
   -2.570393989    0.000000000  -19.609268678  -16.803931634   -9.292694865
   -2.379994435    0.000000000  -22.720540575  -16.093628304  -10.685693697
   -2.189594880    0.000000000  -25.836712141  -16.883029173  -12.051853721
   -1.999195325    0.000000000  -29.199221375  -18.394719458  -13.405467964
   -1.808795770    0.000000000  -32.736827499  -18.241642423  -14.575889239
   -1.618396215    0.000000000  -35.868044498  -13.769018268  -15.202835339
   -1.427996661    0.000000000  -37.639244841   -3.996164279  -14.894283326
   -1.237597106    0.000000000  -37.165404414    9.297616595  -13.453457716
   -1.047197551    0.000000000  -34.130432988   22.147509167  -11.028815786
   -0.856797996    0.000000000  -29.034770429   30.305421659   -8.076468723
   -0.666398442    0.000000000  -23.055733359   31.184542862   -5.153153298
   -0.475998887    0.000000000  -17.629154275   24.626741346   -2.673818361
   -0.285599332    0.000000000  -14.023050022   12.531667476   -0.739769507
   -0.095199777    0.000000000  -13.026569821   -2.289893574    0.872529071
    0.095199777    0.000000000  -14.854534337  -16.558468340    2.583715374
    0.285599332    0.000000000  -19.080050436  -26.902885109    4.784332319
    0.475998887    0.000000000  -24.648036652  -30.222696456    7.586635900
    0.666398442    0.000000000  -30.018207687  -24.750428119   10.678440842
    0.856797996    0.000000000  -33.548060691  -11.305527706   13.379584348
    1.047197551    0.000000000  -34.041620457    6.291700699   14.921783606
    1.237597106    0.000000000  -31.225876186   22.564085582   14.820447505
    1.427996661    0.000000000  -25.837843178   32.748839453   13.119844400
    1.618396215    0.000000000  -19.270647064   34.915782515   10.353084919
    1.808795770    0.000000000  -12.978645188   30.278115278    7.267898790
    1.999195325    0.000000000   -7.981670619   21.857477098    4.489256560
    2.189594880    0.000000000   -4.704734894   12.614251584    2.318781776
    2.379994435    0.000000000   -3.120817542    4.237376907    0.724704274
    2.570393989    0.000000000   -3.010736041   -2.878886706   -0.527731112
    2.760793544    0.000000000   -4.149021262   -8.889643699   -1.718087735
    2.951193099    0.000000000   -6.328597501  -13.829203741   -3.041928983

   -3.141592654    0.349065850  -10.280578053  -19.023551338   -4.397706902
   -2.951193099    0.349065850  -14.078402411  -20.566137163   -5.697992704
   -2.760793544    0.349065850  -17.980208987  -20.184359408   -6.885345410
   -2.570393989    0.349065850  -21.708921698  -18.977401415   -7.907428404
   -2.379994435    0.349065850  -25.253734999  -18.483119757   -8.798322140
   -2.189594880    0.349065850  -28.844759271  -19.458970188   -9.627851654
   -1.999195325    0.349065850  -32.695184521  -20.869659735  -10.397858950
   -1.808795770    0.349065850  -36.650405150  -20.039063481  -10.964139517
   -1.618396215    0.349065850  -40.004566628  -14.208920049  -11.063187613
   -1.427996661    0.349065850  -41.691311604   -2.632056667  -10.448733694
   -1.237597106    0.349065850  -40.785830772   12.405399272   -9.049878064
   -1.047197551    0.349065850  -37.036462707   26.404925420   -7.044441307
   -0.856797996    0.349065850  -31.089388105   34.843386087   -4.792409313
   -0.666398442    0.349065850  -24.282011256   35.248024687   -2.661634121
   -0.475998887    0.349065850  -18.155370089   27.911153210   -0.861508434
   -0.285599332    0.349065850  -13.982347583   15.282788860    0.667074762
   -0.095199777    0.349065850  -12.461567353    0.594450457    2.214771078
    0.095199777    0.349065850  -13.667025484  -12.796561475    4.175895986
    0.285599332    0.349065850  -17.057305223  -21.882788672    6.825764026
    0.475998887    0.349065850  -21.569444685  -24.283920877   10.105648548
    0.666398442    0.349065850  -25.804310961  -19.010337231   13.523861047
    0.856797996    0.349065850  -28.379852516   -7.283688819   16.274077427
    1.047197551    0.349065850  -28.374701136    7.357265661   17.558575977
    1.237597106    0.349065850  -25.673931664   20.326614986   16.966564460
    1.427996661    0.349065850  -20.977443493   27.916231619   14.676332372
    1.618396215    0.349065850  -15.469718155   28.874890927   11.352807515
    1.808795770    0.349065850  -10.328324481   24.437464067    7.825604490
    1.999195325    0.349065850   -6.347394751   17.121448662    4.738374325
    2.189594880    0.349065850   -3.843670516    9.218354936    2.368495939
    2.379994435    0.349065850   -2.797183814    1.919271567    0.650307263
    2.570393989    0.349065850   -3.062956954   -4.588144421   -0.668768424
    2.760793544    0.349065850   -4.504013829  -10.416193618   -1.858921540
    2.951193099    0.349065850   -6.979465328  -15.435152867   -3.090403677

   -3.141592654    0.698131701  -11.206948599  -20.541044106   -4.567331488
   -2.951193099    0.698131701  -15.289333293  -21.998741602   -5.680117227
   -2.760793544    0.698131701  -19.447908976  -21.431227418   -6.517891923
   -2.570393989    0.698131701  -23.394938239  -20.031203733   -7.002584216
   -2.379994435    0.698131701  -27.127746993  -19.419250854   -7.163243095
   -2.189594880    0.698131701  -30.890654051  -20.326561360   -7.095336572
   -1.999195325    0.698131701  -34.892964449  -21.563698352   -6.877171754
   -1.808795770    0.698131701  -38.942688626  -20.281533427   -6.508686332
   -1.618396215    0.698131701  -42.273965999  -13.680488898   -5.923794368
   -1.427996661    0.698131701  -43.771939239   -1.175888073   -5.063350672
   -1.237597106    0.698131701  -42.508850552   14.653570378   -3.947551825
   -1.047197551    0.698131701  -38.285362714   29.053505705   -2.690695388
   -0.856797996    0.698131701  -31.832751866   37.435713150   -1.448977428
   -0.666398442    0.698131701  -24.562275389   37.491486899   -0.326517552
   -0.475998887    0.698131701  -18.040837437   29.856151120    0.690772963
   -0.285599332    0.698131701  -13.496310344   17.326124685    1.781080402
   -0.095199777    0.698131701  -11.528287636    3.357063372    3.224617561
    0.095199777    0.698131701  -12.094307377   -8.778427620    5.304882525
    0.285599332    0.698131701  -14.587034116  -16.513704174    8.124011029
    0.475998887    0.698131701  -17.990442862  -18.177532323   11.452459263
    0.666398442    0.698131701  -21.090333779  -13.452710624   14.692511298
    0.856797996    0.698131701  -22.781868988   -3.800582361   17.042616116
    1.047197551    0.698131701  -22.403915957    7.677650847   17.812730435
    1.237597106    0.698131701  -19.962395040   17.356548014   16.748205989
    1.427996661    0.698131701  -16.080477188   22.545974915   14.150133378
    1.618396215    0.698131701  -11.709643659   22.560794500   10.722757577
    1.808795770    0.698131701   -7.748031433   18.549325604    7.252027201
    1.999195325    0.698131701   -4.778190934   12.466753721    4.295501128
    2.189594880    0.698131701   -3.027613944    5.938813285    2.050774556
    2.379994435    0.698131701   -2.497928304   -0.304494988    0.407507572
    2.570393989    0.698131701   -3.124962392   -6.236702242   -0.893031816
    2.760793544    0.698131701   -4.858387446  -11.889361622   -2.095765794
    2.951193099    0.698131701   -7.615582198  -16.931512920   -3.327695567

   -3.141592654    1.047197551  -13.062575703  -22.916516504   -6.617835048
   -2.951193099    1.047197551  -17.552537908  -23.825922860   -8.002849710
   -2.760793544    1.047197551  -21.980618681  -22.394896353   -8.827782595
   -2.570393989    1.047197551  -26.020056126  -20.046470881   -8.924391443
   -2.379994435    1.047197551  -29.676769497  -18.646707221   -8.306079902
   -2.189594880    1.047197551  -33.239742664  -19.046330004   -7.142248259
   -1.999195325    1.047197551  -36.969783073  -20.014403942   -5.672151181
   -1.808795770    1.047197551  -40.709561600  -18.587153893   -4.120135769
   -1.618396215    1.047197551  -43.708682515  -11.893673215   -2.657961606
   -1.427996661    1.047197551  -44.862163253    0.638024729   -1.402571216
   -1.237597106    1.047197551  -43.259711418   16.378544337   -0.419606714
   -1.047197551    1.047197551  -38.726044727   30.564344352    0.286243155
   -0.856797996    1.047197551  -32.010812309   38.686046864    0.778284805
   -0.666398442    1.047197551  -24.519771991   38.580428633    1.188824465
   -0.475998887    1.047197551  -17.784497827   31.075782408    1.694159741
   -0.285599332    1.047197551  -12.962389954   19.089822292    2.520671236
   -0.095199777    1.047197551  -10.571940699    6.092242817    3.889351390
    0.095199777    1.047197551  -10.505563694   -4.867518119    5.963923063
    0.285599332    1.047197551  -12.155498262  -11.658621308    8.716371913
    0.475998887    1.047197551  -14.601220699  -13.148323539   11.829400782
    0.666398442    1.047197551  -16.816980056   -9.400730906   14.694450539
    0.856797996    1.047197551  -17.922059696   -1.852501111   16.585878350
    1.047197551    1.047197551  -17.427142743    6.924186611   16.939972623
    1.237597106    1.047197551  -15.376768705   14.106485278   15.620592453
    1.427996661    1.047197551  -12.282889142   17.709421982   12.979947921
    1.618396215    1.047197551   -8.890451114   17.314376168    9.689207399
    1.808795770    1.047197551   -5.887398947   13.846876665    6.440822388
    1.999195325    1.047197551   -3.722068071    8.743665146    3.684661337
    2.189594880    1.047197551   -2.590451541    3.113739816    1.533864743
    2.379994435    1.047197551   -2.542925700   -2.618712640   -0.169711235
    2.570393989    1.047197551   -3.596700295   -8.464569564   -1.696676567
    2.760793544    1.047197551   -5.768184188  -14.282162001   -3.268429752
    2.951193099    1.047197551   -8.997096901  -19.457384966   -4.950936825

   -3.141592654    1.396263402  -15.807445986  -26.291810709   -8.944691191
   -2.951193099    1.396263402  -20.860681234  -26.244759409  -10.724702625
   -2.760793544    1.396263402  -25.610037680  -23.273145271  -11.659068839
   -2.570393989    1.396263402  -29.648357205  -19.154171649  -11.468587964
   -2.379994435    1.396263402  -32.979082351  -16.179965567  -10.137869819
   -2.189594880    1.396263402  -35.962060073  -15.523973786   -7.910533477
   -1.999195325    1.396263402  -38.972376733  -16.086223718   -5.193289430
   -1.808795770    1.396263402  -41.975387083  -14.870779871   -2.434996385
   -1.618396215    1.396263402  -44.326910461   -8.873025178   -0.033105119
   -1.427996661    1.396263402  -44.994823672    2.690351062    1.733264523
   -1.237597106    1.396263402  -43.096180480   17.455903673    2.748559088
   -1.047197551    1.396263402  -38.431385508   30.921246129    3.082590011
   -0.856797996    1.396263402  -31.682926363   38.756156073    2.961003880
   -0.666398442    1.396263402  -24.167276788   38.830647790    2.699948396
   -0.475998887    1.396263402  -17.332638290   31.928808227    2.612834613
   -0.285599332    1.396263402  -12.264805507   20.849605318    2.978637150
   -0.095199777    1.396263402   -9.437346846    8.938207384    3.982282717
    0.095199777    1.396263402   -8.727816947   -0.994887434    5.692874451
    0.285599332    1.396263402   -9.571215335   -7.163905864    7.984042999
    0.475998887    1.396263402  -11.161802673   -8.825352436   10.498524286
    0.666398442    1.396263402  -12.651212904   -6.260509766   12.685002135
    0.856797996    1.396263402  -13.343932874   -0.771932123   13.964168195
    1.047197551    1.396263402  -12.872366753    5.603022809   13.942331587
    1.237597106    1.396263402  -11.280213217   10.727650418   12.593989607
    1.427996661    1.396263402   -8.958289861   13.150012459   10.266002127
    1.618396215    1.396263402   -6.466297066   12.572617142    7.514306270
    1.808795770    1.396263402   -4.322214054    9.649048139    4.861913306
    1.999195325    1.396263402   -2.881103120    5.334785090    2.603327314
    2.189594880    1.396263402   -2.336683056    0.294756910    0.750828033
    2.379994435    1.396263402   -2.803903988   -5.285121180   -0.895140254
    2.570393989    1.396263402   -4.385539667  -11.396837983   -2.602497984
    2.760793544    1.396263402   -7.157793473  -17.663119866   -4.556227881
    2.951193099    1.396263402  -11.061968448  -23.099063230   -6.750775549

   -3.141592654    1.745329252  -19.352267439  -30.542406855   -9.609718911
   -2.951193099    1.745329252  -25.104888499  -29.178056937  -11.476115892
   -2.760793544    1.745329252  -30.220309996  -24.080744865  -12.375872366
   -2.570393989    1.745329252  -34.178777672  -17.501530821  -11.961455748
   -2.379994435    1.745329252  -36.976725118  -12.326034043  -10.174471236
   -2.189594880    1.745329252  -39.072439374  -10.208899688   -7.264269752
   -1.999195325    1.745329252  -41.008256055  -10.281564521   -3.708763620
   -1.808795770    1.745329252  -42.935900801   -9.525346206   -0.092779329
   -1.618396215    1.745329252  -44.374021917   -4.720026311    3.012172574
   -1.427996661    1.745329252  -44.397829010    5.271093495    5.166730041
   -1.237597106    1.745329252  -42.157813505   18.497518074    6.167004029
   -1.047197551    1.745329252  -37.411628619   30.820707977    6.102575189
   -0.856797996    1.745329252  -30.743087513   38.122561305    5.318032609
   -0.666398442    1.745329252  -23.347685255   38.280000630    4.293161918
   -0.475998887    1.745329252  -16.568021685   31.963860882    3.475940076
   -0.285599332    1.745329252  -11.411379805   21.770085228    3.197545229
   -0.095199777    1.745329252   -8.314732253   10.842405286    3.605494199
    0.095199777    1.745329252   -7.159522842    1.730069824    4.679447466
    0.285599332    1.745329252   -7.438638598   -4.062255366    6.223571627
    0.475998887    1.745329252   -8.455770800   -6.035213471    7.895845880
    0.666398442    1.745329252   -9.504070851   -4.527079555    9.266968893
    0.856797996    1.745329252  -10.013469423   -0.632359454    9.947857863
    1.047197551    1.745329252   -9.678111402    4.066121449    9.715178956
    1.237597106    1.745329252   -8.510191690    7.909909722    8.608023008
    1.427996661    1.745329252   -6.792995510    9.739115442    6.896561935
    1.618396215    1.745329252   -4.953485308    9.225280307    4.958131157
    1.808795770    1.745329252   -3.408026653    6.738978188    3.115079424
    1.999195325    1.745329252   -2.477325905    2.852862352    1.514411288
    2.189594880    1.745329252   -2.388475350   -2.078752167    0.103838802
    2.379994435    1.745329252   -3.333258904   -8.002234915   -1.310755368
    2.570393989    1.745329252   -5.495584763  -14.819428154   -2.955332325
    2.760793544    1.745329252   -8.995245090  -21.861170755   -4.963938842
    2.951193099    1.745329252  -13.747739347  -27.707143479   -7.280501142

   -3.141592654    2.094395102  -22.681206719  -34.565507585   -7.893654586
   -2.951193099    2.094395102  -29.093538659  -31.919640790   -9.232558082
   -2.760793544    2.094395102  -34.538762363  -24.687750149   -9.676077821
   -2.570393989    2.094395102  -38.371884013  -15.556368743   -8.920555391
   -2.379994435    2.094395102  -40.565981797   -8.007969656   -6.898873781
   -2.189594880    2.094395102  -41.667357252   -4.237206246   -3.803768499
   -1.999195325    2.094395102  -42.390548332   -3.703905974   -0.047820921
   -1.808795770    2.094395102  -43.097366536   -3.458639386    3.807497068
   -1.618396215    2.094395102  -43.506284258   -0.105787205    7.143824753
   -1.427996661    2.094395102  -42.837110224    7.884015937    9.418091225
   -1.237597106    2.094395102  -40.296427450   19.082848864   10.314545759
   -1.047197551    2.094395102  -35.597103807   29.853348387    9.859326725
   -0.856797996    2.094395102  -29.199251586   36.386163566    8.415664169
   -0.666398442    2.094395102  -22.141849934   36.570287494    6.550883258
   -0.475998887    2.094395102  -15.634609565   30.876085104    4.822125338
   -0.285599332    2.094395102  -10.601397198   21.568960167    3.627132280
   -0.095199777    2.094395102   -7.458962837   11.496538204    3.107702101
    0.095199777    2.094395102   -6.117352734    2.973561519    3.180281586
    0.285599332    2.094395102   -6.134370103   -2.627431425    3.595373781
    0.475998887    2.094395102   -6.894582459   -4.843658483    4.043636611
    0.666398442    2.094395102   -7.769248401   -3.934717774    4.252798575
    0.856797996    2.094395102   -8.240527282   -0.832674343    4.077920898
    1.047197551    2.094395102   -8.018445935    3.106663281    3.527001992
    1.237597106    2.094395102   -7.089883683    6.404662009    2.737131305
    1.427996661    2.094395102   -5.687188013    7.992893506    1.890660338
    1.618396215    2.094395102   -4.182141173    7.494033034    1.128470933
    1.808795770    2.094395102   -2.954731561    5.132267179    0.496683676
    1.999195325    2.094395102   -2.323228969    1.287453825   -0.062426493
    2.189594880    2.094395102   -2.547444869   -3.853253848   -0.680320658
    2.379994435    2.094395102   -3.876033972  -10.312513354   -1.516223477
    2.570393989    2.094395102   -6.550836317  -17.918762903   -2.699681255
    2.760793544    2.094395102  -10.719469948  -25.764741004   -4.265251729
    2.951193099    2.094395102  -16.265948236  -32.045969817   -6.096224954

   -3.141592654    2.443460953  -25.003157862  -37.155594636   -3.095325200
   -2.951193099    2.443460953  -31.819897257  -33.456367044   -3.201467745
   -2.760793544    2.443460953  -37.402378720  -24.499538929   -2.746518476
   -2.570393989    2.443460953  -41.001823324  -13.258456778   -1.602588545
   -2.379994435    2.443460953  -42.556711425   -3.634752919    0.264208458
   -2.189594880    2.443460953  -42.662245501    1.736909249    2.780404467
   -1.999195325    2.443460953  -42.160335378    3.024828788    5.740799470
   -1.808795770    2.443460953  -41.598875402    2.944731568    8.781814431
   -1.618396215    2.443460953  -40.907956498    4.873936282   11.399865464
   -1.427996661    2.443460953  -39.495238887   10.613910233   13.065814947
   -1.237597106    2.443460953  -36.676913379   19.275478333   13.411056892
   -1.047197551    2.443460953  -32.158855622   27.866229390   12.397364067
   -0.856797996    2.443460953  -26.280642210   33.084299311   10.354400423
   -0.666398442    2.443460953  -19.893636482   32.984312264    7.852568006
   -0.475998887    2.443460953  -14.024933885   27.858776469    5.468825321
   -0.285599332    2.443460953   -9.473875437   19.547491400    3.593379963
   -0.095199777    2.443460953   -6.620266747   10.446243540    2.321077184
    0.095199777    2.443460953   -5.412859269    2.535723341    1.500016198
    0.285599332    2.443460953   -5.492695274   -2.927108052    0.850944795
    0.475998887    2.443460953   -6.328361890   -5.381798361    0.134444528
    0.666398442    2.443460953   -7.341202591   -4.836072269   -0.733013795
    0.856797996    2.443460953   -8.010451092   -1.960627495   -1.644622098
    1.047197551    2.443460953   -8.002393927    2.047293641   -2.380831803
    1.237597106    2.443460953   -7.247608185    5.676875235   -2.743585747
    1.427996661    2.443460953   -5.942940353    7.690793372   -2.671117294
    1.618396215    2.443460953   -4.462372256    7.507660485   -2.264666208
    1.808795770    2.443460953   -3.221201183    5.216875151   -1.727471553
    1.999195325    2.443460953   -2.589449919    1.159091002   -1.270491341
    2.189594880    2.443460953   -2.878974953   -4.448850640   -1.042781031
    2.379994435    2.443460953   -4.381176319  -11.564552041   -1.109867253
    2.570393989    2.443460953   -7.364048516  -19.904064384   -1.460325207
    2.760793544    2.443460953  -11.974263166  -28.384432083   -2.013570200
    2.951193099    2.443460953  -18.054299114  -34.948700071   -2.626304262

   -3.141592654    2.792526803  -25.270173518  -36.788477077    3.132630665
   -2.951193099    2.792526803  -31.965900382  -32.535512160    4.523083721
   -2.760793544    2.792526803  -37.311474607  -22.920977996    6.025923971
   -2.570393989    2.792526803  -40.543507133  -10.972726567    7.571194912
   -2.379994435    2.792526803  -41.594809005   -0.633781081    9.175304703
   -2.189594880    2.792526803  -41.065621317    5.379168495   10.922557287
   -1.999195325    2.792526803  -39.827598593    7.050732623   12.852960651
   -1.808795770    2.792526803  -38.502624795    6.827636538   14.824052052
   -1.618396215    2.792526803  -37.144712630    7.863599858   16.460108795
   -1.427996661    2.792526803  -35.308298732   11.968764672   17.262638347
   -1.237597106    2.792526803  -32.424500110   18.583062721   16.836855143
   -1.047197551    2.792526803  -28.226867358   25.266289192   15.107207625
   -0.856797996    2.792526803  -22.975809503   29.238222640   12.381874708
   -0.666398442    2.792526803  -17.368013196   28.789715215    9.224060374
   -0.475998887    2.792526803  -12.267574883   24.082993715    6.211969910
   -0.285599332    2.792526803   -8.363456452   16.547983099    3.716917637
   -0.095199777    2.792526803   -6.011209920    8.138066943    1.802738610
    0.095199777    2.792526803   -5.205433981    0.556017932    0.281700138
    0.285599332    2.792526803   -5.660395627   -4.930719643   -1.129351496
    0.475998887    2.792526803   -6.891073373   -7.514242212   -2.617700002
    0.666398442    2.792526803   -8.306983492   -6.868106935   -4.153530831
    0.856797996    2.792526803   -9.320244539   -3.453360310   -5.491097349
    1.047197551    2.792526803   -9.513078306    1.486663896   -6.299204754
    1.237597106    2.792526803   -8.765061953    6.160477629   -6.354803750
    1.427996661    2.792526803   -7.285139082    8.985496789   -5.670964615
    1.618396215    2.792526803   -5.516202306    9.157975913   -4.490164000
    1.808795770    2.792526803   -3.964624055    6.759139417   -3.156292867
    1.999195325    2.792526803   -3.075496211    2.286995824   -1.954676540
    2.189594880    2.792526803   -3.198985118   -3.833704277   -1.014676660
    2.379994435    2.792526803   -4.628605546  -11.396545747   -0.302441544
    2.570393989    2.792526803   -7.609327207  -20.016720492    0.322380912
    2.760793544    2.792526803  -12.250805632  -28.564989094    1.030584097
    2.951193099    2.792526803  -18.352836798  -34.962895649    1.951008296
