#! FIELDS phi psi file.free der_phi der_psi
#! SET min_phi -pi
#! SET max_phi pi
#! SET nbins_phi  33
#! SET periodic_phi true
#! SET min_psi -pi
#! SET max_psi pi
#! SET nbins_psi  18
#! SET periodic_psi true
   -3.141592654   -3.141592654  -99.964039781  -52.424196965   16.618564035
   -2.951193099   -3.141592654 -108.224332254  -33.771280296   19.059155031
   -2.760793544   -3.141592654 -112.708014066  -13.641059524   20.561957093
   -2.570393989   -3.141592654 -113.649797885    2.703218436   21.276713019
   -2.379994435   -3.141592654 -112.123731422   11.989503315   21.666196915
   -2.189594880   -3.141592654 -109.545354100   14.006532149   22.357812453
   -1.999195325   -3.141592654 -107.079191844   11.472344336   23.876627716
   -1.808795770   -3.141592654 -105.190231257    8.677476562   26.377462874
   -1.618396215   -3.141592654 -103.533856335    9.533446455   29.505700660
   -1.427996661   -3.141592654 -101.202324659   15.822147811   32.482516692
   -1.237597106   -3.141592654  -97.214843592   26.517346645   34.390006089
   -1.047197551   -3.141592654  -91.016779591   38.363294278   34.514316846
   -0.856797996   -3.141592654  -82.768369750   47.375022768   32.577803997
   -0.666398442   -3.141592654  -73.345965470   50.206524451   28.755814494
   -0.475998887   -3.141592654  -64.122528281   45.170068638   23.530432940
   -0.285599332   -3.141592654  -56.620829328   32.298428938   17.447737548
   -0.095199777   -3.141592654  -52.197972351   13.252240094   10.965737508
    0.095199777   -3.141592654  -51.746846151   -8.760305742    4.409348206
    0.285599332   -3.141592654  -55.409011190  -29.067226680   -1.931702373
    0.475998887   -3.141592654  -62.339782829  -42.191221256   -7.679255680
    0.666398442   -3.141592654  -70.695830485  -43.427625933  -12.314579138
    0.856797996   -3.141592654  -77.990311761  -31.172501667  -15.293868914
    1.047197551   -3.141592654  -81.869337029   -8.412378375  -16.271310904
    1.237597106   -3.141592654  -80.972313775   17.555663252  -15.316685153
    1.427996661   -3.141592654  -75.532219265   37.919610848  -12.924457896
    1.618396215   -3.141592654  -67.324711926   45.831479902   -9.800542564
    1.808795770   -3.141592654  -59.027566766   38.874902246   -6.547739289
    1.999195325   -3.141592654  -53.319398355   19.379462414   -3.441323694
    2.189594880   -3.141592654  -52.091494255   -7.095684125   -0.429670829
    2.379994435   -3.141592654  -56.034350635  -33.819055711    2.703857367
    2.570393989   -3.141592654  -64.592426649  -54.675095991    6.117284589
    2.760793544   -3.141592654  -76.203752667  -65.388419833    9.770061045
    2.951193099   -3.141592654  -88.724863764  -64.228945351   13.400050680

   -3.141592654   -2.792526803  -92.404380367  -47.855006221   24.729577575
   -2.951193099   -2.792526803 -100.002007912  -31.414090243   26.976373550
   -2.760793544   -2.792526803 -104.236855462  -13.303140880   27.938408765
   -2.570393989   -2.792526803 -105.244813738    1.852647594   27.946750705
   -2.379994435   -2.792526803 -103.896157613   11.202846774   27.618935053
   -2.189594880   -2.792526803 -101.358850087   14.542450056   27.641819697
   -1.999195325   -2.792526803  -98.597755006   14.095734145   28.494533118
   -1.808795770   -2.792526803  -96.012931560   13.260009926   30.225668816
   -1.618396215   -2.792526803  -93.378699316   14.970985193   32.378691209
   -1.427996661   -2.792526803  -90.068385390   20.350925854   34.125384752
   -1.237597106   -2.792526803  -85.453438868   28.318445561   34.563440732
   -1.047197551   -2.792526803  -79.279393125   36.191755594   33.049780835
   -0.856797996   -2.792526803  -71.855740637   40.927478939   29.412580463
   -0.666398442   -2.792526803  -64.025280683   40.116437047   23.962043186
   -0.475998887   -2.792526803  -56.976328409   32.655552424   17.341645489
   -0.285599332   -2.792526803  -51.978266647   18.750293747   10.269849105
   -0.095199777   -2.792526803  -50.133609010   -0.089435857    3.365507185
    0.095199777   -2.792526803  -52.122113922  -20.887805278   -2.937487847
    0.285599332   -2.792526803  -57.910906211  -39.142133579   -8.326792809
    0.475998887   -2.792526803  -66.505128007  -49.466189686  -12.524204643
    0.666398442   -2.792526803  -75.931753900  -47.318285749  -15.240905647
    0.856797996   -2.792526803  -83.625695213  -31.467736010  -16.260649402
    1.047197551   -2.792526803  -87.246538180   -5.505894526  -15.567723676
    1.237597106   -2.792526803  -85.565733462   22.702994742  -13.454630278
    1.427996661   -2.792526803  -79.029685503   44.101833023  -10.441761958
    1.618396215   -2.792526803  -69.627212440   52.092197151   -7.066455477
    1.808795770   -2.792526803  -60.166027176   44.840683130   -3.651595346
    1.999195325   -2.792526803  -53.336883608   25.257372915   -0.206793404
    2.189594880   -2.792526803  -50.961320098   -0.842632712    3.470930632
    2.379994435   -2.792526803  -53.650734098  -26.894546672    7.587606320
    2.570393989   -2.792526803  -60.833378851  -47.227015175   12.144586573
    2.760793544   -2.792526803  -71.021536830  -58.034830489   16.859635525
    2.951193099   -2.792526803  -82.220068685  -57.857132873   21.232798103

   -3.141592654   -2.443460953  -84.035291971  -42.939365467   22.442301086
   -2.951193099   -2.443460953  -90.909831832  -28.739656328   24.090749962
   -2.760793544   -2.443460953  -94.827246581  -12.547610418   24.651864124
   -2.570393989   -2.443460953  -95.808978791    1.546779317   24.477943578
   -2.379994435   -2.443460953  -94.532534651   10.937643255   24.066722824
   -2.189594880   -2.443460953  -91.963633157   15.258266350   23.881535094
   -1.999195325   -2.443460953  -88.937180402   16.163388999   24.174157630
   -1.808795770   -2.443460953  -85.859488610   16.226210489   24.867859231
   -1.618396215   -2.443460953  -82.667641892   17.614879282   25.541334965
   -1.427996661   -2.443460953  -79.011623942   21.074912100   25.550747322
   -1.237597106   -2.443460953  -74.558010684   25.727986490   24.263295311
   -1.047197551   -2.443460953  -69.254842759   29.619455363   21.314484199
   -0.856797996   -2.443460953  -63.446473667   30.674664472   16.754557753
   -0.666398442   -2.443460953  -57.832285817   27.353768630   11.029570711
   -0.475998887   -2.443460953  -53.326465108   18.993056120    4.825695819
   -0.285599332   -2.443460953  -50.888792169    5.767484674   -1.178260919
   -0.095199777   -2.443460953  -51.354982847  -11.222890758   -6.472855581
    0.095199777   -2.443460953  -55.232219270  -29.516656580  -10.788248380
    0.285599332   -2.443460953  -62.405182475  -45.029955985  -14.021534856
    0.475998887   -2.443460953  -71.858471195  -52.599451360  -16.136512817
    0.666398442   -2.443460953  -81.627476434  -47.801101430  -17.089915656
    0.856797996   -2.443460953  -89.180358486  -29.539442072  -16.860227815
    1.047197551   -2.443460953  -92.242665661   -1.656569026  -15.508735939
    1.237597106   -2.443460953  -89.701889758   27.771953700  -13.256119022
    1.427996661   -2.443460953  -82.144781178   49.657525079  -10.427899482
    1.618396215   -2.443460953  -71.678236231   57.674711457   -7.332798679
    1.808795770   -2.443460953  -61.156430574   50.434019151   -4.122330491
    1.999195325   -2.443460953  -53.233552330   31.223657525   -0.748246951
    2.189594880   -2.443460953  -49.650564589    5.923880427    2.944881476
    2.379994435   -2.443460953  -50.959983479  -19.190321411    7.051922610
    2.570393989   -2.443460953  -56.609894090  -38.943491465   11.455960357
    2.760793544   -2.443460953  -65.225341435  -49.969176306   15.803539044
    2.951193099   -2.443460953  -74.985231494  -50.977398979   19.608344835

   -3.141592654   -2.094395102  -77.802739831  -39.357593226   13.683483824
   -2.951193099   -2.094395102  -84.148494532  -26.749812595   14.658248587
   -2.760793544   -2.094395102  -87.818416437  -11.881717673   15.084401501
   -2.570393989   -2.094395102  -88.763154394    1.352870373   15.186595571
   -2.379994435   -2.094395102  -87.567803400   10.354160932   15.145641615
   -2.189594880   -2.094395102  -85.120130587   14.599338469   15.030264968
   -1.999195325   -2.094395102  -82.221621610   15.450481253   14.781419138
   -1.808795770   -2.094395102  -79.309975886   15.108649377   14.228846063
   -1.618396215   -2.094395102  -76.420813866   15.431157506   13.126315952
   -1.427996661   -2.094395102  -73.341963424   17.087140333   11.221728421
   -1.237597106   -2.094395102  -69.861727839   19.464287790    8.359933338
   -1.047197551   -2.094395102  -65.967850203   21.162023043    4.592475737
   -0.856797996   -2.094395102  -61.927126695   20.740434160    0.204460742
   -0.666398442   -2.094395102  -58.253671208   17.130964786   -4.346400962
   -0.475998887   -2.094395102  -55.621106925    9.738689542   -8.559900033
   -0.285599332   -2.094395102  -54.775415357   -1.574865149  -12.057388232
   -0.095199777   -2.094395102  -56.422416166  -16.260103064  -14.663556148
    0.095199777   -2.094395102  -61.045867600  -32.360665939  -16.414517043
    0.285599332   -2.094395102  -68.582543646  -46.072212690  -17.461626822
    0.475998887   -2.094395102  -78.095536697  -52.229432069  -17.959130296
    0.666398442   -2.094395102  -87.680070767  -46.256556617  -17.972810913
    0.856797996   -2.094395102  -94.836537408  -26.920311306  -17.477806930
    1.047197551   -2.094395102  -97.307139326    1.918184109  -16.395320380
    1.237597106   -2.094395102  -94.011705756   32.081304626  -14.702502037
    1.427996661   -2.094395102  -85.587761742   54.402453553  -12.458926917
    1.618396215   -2.094395102  -74.194637421   62.634964748   -9.797523372
    1.808795770   -2.094395102  -62.710474866   55.588840734   -6.848544281
    1.999195325   -2.094395102  -53.773344791   36.748954725   -3.689992936
    2.189594880   -2.094395102  -49.086585625   12.003318791   -0.358088988
    2.379994435   -2.094395102  -49.185043102  -12.592213129    3.082187409
    2.570393989   -2.094395102  -53.555626950  -32.201070876    6.462623324
    2.760793544   -2.094395102  -60.921430487  -43.709798098    9.518619864
    2.951193099   -2.094395102  -69.587516614  -45.847828359   11.976942134

   -3.141592654   -1.745329252  -75.120199778  -37.814500892    4.745281839
   -2.951193099   -1.745329252  -81.250788795  -25.983408798    4.838792761
   -2.760793544   -1.745329252  -84.822657050  -11.582221757    4.840420447
   -2.570393989   -1.745329252  -85.737236840    1.380812558    4.857289686
   -2.379994435   -1.745329252  -84.565118503   10.053929502    4.800144528
   -2.189594880   -1.745329252  -82.228222987   13.668376338    4.413463746
   -1.999195325   -1.745329252  -79.602112342   13.437477663    3.405091429
   -1.808795770   -1.745329252  -77.214054227   11.555306538    1.587822673
   -1.618396215   -1.745329252  -75.173696861   10.047407423   -1.039926025
   -1.427996661   -1.745329252  -73.292644412    9.937564671   -4.293170028
   -1.237597106   -1.745329252  -71.303309731   11.093404485   -7.860060097
   -1.047197551   -1.745329252  -69.045194733   12.549596758  -11.365919499
   -0.856797996   -1.745329252  -66.574120859   13.065597814  -14.451914284
   -0.666398442   -1.745329252  -64.187444105   11.436387066  -16.829176472
   -0.475998887   -1.745329252  -62.400500331    6.597038228  -18.321036773
   -0.285599332   -1.745329252  -61.908500390   -2.197509553  -18.910262461
   -0.095199777   -1.745329252  -63.477189728  -14.942424725  -18.741539490
    0.095199777   -1.745329252  -67.733819509  -29.975338008  -18.101391310
    0.285599332   -1.745329252  -74.785770304  -43.489938169  -17.322760891
    0.475998887   -1.745329252  -83.839619003  -50.048515524  -16.673805279
    0.666398442   -1.745329252  -93.064538990  -44.655323273  -16.251782564
    0.856797996   -1.745329252  -99.955248462  -25.652696017  -15.952681371
    1.047197551   -1.745329252 -102.179269641    3.322704929  -15.508208753
    1.237597106   -1.745329252  -98.564191473   34.093220712  -14.632763504
    1.427996661   -1.745329252  -89.676036205   57.272325278  -13.142705438
    1.618396215   -1.745329252  -77.653028503   66.349345907  -11.040283577
    1.808795770   -1.745329252  -65.395177667   59.949752025   -8.482774520
    1.999195325   -1.745329252  -55.584138270   41.515228249   -5.704079103
    2.189594880   -1.745329252  -49.969173134   16.939488269   -2.934509623
    2.379994435   -1.745329252  -49.131828211   -7.756624763   -0.379913867
    2.570393989   -1.745329252  -52.617427253  -27.808479612    1.769948680
    2.760793544   -1.745329252  -59.217108776  -40.113969928    3.358923578
    2.951193099   -1.745329252  -67.294727859  -43.282070524    4.322232095

   -3.141592654   -1.396263402  -76.721122091  -39.131318220    2.696380766
   -2.951193099   -1.396263402  -83.073468236  -26.904085414    2.161041714
   -2.760793544   -1.396263402  -86.747887286  -11.729674897    1.608371186
   -2.570393989   -1.396263402  -87.624683951    1.840803199    1.089299181
   -2.379994435   -1.396263402  -86.361156577   10.398843403    0.421176290
   -2.189594880   -1.396263402  -84.048396290   12.903526043   -0.754034963
   -1.999195325   -1.396263402  -81.742747949   10.732289079   -2.786638068
   -1.808795770   -1.396263402  -80.082943722    6.619752357   -5.818756853
   -1.618396215   -1.396263402  -79.167353368    3.295431725   -9.665968863
   -1.427996661   -1.396263402  -78.667410069    2.387351298  -13.840955016
   -1.237597106   -1.396263402  -78.087466563    4.069884748  -17.708425911
   -1.047197551   -1.396263402  -77.015852590    7.296301192  -20.675673787
   -0.856797996   -1.396263402  -75.305786747   10.417140782  -22.364447075
   -0.666398442   -1.396263402  -73.148808388   11.661449252  -22.675335690
   -0.475998887   -1.396263402  -71.065584111    9.379893714  -21.763337027
   -0.285599332   -1.396263402  -69.859315173    2.363156582  -19.967812723
   -0.095199777   -1.396263402  -70.474561215   -9.680834811  -17.716271810
    0.095199777   -1.396263402  -73.754320944  -25.158000581  -15.455371754
    0.285599332   -1.396263402  -80.011063277  -40.083604027  -13.550219936
    0.475998887   -1.396263402  -88.597103883  -48.577263962  -12.209153265
    0.666398442   -1.396263402  -97.722309049  -45.006907201  -11.426755687
    0.856797996   -1.396263402 -104.797173994  -27.069533553  -10.999979384
    1.047197551   -1.396263402 -107.301631928    1.981817028  -10.597359599
    1.237597106   -1.396263402 -103.844455219   33.914489728   -9.906419051
    1.427996661   -1.396263402  -94.826144149   58.845723654   -8.738168127
    1.618396215   -1.396263402  -82.337464621   69.587711704   -7.089235113
    1.808795770   -1.396263402  -69.351864126   64.205982178   -5.104338954
    1.999195325   -1.396263402  -58.701400260   45.922255884   -2.997441363
    2.189594880   -1.396263402  -52.296340844   20.713246009   -0.978279815
    2.379994435   -1.396263402  -50.844869879   -5.147982450    0.767753724
    2.570393989   -1.396263402  -53.965478195  -26.599472331    2.077313313
    2.760793544   -1.396263402  -60.464712561  -40.224719346    2.827900304
    2.951193099   -1.396263402  -68.660671608  -44.318097251    2.994865488

   -3.141592654   -1.047197551  -79.294157024  -42.026112061    4.108130280
   -2.951193099   -1.047197551  -86.155979027  -29.274156188    2.561355196
   -2.760793544   -1.047197551  -90.201154986  -13.254852525    0.939406190
   -2.570393989   -1.047197551  -91.303855631    0.893826230   -0.633873182
   -2.379994435   -1.047197551  -90.227963093    9.206397994   -2.280898367
   -2.189594880   -1.047197551  -88.246989746   10.455662242   -4.335192060
   -1.999195325   -1.047197551  -86.584768321    6.365851899   -7.146738976
   -1.808795770   -1.047197551  -85.936710751    0.453123087  -10.831373463
   -1.618396215   -1.047197551  -86.293878016   -3.678565050  -15.099022322
   -1.427996661   -1.047197551  -87.077996260   -3.853090601  -19.281384124
   -1.237597106   -1.047197551  -87.493107667    0.080474663  -22.560252972
   -1.047197551   -1.047197551  -86.886260960    6.492386665  -24.272632103
   -0.856797996   -1.047197551  -85.012301410   12.884224119  -24.152893049
   -0.666398442   -1.047197551  -82.122555562   16.721338653  -22.387554266
   -0.475998887   -1.047197551  -78.916671417   15.893515542  -19.498095395
   -0.285599332   -1.047197551  -76.431768279    9.078068580  -16.137963852
   -0.095199777   -1.047197551  -75.840224023   -3.889812264  -12.885373194
    0.095199777   -1.047197551  -78.171744385  -21.089324946  -10.125311454
    0.285599332   -1.047197551  -83.849864139  -38.089553800   -7.989949068
    0.475998887   -1.047197551  -92.244014562  -48.481668470   -6.400315854
    0.666398442   -1.047197551 -101.480482220  -46.134012801   -5.156086401
    0.856797996   -1.047197551 -108.807881957  -28.432193166   -4.052030390
    1.047197551   -1.047197551 -111.513650043    1.353138159   -2.947855341
    1.237597106   -1.047197551 -108.051306452   34.646475776   -1.793052882
    1.427996661   -1.047197551  -98.751819132   61.023459784   -0.585863303
    1.618396215   -1.047197551  -85.740124318   72.792754060    0.658777577
    1.808795770   -1.047197551  -72.101556907   67.724521729    1.926052104
    1.999195325   -1.047197551  -60.809934972   49.021229505    3.186089621
    2.189594880   -1.047197551  -53.901437105   22.821565402    4.370012592
    2.379994435   -1.047197551  -52.171815161   -4.371545966    5.346319635
    2.570393989   -1.047197551  -55.281791419  -27.258893129    5.932968009
    2.760793544   -1.047197551  -62.033111401  -42.156356763    5.950558009
    2.951193099   -1.047197551  -70.684656800  -47.070366762    5.315722612

   -3.141592654   -0.698131701  -79.343274525  -46.199529887    4.016540955
   -2.951193099   -0.698131701  -87.015383178  -33.519680568    1.322235945
   -2.760793544   -0.698131701  -91.840972420  -17.169548924   -1.477384031
   -2.570393989   -0.698131701  -93.655699965   -2.715871417   -4.157421475
   -2.379994435   -0.698131701  -93.274242109    5.413929984   -6.740946496
   -2.189594880   -0.698131701  -92.087534272    5.804819208   -9.485615235
   -1.999195325   -0.698131701  -91.428016981    0.470241102  -12.679326754
   -1.808795770   -0.698131701  -92.001714672   -6.358183422  -16.358118269
   -1.618396215   -0.698131701  -93.658923059  -10.276193791  -20.119318006
   -1.427996661   -0.698131701  -95.555377416   -8.666486180  -23.189371083
   -1.237597106   -0.698131701  -96.603814407   -1.574224614  -24.733822614
   -1.047197551   -0.698131701  -95.956536213    8.586940947  -24.240319061
   -0.856797996   -0.698131701  -93.353398918   18.295961179  -21.762772557
   -0.666398442   -0.698131701  -89.212971466   24.186441288  -17.892685217
   -0.475998887   -0.698131701  -84.518567275   23.785480707  -13.509904638
   -0.285599332   -0.698131701  -80.610125668   15.929870004   -9.442513142
   -0.095199777   -0.698131701  -78.891943720    0.989557577   -6.188150291
    0.095199777   -0.698131701  -80.503742824  -18.382512504   -3.807935238
    0.285599332   -0.698131701  -85.839707346  -37.077235491   -1.984772788
    0.475998887   -0.698131701  -94.131761667  -48.255904988   -0.252135453
    0.666398442   -0.698131701 -103.321753072  -45.741494671    1.731189142
    0.856797996   -0.698131701 -110.501962360  -27.225619834    3.984812668
    1.047197551   -0.698131701 -112.882110673    3.535185893    6.215165441
    1.237597106   -0.698131701 -108.927894648   37.552684610    8.012317957
    1.427996661   -0.698131701  -99.040437672   64.206997912    9.112422698
    1.618396215   -0.698131701  -85.430257772   75.829390923    9.533756199
    1.808795770   -0.698131701  -71.252185969   70.312918991    9.523436556
    1.999195325   -0.698131701  -59.526529743   50.963509916    9.377394498
    2.189594880   -0.698131701  -52.323406089   23.943364270    9.261574088
    2.379994435   -0.698131701  -50.474480189   -4.272750211    9.128307175
    2.570393989   -0.698131701  -53.679698750  -28.382410806    8.755470555
    2.760793544   -0.698131701  -60.768946576  -44.572592395    7.865206254
    2.951193099   -0.698131701  -69.991443692  -50.596885433    6.277768971

   -3.141592654   -0.349065850  -78.203665364  -51.728980534    3.253264542
   -2.951193099   -0.349065850  -86.985050814  -39.510903954    0.058579293
   -2.760793544   -0.349065850  -92.942829185  -22.969567525   -3.183067685
   -2.570393989   -0.349065850  -95.814235574   -7.997220737   -6.246829920
   -2.379994435   -0.349065850  -96.398070889    0.495669329   -9.112861261
   -2.189594880   -0.349065850  -96.148972337    0.803112167  -11.945086530
   -1.999195325   -0.349065850  -96.475072437   -4.879707321  -14.902211591
   -1.808795770   -0.349065850  -98.076956050  -11.677420726  -17.891055645
   -1.618396215   -0.349065850 -100.661319458  -14.461557697  -20.432720767
   -1.427996661   -0.349065850 -103.135080270  -10.311948055  -21.788966880
   -1.237597106   -0.349065850 -104.169633130    0.320398220  -21.306610755
   -1.047197551   -0.349065850 -102.813609256   14.042509327  -18.790235660
   -0.856797996   -0.349065850  -98.911289191   26.228988137  -14.665391592
   -0.666398442   -0.349065850  -93.164850911   32.794669566   -9.833071643
   -0.475998887   -0.349065850  -86.915621401   31.233979795   -5.311813505
   -0.285599332   -0.349065850  -81.802020812   21.013495513   -1.829655383
   -0.095199777   -0.349065850  -79.363972246    3.518667671    0.432943648
    0.095199777   -0.349065850  -80.677837806  -17.577269287    1.865294085
    0.285599332   -0.349065850  -85.912520393  -36.564320101    3.206702847
    0.475998887   -0.349065850  -94.022157953  -46.674651091    5.157500339
    0.666398442   -0.349065850 -102.749971619  -42.460024793    7.997046483
    0.856797996   -0.349065850 -109.164354451  -22.619368986   11.404978426
    1.047197551   -0.349065850 -110.625733678    8.345251151   14.611948304
    1.237597106   -0.349065850 -105.833219214   41.370613053   16.809118549
    1.427996661   -0.349065850  -95.371117061   66.378718817   17.569988384
    1.618396215   -0.349065850  -81.501668899   76.453362734   17.017675978
    1.808795770   -0.349065850  -67.307026985   69.982978026   15.670069588
    1.999195325   -0.349065850  -55.685047125   50.287821388   14.107527046
    2.189594880   -0.349065850  -48.619686396   23.177318585   12.683051302
    2.379994435   -0.349065850  -46.938164448   -5.325486351   11.417664385
    2.570393989   -0.349065850  -50.408953565  -30.205608693   10.083314696
    2.760793544   -0.349065850  -57.957056481  -47.628224616    8.376951043
    2.951193099   -0.349065850  -67.893822282  -55.038235941    6.098494473

   -3.141592654    0.000000000  -77.257516056  -57.407839618    1.651338156
   -2.951193099    0.000000000  -87.160137143  -45.503009491   -1.330341108
   -2.760793544    0.000000000  -94.250653220  -28.792207034   -4.247153228
   -2.570393989    0.000000000  -98.192281979  -13.395147091   -6.948742945
   -2.379994435    0.000000000  -99.765898020   -4.530921820   -9.434657494
   -2.189594880    0.000000000 -100.453489549   -4.022836101  -11.809657210
   -1.999195325    0.000000000 -101.676165197   -9.408307680  -14.114773380
   -1.808795770    0.000000000 -104.063909694  -15.238287079  -16.143081836
   -1.618396215    0.000000000 -107.144901789  -15.903580941  -17.389689070
   -1.427996661    0.000000000 -109.601616797   -8.541541335  -17.236512312
   -1.237597106    0.000000000 -109.958026939    5.641432651  -15.295480143
   -1.047197551    0.000000000 -107.305172695   22.109232885  -11.705873685
   -0.856797996    0.000000000 -101.741247225   35.269994187   -7.168106189
   -0.666398442    0.000000000  -94.346026947   40.747226055   -2.676926802
   -0.475998887    0.000000000  -86.814219525   36.580954558    0.889259978
   -0.285599332    0.000000000  -80.971074060   23.365540721    3.146080313
   -0.095199777    0.000000000  -78.310075929    3.735369117    4.338332399
    0.095199777    0.000000000  -79.651732958  -17.763038405    5.222707118
    0.285599332    0.000000000  -84.808889375  -35.292973949    6.712610064
    0.475998887    0.000000000  -92.437239955  -42.806294246    9.431185764
    0.666398442    0.000000000 -100.181916806  -36.160118286   13.356988949
    0.856797996    0.000000000 -105.270497716  -15.330233110   17.761520211
    1.047197551    0.000000000 -105.409413561   14.600146670   21.508402565
    1.237597106    0.000000000  -99.659529371   44.981267805   23.593728351
    1.427996661    0.000000000  -88.811285140   66.854672286   23.608769978
    1.618396215    0.000000000  -75.105238794   74.448671141   21.862961797
    1.808795770    0.000000000  -61.431655789   66.734399745   19.125722362
    1.999195325    0.000000000  -50.456997746   46.880955271   16.195070006
    2.189594880    0.000000000  -44.011369091   20.100164764   13.559316389
    2.379994435    0.000000000  -42.891589744   -8.209862971   11.298457025
    2.570393989    0.000000000  -46.931087543  -33.384881142    9.206506811
    2.760793544    0.000000000  -55.151943614  -51.579090798    6.997133268
    2.951193099    0.000000000  -65.932192205  -59.949900147    4.481402146

   -3.141592654    0.349065850  -75.564724404  -61.192835912    1.054964920
   -2.951193099    0.349065850  -86.227330388  -49.658346213   -0.695826925
   -2.760793544    0.349065850  -94.135214229  -33.179141834   -2.323680671
   -2.570393989    0.349065850  -98.924916631  -17.890836193   -3.875391249
   -2.379994435    0.349065850 -101.357469373   -9.036499751   -5.429455512
   -2.189594880    0.349065850 -102.890962885   -8.348798519   -7.031827438
   -1.999195325    0.349065850 -104.887146822  -13.096270636   -8.597365233
   -1.808795770    0.349065850 -107.855469212  -17.491358426   -9.845861167
   -1.618396215    0.349065850 -111.155363361  -15.807023894  -10.345591536
   -1.427996661    0.349065850 -113.321073896   -5.539463776   -9.696348048
   -1.237597106    0.349065850 -112.843033936   11.277471404   -7.773276050
   -1.047197551    0.349065850 -108.954408465   29.183628936   -4.878369301
   -0.856797996    0.349065850 -102.042826971   42.054270615   -1.664361111
   -0.666398442    0.349065850  -93.512249370   45.683119748    1.148130375
   -0.475998887    0.349065850  -85.281165490   38.972154393    3.098573129
   -0.285599332    0.349065850  -79.196067373   23.685313544    4.226148529
   -0.095199777    0.349065850  -76.558871906    3.465941087    5.055040044
    0.095199777    0.349065850  -77.856686124  -16.726385904    6.387471124
    0.285599332    0.349065850  -82.565565459  -31.449216892    8.926812818
    0.475998887    0.349065850  -89.153281839  -35.785854793   12.909610088
    0.666398442    0.349065850  -95.333201076  -27.051163109   17.891598835
    0.856797996    0.349065850  -98.658127307   -6.348481490   22.835015324
    1.047197551    0.349065850  -97.294184234   21.035101385   26.494469415
    1.237597106    0.349065850  -90.696963380   47.301388501   27.952466776
    1.427996661    0.349065850  -79.819817420   64.956745221   26.991894639
    1.618396215    0.349065850  -66.789317823   69.534271491   24.119439991
    1.808795770    0.349065850  -54.198038757   60.580568793   20.244579382
    1.999195325    0.349065850  -44.388255955   40.999227032   16.245430788
    2.189594880    0.349065850  -38.969118755   15.258378519   12.669863514
    2.379994435    0.349065850  -38.666329311  -11.995867410    9.674927356
    2.570393989    0.349065850  -43.359239517  -36.552557011    7.162362045
    2.760793544    0.349065850  -52.166987258  -54.659006320    4.959930305
    2.951193099    0.349065850  -63.556916820  -63.315659278    2.940834126

   -3.141592654    0.698131701  -73.887437569  -62.818534663    0.295710873
   -2.951193099    0.698131701  -84.867432457  -51.371619566    0.137782806
   -2.760793544    0.698131701  -93.122592867  -35.106261709    0.124580746
   -2.570393989    0.698131701  -98.302841542  -20.051412836    0.019412828
   -2.379994435    0.698131701 -101.162717161  -11.336570058   -0.333177156
   -2.189594880    0.698131701 -103.132609270  -10.582288412   -0.950182723
   -1.999195325    0.698131701 -105.523077288  -14.935046462   -1.703176678
   -1.808795770    0.698131701 -108.770761673  -18.512220742   -2.363115266
   -1.618396215    0.698131701 -112.156265369  -15.635620864   -2.685354060
   -1.427996661    0.698131701 -114.164886363   -4.074138305   -2.511511856
   -1.237597106    0.698131701 -113.308026047   13.689468779   -1.847259651
   -1.047197551    0.698131701 -108.925877921   31.804246984   -0.869860297
   -0.856797996    0.698131701 -101.562426442   44.057970067    0.172087734
   -0.666398442    0.698131701  -92.752546388   46.584069769    1.115368293
   -0.475998887    0.698131701  -84.445168758   38.979273587    2.006413380
   -0.285599332    0.698131701  -78.373090651   23.744262808    3.155361415
   -0.095199777    0.698131701  -75.608839023    4.987700488    5.025649207
    0.095199777    0.698131701  -76.370989800  -12.450847609    8.053951818
    0.285599332    0.698131701  -79.952325885  -23.886259901   12.388303245
    0.475998887    0.698131701  -84.830547025  -25.620855447   17.702551387
    0.666398442    0.698131701  -88.970420840  -16.186622558   23.165552748
    0.856797996    0.698131701  -90.359868459    2.683153198   27.651069983
    1.047197551    0.698131701  -87.631417275   26.052626759   30.117534096
    1.237597106    0.698131701  -80.549754132   47.344011433   30.025164674
    1.427996661    0.698131701  -70.104640128   60.592726434   27.524948565
    1.618396215    0.698131701  -58.197214760   62.436842194   23.351401255
    1.808795770    0.698131701  -47.059453318   52.713747322   18.473191675
    1.999195325    0.698131701  -38.695512254   33.865875776   13.722372936
    2.189594880    0.698131701  -34.501226293    9.578077854    9.598128835
    2.379994435    0.698131701  -35.133500982  -16.172455414    6.275165571
    2.570393989    0.698131701  -40.501825996  -39.536022424    3.747653769
    2.760793544    0.698131701  -49.796163114  -56.853544752    1.959362467
    2.951193099    0.698131701  -61.558414288  -65.080322020    0.844212471

   -3.141592654    1.047197551  -75.068786064  -62.703971834   -4.786636503
   -2.951193099    1.047197551  -85.954792629  -50.554042695   -3.757648248
   -2.760793544    1.047197551  -94.026042363  -34.055884990   -2.408354174
   -2.570393989    1.047197551  -99.018141747  -19.174026185   -1.118568546
   -2.379994435    1.047197551 -101.745829528  -10.839412867   -0.134362339
   -2.189594880    1.047197551 -103.657934508  -10.451891633    0.477078855
   -1.999195325    1.047197551 -106.046625551  -15.011221827    0.773451845
   -1.808795770    1.047197551 -109.313506976  -18.613377562    0.836975557
   -1.618396215    1.047197551 -112.712303641  -15.673498103    0.706515856
   -1.427996661    1.047197551 -114.725004513   -4.101662519    0.382056779
   -1.237597106    1.047197551 -113.882756671   13.529034166   -0.110869737
   -1.047197551    1.047197551 -109.550988835   31.422276023   -0.658158295
   -0.856797996    1.047197551 -102.272979330   43.585959994   -1.022250538
   -0.666398442    1.047197551  -93.528820827   46.464344362   -0.873368332
   -0.475998887    1.047197551  -85.153831175   39.955844501    0.134659942
   -0.285599332    1.047197551  -78.724094972   26.652622090    2.301543952
   -0.095199777    1.047197551  -75.168661038   10.459367230    5.780871997
    0.095199777    1.047197551  -74.635146000   -4.368791078   10.510982882
    0.285599332    1.047197551  -76.483635227  -13.971345793   16.105490307
    0.475998887    1.047197551  -79.420190770  -15.463749615   21.830213275
    0.666398442    1.047197551  -81.764168194   -7.821958185   26.696676885
    0.856797996    1.047197551  -81.882059270    7.419786768   29.728009882
    1.047197551    1.047197551  -78.682044070   26.210851459   30.271839705
    1.237597106    1.047197551  -71.995268158   43.179966514   28.261449945
    1.427996661    1.047197551  -62.657689212   53.397598473   24.207397931
    1.618396215    1.047197551  -52.272829208   53.922760166   18.975042734
    1.808795770    1.047197551  -42.758995847   44.364393594   13.445631120
    1.999195325    1.047197551  -35.894361739   26.552533451    8.258585732
    2.189594880    1.047197551  -32.967920831    3.582191245    3.757175470
    2.379994435    1.047197551  -34.617298872  -20.874719905    0.082742714
    2.570393989    1.047197551  -40.762658414  -42.995933472   -2.675865571
    2.760793544    1.047197551  -50.597426807  -59.059991802   -4.420830880
    2.951193099    1.047197551  -62.661286833  -66.041666171   -5.096128678

   -3.141592654    1.396263402  -80.105726094  -61.196423538  -10.360781261
   -2.951193099    1.396263402  -90.516655998  -47.190158504   -8.747806339
   -2.760793544    1.396263402  -97.841065289  -29.724753014   -6.743730147
   -2.570393989    1.396263402 -101.990875636  -14.791123589   -4.755151595
   -2.379994435    1.396263402 -103.933630801   -7.059813098   -3.005785443
   -2.189594880    1.396263402 -105.212403296   -7.612148821   -1.519922643
   -1.999195325    1.396263402 -107.161963509  -13.255447557   -0.240044105
   -1.808795770    1.396263402 -110.206419261  -18.057758010    0.827209071
   -1.618396215    1.396263402 -113.622812022  -16.433944515    1.561506405
   -1.427996661    1.396263402 -115.903703820   -6.136030254    1.817545361
   -1.237597106    1.396263402 -115.538849022   10.641783440    1.589812701
   -1.047197551    1.396263402 -111.769741286   28.566598611    1.113512925
   -0.856797996    1.396263402 -104.937885163   41.954551028    0.842919896
   -0.666398442    1.396263402  -96.294268895   47.198649720    1.297578739
   -0.475998887    1.396263402  -87.490047766   43.811243247    2.874122586
   -0.285599332    1.396263402  -80.013791044   33.747580793    5.732617044
   -0.095199777    1.396263402  -74.838948715   20.226610969    9.732826300
    0.095199777    1.396263402  -72.284515390    6.835137716   14.451288466
    0.285599332    1.396263402  -71.997382945   -3.061836371   19.195458668
    0.475998887    1.396263402  -73.037436527   -6.767002676   23.111450549
    0.666398442    1.396263402  -74.070196079   -2.952425019   25.372158742
    0.856797996    1.396263402  -73.698455261    7.642450752   25.447583099
    1.047197551    1.396263402  -70.885402270   22.061510240   23.284735918
    1.237597106    1.396263402  -65.315739071   35.840452273   19.352515291
    1.427996661    1.396263402  -57.553244273   44.445236974   14.422611171
    1.618396215    1.396263402  -48.915083437   44.701994086    9.273408758
    1.808795770    1.396263402  -41.116215401   35.632850015    4.436164201
    1.999195325    1.396263402  -35.847842593   18.519539444    0.128529539
    2.189594880    1.396263402  -34.385656097   -3.765012887   -3.625484207
    2.379994435    1.396263402  -37.359713150  -27.390407062   -6.806710733
    2.570393989    1.396263402  -44.632556489  -48.218441215   -9.271190067
    2.760793544    1.396263402  -55.289263605  -62.357363008  -10.776846346
    2.951193099    1.396263402  -67.758407558  -66.938983454  -11.131917952

   -3.141592654    1.745329252  -86.459301589  -59.182182988  -16.480882983
   -2.951193099    1.745329252  -96.313289706  -43.489760151  -14.921577368
   -2.760793544    1.745329252 -102.841518885  -25.209853020  -12.712264641
   -2.570393989    1.745329252 -106.118834722  -10.251079489  -10.201503899
   -2.379994435    1.745329252 -107.234193664   -2.962249411   -7.593549323
   -2.189594880    1.745329252 -107.790656227   -4.142355115   -4.934703129
   -1.999195325    1.745329252 -109.147805045  -10.529756141   -2.238947066
   -1.808795770    1.745329252 -111.759015274  -16.278853072    0.365590990
   -1.618396215    1.745329252 -114.944446479  -15.821664556    2.600435677
   -1.427996661    1.745329252 -117.219445409   -6.656233675    4.165878647
   -1.237597106    1.745329252 -117.022097188    9.518832467    4.954735628
   -1.047197551    1.745329252 -113.445420691   27.850245724    5.184247202
   -0.856797996    1.745329252 -106.616313757   42.818459216    5.356836241
   -0.666398442    1.745329252  -97.583628369   50.514306950    6.045504241
   -0.475998887    1.745329252  -87.889745120   49.817798151    7.636351272
   -0.285599332    1.745329252  -79.048208739   41.932475796   10.177139655
   -0.095199777    1.745329252  -72.195260504   29.433840688   13.340826549
    0.095199777    1.745329252  -67.915558208   15.455678668   16.519763265
    0.285599332    1.745329252  -66.181117185    3.237345449   18.952883757
    0.475998887    1.745329252  -66.361127438   -4.222902837   19.929876523
    0.666398442    1.745329252  -67.327167016   -4.805706485   19.007643154
    0.856797996    1.745329252  -67.701494969    1.821637324   16.206139382
    1.047197551    1.745329252  -66.268466818   13.679245237   12.013505402
    1.237597106    1.745329252  -62.395863568   26.680296756    7.231982047
    1.427996661    1.745329252  -56.329972049   35.957469555    2.633805113
    1.618396215    1.745329252  -49.186702767   37.510270627   -1.315484757
    1.808795770    1.745329252  -42.643381661   29.553997508   -4.564698412
    1.999195325    1.745329252  -38.471941345   12.982488230   -7.357474332
    2.189594880    1.745329252  -38.048733889   -9.168097433   -9.980145756
    2.379994435    1.745329252  -42.034928770  -32.544805146  -12.526850331
    2.570393989    1.745329252  -50.218464089  -52.486447571  -14.804899568
    2.760793544    1.745329252  -61.538197423  -64.910122091  -16.429680358
    2.951193099    1.745329252  -74.282079691  -67.204323175  -17.034677128

   -3.141592654    2.094395102  -93.266673583  -57.834835729  -18.824405425
   -2.951193099    2.094395102 -102.698967064  -40.505089119  -17.423240419
   -2.760793544    2.094395102 -108.549074889  -21.176321614  -15.250391210
   -2.570393989    2.094395102 -111.001049662   -5.689678455  -12.576920990
   -2.379994435    2.094395102 -111.220510733    1.853888017   -9.559514099
   -2.189594880    2.094395102 -110.844483587    0.814372790   -6.216490931
   -1.999195325    2.094395102 -111.257224999   -5.615888818   -2.546039590
   -1.808795770    2.094395102 -112.966375487  -11.805003013    1.318898327
   -1.618396215    2.094395102 -115.381066093  -12.284462035    5.049457567
   -1.427996661    2.094395102 -117.096114670   -4.332181617    8.226588199
   -1.237597106    2.094395102 -116.556308135   10.866070731   10.553861624
   -1.047197551    2.094395102 -112.757756736   28.981157876   12.022156368
   -0.856797996    2.094395102 -105.655976971   44.696852990   12.917966954
   -0.666398442    2.094395102  -96.136210201   53.810004935   13.651354766
   -0.475998887    2.094395102  -85.671613061   54.553571194   14.518090126
   -0.285599332    2.094395102  -75.842555316   47.389496152   15.534426978
   -0.095199777    2.094395102  -67.979489764   34.346886635   16.393910169
    0.095199777    2.094395102  -62.932660965   18.356929395   16.572314290
    0.285599332    2.094395102  -60.937894001    2.907471518   15.505712587
    0.475998887    2.094395102  -61.537687170   -8.316712510   12.839078559
    0.666398442    2.094395102  -63.614344764  -12.202385765    8.633342583
    0.856797996    2.094395102  -65.606556348   -7.480896688    3.451514243
    1.047197551    2.094395102  -65.976904668    4.365105712   -1.808558522
    1.237597106    2.094395102  -63.743436516   18.987823705   -6.240286917
    1.427996661    2.094395102  -58.917483361   30.659583038   -9.315771264
    1.618396215    2.094395102  -52.569993922   34.324002966  -11.064478254
    1.808795770    2.094395102  -46.510281656   27.465588252  -11.982657948
    1.999195325    2.094395102  -42.725139521   10.853713162  -12.732025379
    2.189594880    2.094395102  -42.771207988  -12.015597991  -13.813766936
    2.379994435    2.094395102  -47.369349283  -36.043776611  -15.355654786
    2.570393989    2.094395102  -56.228288333  -55.918727349  -17.096477915
    2.760793544    2.094395102  -68.119107251  -67.309274574  -18.542882366
    2.951193099    2.094395102  -81.159448910  -67.830237427  -19.207704557

   -3.141592654    2.443460953  -99.630069071  -57.133300395  -12.877705439
   -2.951193099    2.443460953 -108.791968345  -38.422163779  -11.198200765
   -2.760793544    2.443460953 -114.132878601  -17.962739082   -8.967386650
   -2.570393989    2.443460953 -115.880093574   -1.521432434   -6.415501114
   -2.379994435    2.443460953 -115.214133102    6.995328036   -3.644023106
   -2.189594880    2.443460953 -113.757969605    7.019480106   -0.581440893
   -1.999195325    2.443460953 -112.892795369    1.553767319    2.906193230
   -1.808795770    2.443460953 -113.179514667   -4.149092997    6.828101709
   -1.618396215    2.443460953 -114.150617762   -4.927005067   10.935549707
   -1.427996661    2.443460953 -114.556102575    1.947864780   14.758545077
   -1.237597106    2.443460953 -112.959650865   15.648092106   17.798526635
   -1.047197551    2.443460953 -108.389933014   32.347152778   19.749452714
   -0.856797996    2.443460953 -100.747934344   47.083071176   20.603993770
   -0.666398442    2.443460953  -90.830825594   55.640352428   20.573242460
   -0.475998887    2.443460953  -80.060326717   55.901574495   19.892953532
   -0.285599332    2.443460953  -70.050208317   47.829135138   18.639328554
   -0.095199777    2.443460953  -62.252670686   33.062021689   16.658380230
    0.095199777    2.443460953  -57.685871613   14.463409880   13.654853583
    0.285599332    2.443460953  -56.725502558   -4.096277920    9.390116825
    0.475998887    2.443460953  -58.939390755  -18.139442365    3.927950729
    0.666398442    2.443460953  -63.062869841  -23.586100451   -2.219314035
    0.856797996    2.443460953  -67.220345035  -18.485049339   -8.144859280
    1.047197551    2.443460953  -69.491164283   -4.298881490  -12.849122682
    1.237597106    2.443460953  -68.582229543   13.845977002  -15.638167995
    1.427996661    2.443460953  -64.393368223   29.003084357  -16.425623480
    1.618396215    2.443460953  -58.112927327   35.029836857  -15.731746236
    1.808795770    2.443460953  -51.822737137   28.921910809  -14.409804424
    1.999195325    2.443460953  -47.805467152   11.660913791  -13.262375004
    2.189594880    2.443460953  -47.822571745  -12.555543560  -12.760170181
    2.379994435    2.443460953  -52.649458918  -37.819391139  -12.939434280
    2.570393989    2.443460953  -61.910800502  -58.215407548  -13.485673578
    2.760793544    2.443460953  -74.215595170  -69.205172969  -13.917269161
    2.951193099    2.443460953  -87.517192547  -68.587392923  -13.793241780

   -3.141592654    2.792526803 -102.830944864  -55.617827911    0.800669750
   -2.951193099    2.792526803 -111.611839273  -35.986631252    2.884629705
   -2.760793544    2.792526803 -116.417610680  -14.826815700    4.817301528
   -2.570393989    2.792526803 -117.515756477    2.141948878    6.540740593
   -2.379994435    2.792526803 -116.100454127   11.225904316    8.225819653
   -2.189594880    2.792526803 -113.765998066   12.056353328   10.231153483
   -1.999195325    2.792526803 -111.845589951    7.617544704   12.912237269
   -1.808795770    2.792526803 -110.883256011    2.854346467   16.379392855
   -1.618396215    2.792526803 -110.470459716    2.476975403   20.343824951
   -1.427996661    2.792526803 -109.495891766    8.877599903   24.166823776
   -1.237597106    2.792526803 -106.697463197   21.209230253   27.098766636
   -1.047197551    2.792526803 -101.251083081   35.928781612   28.571662563
   -0.856797996    2.792526803  -93.135202671   48.467744148   28.382593665
   -0.666398442    2.792526803  -83.160721917   54.868453636   26.670695471
   -0.475998887    2.792526803  -72.737289271   53.022867160   23.751663282
   -0.285599332    2.792526803  -63.482474227   42.745284271   19.905563274
   -0.095199777    2.792526803  -56.878339216   25.586287893   15.275025690
    0.095199777    2.792526803  -53.966618958    4.583176450    9.899988590
    0.285599332    2.792526803  -55.081452288  -15.874381193    3.875674213
    0.475998887    2.792526803  -59.627467922  -30.595268029   -2.467325374
    0.666398442    2.792526803  -66.047179341  -34.916954252   -8.488729219
    0.856797996    2.792526803  -72.105321358  -26.831468915  -13.360125555
    1.047197551    2.792526803  -75.578418646   -8.453688785  -16.358189893
    1.237597106    2.792526803  -75.049603634   13.919895028  -17.190849725
    1.427996661    2.792526803  -70.527059272   32.180015676  -16.140801984
    1.618396215    2.792526803  -63.484835106   39.555957388  -13.928958265
    1.808795770    2.792526803  -56.341045612   33.140980144  -11.380732425
    1.999195325    2.792526803  -51.638549682   14.545125707   -9.094247009
    2.189594880    2.792526803  -51.259320679  -11.248421433   -7.292525324
    2.379994435    2.792526803  -55.961970818  -37.717655104   -5.863465668
    2.570393989    2.792526803  -65.265014534  -58.628111488   -4.530701505
    2.760793544    2.792526803  -77.639056055  -69.411834911   -3.029855394
    2.951193099    2.792526803  -90.914492959  -68.050384540   -1.235014880
