#! FIELDS phi psi file.free der_phi der_psi
#! SET min_phi -pi
#! SET max_phi pi
#! SET nbins_phi  33
#! SET periodic_phi true
#! SET min_psi -pi
#! SET max_psi pi
#! SET nbins_psi  18
#! SET periodic_psi true
   -3.141592654   -3.141592654 -105.478384595  -53.244396145   17.022331310
   -2.951193099   -3.141592654 -113.881859544  -34.452842685   19.383082191
   -2.760793544   -3.141592654 -118.480486224  -14.178544404   20.807245606
   -2.570393989   -3.141592654 -119.514569449    2.252030272   21.455114520
   -2.379994435   -3.141592654 -118.071310298   11.556648917   21.787260247
   -2.189594880   -3.141592654 -115.576885061   13.547014089   22.424016442
   -1.999195325   -3.141592654 -113.200024987   10.996266593   23.893465711
   -1.808795770   -3.141592654 -111.397984620    8.253187131   26.370941998
   -1.618396215   -3.141592654 -109.807361838    9.290460740   29.532537750
   -1.427996661   -3.141592654 -107.491988503   15.918782594   32.622188860
   -1.237597106   -3.141592654 -103.441723288   27.094412737   34.718467181
   -1.047197551   -3.141592654  -97.081909134   39.481510664   35.068532955
   -0.856797996   -3.141592654  -88.572610032   48.970410146   33.329162644
   -0.666398442   -3.141592654  -78.815523251   52.077753857   29.606831705
   -0.475998887   -3.141592654  -69.232745844   47.011037532   24.337882120
   -0.285599332   -3.141592654  -61.411133877   33.754221127   18.067924704
   -0.095199777   -3.141592654  -56.773159910   14.005655824   11.304321235
    0.095199777   -3.141592654  -56.261351396   -8.897324078    4.458043900
    0.285599332   -3.141592654  -60.034342236  -30.079407025   -2.089113762
    0.475998887   -3.141592654  -67.223224563  -43.839348542   -7.894127791
    0.666398442   -3.141592654  -75.922458394  -45.315497234  -12.424169914
    0.856797996   -3.141592654  -83.563416848  -32.860918136  -15.175376201
    1.047197551   -3.141592654  -87.714789743   -9.543589463  -15.877631692
    1.237597106   -3.141592654  -86.962751651   17.172255232  -14.682397640
    1.427996661   -3.141592654  -81.522218847   38.288560747  -12.142694674
    1.618396215   -3.141592654  -73.184663265   46.784207696   -8.983117485
    1.808795770   -3.141592654  -64.672732392   40.119178215   -5.784029198
    1.999195325   -3.141592654  -58.727074788   20.568559295   -2.772390955
    2.189594880   -3.141592654  -57.303346755   -6.273004793    0.152838079
    2.379994435   -3.141592654  -61.140359249  -33.546924092    3.235601405
    2.570393989   -3.141592654  -69.700651324  -54.959584094    6.629927894
    2.760793544   -3.141592654  -81.407280874  -66.072203207   10.269573498
    2.951193099   -3.141592654  -94.077910375  -65.081715340   13.866138418

   -3.141592654   -2.792526803  -97.776293129  -48.887755340   25.287942328
   -2.951193099   -2.792526803 -105.557144921  -32.298029838   27.450600430
   -2.760793544   -2.792526803 -109.942531823  -14.009980750   28.341054598
   -2.570393989   -2.792526803 -111.071721804    1.265906429   28.297084056
   -2.379994435   -2.792526803 -109.829637879   10.654167227   27.932044047
   -2.189594880   -2.792526803 -107.396892379   13.984698969   27.926369338
   -1.999195325   -2.792526803 -104.740224863   13.567232148   28.763979667
   -1.808795770   -2.792526803 -102.243758375   12.882881211   30.512091654
   -1.618396215   -2.792526803  -99.652747950   14.923027815   32.736284295
   -1.427996661   -2.792526803  -96.306642921   20.794182878   34.615995871
   -1.237597106   -2.792526803  -91.553181600   29.328388848   35.228015795
   -1.047197551   -2.792526803  -85.136325517   37.704363805   33.878579774
   -0.856797996   -2.792526803  -77.391802342   42.736107799   30.330848724
   -0.666398442   -2.792526803  -69.212141464   41.914755455   24.842862190
   -0.475998887   -2.792526803  -61.847269413   34.118598859   18.042088417
   -0.285599332   -2.792526803  -56.624232449   19.608951169   10.680764466
   -0.095199777   -2.792526803  -54.686007850    0.017667286    3.454978300
    0.095199777   -2.792526803  -56.725762502  -21.522566025   -3.103842813
    0.285599332   -2.792526803  -62.692926522  -40.347089306   -8.600997901
    0.475998887   -2.792526803  -71.547238549  -50.942511755  -12.721780875
    0.666398442   -2.792526803  -81.253087569  -48.724334054  -15.200696132
    0.856797996   -2.792526803  -89.182990883  -32.505315573  -15.893935379
    1.047197551   -2.792526803  -92.949775914   -5.987939116  -14.877080943
    1.237597106   -2.792526803  -91.302329713   22.825021673  -12.519156568
    1.427996661   -2.792526803  -84.690019883   44.756660906   -9.378789793
    1.618396215   -2.792526803  -75.124537707   53.112008295   -5.989464785
    1.808795770   -2.792526803  -65.452214508   45.993250704   -2.638335644
    1.999195325   -2.792526803  -58.411517502   26.279965485    0.712831065
    2.189594880   -2.792526803  -55.873166464   -0.192238582    4.306573323
    2.379994435   -2.792526803  -58.487372012  -26.771826566    8.365723139
    2.570393989   -2.792526803  -65.699179577  -47.650532337   12.883930892
    2.760793544   -2.792526803  -76.010410314  -58.876529821   17.557920499
    2.951193099   -2.792526803  -87.391743355  -58.901884164   21.870789643

   -3.141592654   -2.443460953  -89.266503619  -44.146758336   22.892481679
   -2.951193099   -2.443460953  -96.354453341  -29.760467179   24.492031568
   -2.760793544   -2.443460953 -100.443366901  -13.337083967   25.020300889
   -2.570393989   -2.443460953 -101.557390166    0.924356544   24.828975348
   -2.379994435   -2.443460953 -100.391407717   10.381164182   24.408701805
   -2.189594880   -2.443460953  -97.926624597   14.714813779   24.217612648
   -1.999195325   -2.443460953  -94.998680116   15.688063790   24.513930521
   -1.808795770   -2.443460953  -91.993155033   15.970820929   25.235473527
   -1.618396215   -2.443460953  -88.813470951   17.770791790   25.971810436
   -1.427996661   -2.443460953  -85.076931327   21.775596363   26.072140679
   -1.237597106   -2.443460953  -80.436620338   26.970947291   24.873149453
   -1.047197551   -2.443460953  -74.856878593   31.235325449   21.963307924
   -0.856797996   -2.443460953  -68.727736540   32.367737309   17.347580421
   -0.666398442   -2.443460953  -62.810174510   28.787498748   11.451975629
   -0.475998887   -2.443460953  -58.077904091   19.897365008    4.981147122
   -0.285599332   -2.443460953  -55.529848602    6.008739244   -1.327547537
   -0.095199777   -2.443460953  -56.011571932  -11.613659564   -6.881272693
    0.095199777   -2.443460953  -60.010357171  -30.370197906  -11.328379676
    0.285599332   -2.443460953  -67.369554840  -46.094264532  -14.516560779
    0.475998887   -2.443460953  -77.023582195  -53.608326501  -16.412672733
    0.666398442   -2.443460953  -86.961622963  -48.545689998  -17.030023791
    0.856797996   -2.443460953  -94.620272652  -29.900473364  -16.435887626
    1.047197551   -2.443460953  -97.711094447   -1.602162563  -14.778667308
    1.237597106   -2.443460953  -95.122141811   28.208697116  -12.335392262
    1.427996661   -2.443460953  -87.450535621   50.406339748   -9.443319362
    1.618396215   -2.443460953  -76.819590769   58.628700997   -6.385328213
    1.808795770   -2.443460953  -66.107890267   51.442854091   -3.266746844
    1.999195325   -2.443460953  -58.002657451   32.091937264    0.006532388
    2.189594880   -2.443460953  -54.284315208    6.441666050    3.619919515
    2.379994435   -2.443460953  -55.541708722  -19.182696978    7.675412844
    2.570393989   -2.443460953  -61.242950015  -39.490296690   12.044471568
    2.760793544   -2.443460953  -70.007501705  -50.963458131   16.355940852
    2.951193099   -2.443460953  -79.981989733  -52.200252330   20.113210480

   -3.141592654   -2.094395102  -82.975162853  -40.576944200   13.717542931
   -2.951193099   -2.094395102  -89.532337096  -27.737562886   14.763521268
   -2.760793544   -2.094395102  -93.364098438  -12.606451444   15.273386364
   -2.570393989   -2.094395102  -94.427833114    0.801883642   15.452416603
   -2.379994435   -2.094395102  -93.330543825    9.854482408   15.465826832
   -2.189594880   -2.094395102  -90.977768319   14.099058997   15.377774404
   -1.999195325   -2.094395102  -88.169471386   15.023606130   15.139328443
   -1.808795770   -2.094395102  -85.318569382   14.926659033   14.594562991
   -1.618396215   -2.094395102  -82.425354744   15.679997794   13.503597150
   -1.427996661   -2.094395102  -79.249536792   17.857844192   11.603663137
   -1.237597106   -2.094395102  -75.576914776   20.684815129    8.713587602
   -1.047197551   -2.094395102  -71.424912426   22.596904036    4.855956008
   -0.856797996   -2.094395102  -67.115407055   22.068785761    0.299972090
   -0.666398442   -2.094395102  -63.222931077   18.055509644   -4.484654550
   -0.475998887   -2.094395102  -60.466810920   10.093309082   -8.956113914
   -0.285599332   -2.094395102  -59.607946169   -1.779828212  -12.672954375
   -0.095199777   -2.094395102  -61.334309442  -16.854492553  -15.394757181
    0.095199777   -2.094395102  -66.087650358  -33.090652030  -17.112748930
    0.285599332   -2.094395102  -73.755532373  -46.691172287  -17.973238388
    0.475998887   -2.094395102  -83.361111600  -52.571321197  -18.171335878
    0.666398442   -2.094395102  -92.979173233  -46.274257702  -17.848516349
    0.856797996   -2.094395102 -100.110857908  -26.661254193  -17.064088026
    1.047197551   -2.094395102 -102.511848356    2.370702523  -15.801885509
    1.237597106   -2.094395102  -99.117018783   32.659859037  -14.061458427
    1.427996661   -2.094395102  -90.573438889   55.074958141  -11.883053907
    1.618396215   -2.094395102  -79.044947438   63.375345824   -9.354883604
    1.808795770   -2.094395102  -67.417576771   56.333976672   -6.557826308
    1.999195325   -2.094395102  -58.347509227   37.369785112   -3.532828226
    2.189594880   -2.094395102  -53.567978945   12.322944758   -0.298210761
    2.379994435   -2.094395102  -53.646956429  -12.730809110    3.082284091
    2.570393989   -2.094395102  -58.092772200  -32.855812339    6.433618729
    2.760793544   -2.094395102  -65.625565010  -44.785277109    9.485542870
    2.951193099   -2.094395102  -74.519142303  -47.122885764   11.964072111

   -3.141592654   -1.745329252  -80.365264504  -38.821141455    4.475786115
   -2.951193099   -1.745329252  -86.663436901  -26.730154728    4.758293781
   -2.760793544   -1.745329252  -90.352404542  -12.085935032    4.948538032
   -2.570393989   -1.745329252  -91.349049575    0.992520534    5.118926233
   -2.379994435   -1.745329252  -90.250907534    9.644508176    5.160009225
   -2.189594880   -1.745329252  -87.997738650   13.200043331    4.815249613
   -1.999195325   -1.745329252  -85.459465219   13.007140410    3.807778987
   -1.808795770   -1.745329252  -83.135093783   11.344986369    1.966630342
   -1.618396215   -1.745329252  -81.099638858   10.224800957   -0.703486592
   -1.427996661   -1.745329252  -79.142515298   10.552071722   -4.025126147
   -1.237597106   -1.745329252  -77.001929105   12.032848943   -7.701241298
   -1.047197551   -1.745329252  -74.552002720   13.570765683  -11.365869635
   -0.856797996   -1.745329252  -71.900362820   13.893152717  -14.652390130
   -0.666398442   -1.745329252  -69.391025328   11.868903948  -17.242418819
   -0.475998887   -1.745329252  -67.563802412    6.589616390  -18.914017668
   -0.285599332   -1.745329252  -67.106256341   -2.525560552  -19.601394708
   -0.095199777   -1.745329252  -68.749920163  -15.363358585  -19.413777519
    0.095199777   -1.745329252  -73.075987234  -30.253259913  -18.630320607
    0.285599332   -1.745329252  -80.153562552  -43.473174311  -17.612258431
    0.475998887   -1.745329252  -89.172897765  -49.717794186  -16.686663301
    0.666398442   -1.745329252  -98.312037078  -44.115463240  -16.022538599
    0.856797996   -1.745329252 -105.092005287  -25.060070625  -15.576203475
    1.047197551   -1.745329252 -107.207618280    3.850311597  -15.108321263
    1.237597106   -1.745329252 -103.500835372   34.527634506  -14.324833739
    1.427996661   -1.745329252  -94.534957135   57.663909534  -13.004371008
    1.618396215   -1.745329252  -82.435923833   66.760250066  -11.100855355
    1.808795770   -1.745329252  -70.096621083   60.383455447   -8.730140933
    1.999195325   -1.745329252  -60.206964220   41.880222345   -6.101391223
    2.189594880   -1.745329252  -54.541202645   17.074583835   -3.436237384
    2.379994435   -1.745329252  -53.712123367   -8.002110488   -0.939824015
    2.570393989   -1.745329252  -57.285507330  -28.487395460    1.199606674
    2.760793544   -1.745329252  -64.048554023  -41.126805467    2.831808089
    2.951193099   -1.745329252  -72.333635475  -44.410169826    3.896898688

   -3.141592654   -1.396263402  -82.124945196  -39.714433885    2.452740267
   -2.951193099   -1.396263402  -88.563249369  -27.227972008    2.156967620
   -2.760793544   -1.396263402  -92.279876359  -11.880437416    1.837859709
   -2.570393989   -1.396263402  -93.182227325    1.688653409    1.507357453
   -2.379994435   -1.396263402  -91.959752919   10.100564343    0.962283272
   -2.189594880   -1.396263402  -89.719529801   12.447332082   -0.154872817
   -1.999195325   -1.396263402  -87.506236763   10.245584405   -2.179711329
   -1.808795770   -1.396263402  -85.926196881    6.295723740   -5.240847277
   -1.618396215   -1.396263402  -85.043675086    3.286238865   -9.149555220
   -1.427996661   -1.396263402  -84.512047364    2.718425258  -13.422858061
   -1.237597106   -1.396263402  -83.844494798    4.626104841  -17.429904794
   -1.047197551   -1.396263402  -82.660759252    7.872742345  -20.571117484
   -0.856797996   -1.396263402  -80.854595763   10.817878165  -22.445039455
   -0.666398442   -1.396263402  -78.646696083   11.784166724  -22.915119673
   -0.475998887   -1.396263402  -76.563912960    9.266934642  -22.096280438
   -0.285599332   -1.396263402  -75.388753233    2.179228276  -20.299087354
   -0.095199777   -1.396263402  -76.028649009   -9.725346958  -17.945117980
    0.095199777   -1.396263402  -79.290165740  -24.909745618  -15.503672950
    0.285599332   -1.396263402  -85.468223123  -39.521296458  -13.386434104
    0.475998887   -1.396263402  -93.925417811  -47.823507691  -11.859362340
    0.666398442   -1.396263402 -102.905079309  -44.275459789  -10.967894282
    0.856797996   -1.396263402 -109.858893850  -26.560277851  -10.537647799
    1.047197551   -1.396263402 -112.295007932    2.183111921  -10.236436671
    1.237597106   -1.396263402 -108.824456991   33.870520693   -9.725168716
    1.427996661   -1.396263402  -99.824813615   58.722042370   -8.773169132
    1.618396215   -1.396263402  -87.353250037   69.549464304   -7.335360177
    1.808795770   -1.396263402  -74.359796507   64.322118840   -5.526791822
    1.999195325   -1.396263402  -63.676665688   46.121186827   -3.548787477
    2.189594880   -1.396263402  -57.238899182   20.819777925   -1.611455368
    2.379994435   -1.396263402  -55.790008949   -5.309378945    0.097073915
    2.570393989   -1.396263402  -58.973001837  -27.096607149    1.417576572
    2.760793544   -1.396263402  -65.591993123  -40.960941664    2.239427800
    2.951193099   -1.396263402  -73.934126218  -45.080945236    2.547144975

   -3.141592654   -1.047197551  -84.843285357  -42.183405148    3.972030098
   -2.951193099   -1.047197551  -91.707065424  -29.153964821    2.680421638
   -2.760793544   -1.047197551  -95.714068691  -13.016667430    1.296325310
   -2.570393989   -1.047197551  -96.777772782    1.025285708   -0.089314653
   -2.379994435   -1.047197551  -95.700294667    9.072170144   -1.611376041
   -2.189594880   -1.047197551  -93.771010163   10.057847384   -3.596780182
   -1.999195325   -1.047197551  -92.198505702    5.850645989   -6.380964507
   -1.808795770   -1.047197551  -91.642967631    0.023827930  -10.071379959
   -1.618396215   -1.047197551  -92.060379274   -3.868207676  -14.379949988
   -1.427996661   -1.047197551  -92.853819095   -3.770605769  -18.644957334
   -1.237597106   -1.047197551  -93.233031335    0.348213209  -22.048728821
   -1.047197551   -1.047197551  -92.568663220    6.793906837  -23.912410687
   -0.856797996   -1.047197551  -90.644297023   13.091309674  -23.938193345
   -0.666398442   -1.047197551  -87.727829294   16.792242404  -22.272704228
   -0.475998887   -1.047197551  -84.516103770   15.900115686  -19.404699623
   -0.285599332   -1.047197551  -82.024205213    9.168512252  -15.977135689
   -0.095199777   -1.047197551  -81.395228225   -3.570753873  -12.586350358
    0.095199777   -1.047197551  -83.638542247  -20.487380637   -9.661241578
    0.285599332   -1.047197551  -89.180043078  -37.288253717   -7.388989435
    0.475998887   -1.047197551  -97.417294430  -47.681110575   -5.739295834
    0.666398442   -1.047197551 -106.520117714  -45.573379790   -4.539405880
    0.856797996   -1.047197551 -113.777716091  -28.280593901   -3.584467414
    1.047197551   -1.047197551 -116.495417467    1.083421892   -2.710269891
    1.237597106   -1.047197551 -113.112902914   34.109502594   -1.826542115
    1.427996661   -1.047197551 -103.921325477   60.466797596   -0.886050150
    1.618396215   -1.047197551  -90.999008679   72.433569637    0.136161033
    1.808795770   -1.047197551  -77.401664337   67.644836910    1.249778917
    1.999195325   -1.047197551  -66.104058338   49.130445375    2.429379319
    2.189594880   -1.047197551  -59.172171498   22.915706207    3.594637806
    2.379994435   -1.047197551  -57.441430840   -4.481610812    4.600014257
    2.570393989   -1.047197551  -60.597134414  -27.627663033    5.259054511
    2.760793544   -1.047197551  -67.434423492  -42.661590581    5.399926543
    2.951193099   -1.047197551  -76.177410211  -47.490188867    4.946855007

   -3.141592654   -0.698131701  -84.991867209  -45.927033009    4.083754973
   -2.951193099   -0.698131701  -92.584093930  -32.980286932    1.571582450
   -2.760793544   -0.698131701  -97.297468121  -16.581222468   -1.062011540
   -2.570393989   -0.698131701  -99.016060403   -2.337228398   -3.611756982
   -2.379994435   -0.698131701  -98.595975652    5.423340410   -6.102053544
   -2.189594880   -0.698131701  -97.441777937    5.468094099   -8.780034769
   -1.999195325   -0.698131701  -96.866306555   -0.044190980  -11.924243479
   -1.808795770   -0.698131701  -97.537117449   -6.836093551  -15.572338816
   -1.618396215   -0.698131701  -99.268274607  -10.560707789  -19.332490031
   -1.427996661   -0.698131701 -101.195998232   -8.718326051  -22.441332841
   -1.237597106   -0.698131701 -102.236044620   -1.456145307  -24.062800315
   -1.047197551   -0.698131701 -101.557987307    8.764971312  -23.664260079
   -0.856797996   -0.698131701  -98.921627152   18.453679893  -21.265768492
   -0.666398442   -0.698131701  -94.753889889   24.317002236  -17.424783739
   -0.475998887   -0.698131701  -90.031540677   23.961467847  -13.002323763
   -0.285599332   -0.698131701  -86.076617428   16.255749458   -8.835412274
   -0.095199777   -0.698131701  -84.276106175    1.529584747   -5.457629035
    0.095199777   -0.698131701  -85.766293096  -17.664584588   -2.982266402
    0.285599332   -0.698131701  -90.959257914  -36.332450648   -1.140087463
    0.475998887   -0.698131701  -99.123725311  -47.705408176    0.509700978
    0.666398442   -0.698131701 -108.244144590  -45.595180250    2.313033415
    0.856797996   -0.698131701 -115.444337526  -27.590648050    4.320618052
    1.047197551   -0.698131701 -117.938738914    2.719546252    6.283547331
    1.237597106   -0.698131701 -114.165532875   36.509672920    7.836401013
    1.427996661   -0.698131701 -104.473832292   63.241949376    8.749772415
    1.618396215   -0.698131701  -91.018109069   75.199492605    9.059991646
    1.808795770   -0.698131701  -76.918408194   70.113135357    9.012598291
    1.999195325   -0.698131701  -65.196480913   51.085532051    8.884464161
    2.189594880   -0.698131701  -57.957709813   24.147735760    8.814843645
    2.379994435   -0.698131701  -56.079988511   -4.205108342    8.737705548
    2.570393989   -0.698131701  -59.291395322  -28.511935995    8.430981888
    2.760793544   -0.698131701  -66.414433527  -44.766716788    7.632419248
    2.951193099   -0.698131701  -75.661955657  -50.632020277    6.176589213

   -3.141592654   -0.349065850  -83.856463720  -51.223556689    3.322903567
   -2.951193099   -0.349065850  -92.512386636  -38.733513293    0.234082257
   -2.760793544   -0.349065850  -98.315391692  -22.177044858   -2.913037739
   -2.570393989   -0.349065850 -101.056292962   -7.461771339   -5.902658489
   -2.379994435   -0.349065850 -101.575348025    0.625472362   -8.708955736
   -2.189594880   -0.349065850 -101.337851936    0.567136246  -11.483329118
   -1.999195325   -0.349065850 -101.730153273   -5.308402113  -14.378416629
   -1.808795770   -0.349065850 -103.415078539  -12.095516873  -17.307052819
   -1.618396215   -0.349065850 -106.065687369  -14.726311780  -19.804005044
   -1.427996661   -0.349065850 -108.570937593  -10.385116322  -21.141635473
   -1.237597106   -0.349065850 -109.603369373    0.399140867  -20.665564601
   -1.047197551   -0.349065850 -108.222617525   14.203992066  -18.163907725
   -0.856797996   -0.349065850 -104.284736386   26.433673504  -14.038036226
   -0.666398442   -0.349065850  -98.494336203   33.053839808   -9.169973719
   -0.475998887   -0.349065850  -92.186380819   31.597380577   -4.575933466
   -0.285599332   -0.349065850  -86.989933058   21.521039435   -1.005493438
   -0.095199777   -0.349065850  -84.442333931    4.148213250    1.321387539
    0.095199777   -0.349065850  -85.632451366  -16.935855514    2.750015915
    0.285599332   -0.349065850  -90.757281635  -36.090732796    3.990502810
    0.475998887   -0.349065850  -98.807665999  -46.560619425    5.742028034
    0.666398442   -0.349065850 -107.558890111  -42.838274618    8.312265662
    0.856797996   -0.349065850 -114.094061831  -23.502877414   11.428427996
    1.047197551   -0.349065850 -115.761183112    7.098784811   14.371881704
    1.237597106   -0.349065850 -111.218934209   40.036927661   16.374128216
    1.427996661   -0.349065850 -100.992842627   65.281744969   17.031086101
    1.618396215   -0.349065850  -87.288776317   75.835420799   16.467516378
    1.808795770   -0.349065850  -73.159923206   69.894035256   15.181959062
    1.999195325   -0.349065850  -61.516079679   50.557492954   13.719532109
    2.189594880   -0.349065850  -54.387905946   23.513718578   12.395072114
    2.379994435   -0.349065850  -52.655730325   -5.158702707   11.206405131
    2.570393989   -0.349065850  -56.115271512  -30.243650757    9.927109222
    2.760793544   -0.349065850  -63.677054517  -47.695530315    8.274955040
    2.951193099   -0.349065850  -73.609062718  -54.886600418    6.070622079

   -3.141592654    0.000000000  -82.898770484  -56.832961032    1.732800024
   -2.951193099    0.000000000  -92.662198449  -44.655465760   -1.245304341
   -2.760793544    0.000000000  -99.585930417  -27.944553381   -4.147763328
   -2.570393989    0.000000000 -103.387504890  -12.811571001   -6.827185447
   -2.379994435    0.000000000 -104.885939980   -4.336240653   -9.277990905
   -2.189594880    0.000000000 -105.569569334   -4.159390208  -11.598664254
   -1.999195325    0.000000000 -106.836162659   -9.704305184  -13.832015854
   -1.808795770    0.000000000 -109.280003713  -15.508887696  -15.782092042
   -1.618396215    0.000000000 -112.399440251  -16.025925068  -16.958295597
   -1.427996661    0.000000000 -114.861697668   -8.485336552  -16.751190459
   -1.237597106    0.000000000 -115.191949867    5.845351426  -14.770865811
   -1.047197551    0.000000000 -112.489755589   22.406882242  -11.144579570
   -0.856797996    0.000000000 -106.862636673   35.628597387   -6.558900871
   -0.666398442    0.000000000  -99.393383860   41.164559823   -2.003010376
   -0.475998887    0.000000000  -91.775307394   37.067250058    1.636152133
   -0.285599332    0.000000000  -85.833722196   23.904354169    3.949852302
   -0.095199777    0.000000000  -83.070213268    4.251985316    5.150342784
    0.095199777    0.000000000  -84.325629543  -17.403785114    5.965130305
    0.285599332    0.000000000  -89.441620460  -35.251029140    7.296141195
    0.475998887    0.000000000  -97.102475299  -43.210537615    9.781319242
    0.666398442    0.000000000 -104.970508082  -37.054347377   13.438714030
    0.856797996    0.000000000 -110.270904628  -16.640914047   17.592742179
    1.047197551    0.000000000 -110.683390308   13.075985209   21.156932156
    1.237597106    0.000000000 -105.220116909   43.544670034   23.160161414
    1.427996661    0.000000000  -94.611389173   65.819396002   23.201524126
    1.618396215    0.000000000  -81.046457237   74.014745484   21.572144687
    1.808795770    0.000000000  -67.397233411   66.884589171   19.000754889
    1.999195325    0.000000000  -56.355987887   47.369926388   16.233140761
    2.189594880    0.000000000  -49.812312693   20.582307208   13.711394687
    2.379994435    0.000000000  -48.622386270   -7.980874436   11.494042566
    2.570393989    0.000000000  -52.644279920  -33.409978501    9.385655777
    2.760793544    0.000000000  -60.876999127  -51.632502037    7.132514401
    2.951193099    0.000000000  -71.647102852  -59.753958882    4.578863023

   -3.141592654    0.349065850  -81.171873133  -60.791310114    1.183407727
   -2.951193099    0.349065850  -91.722541079  -48.924752574   -0.642728986
   -2.760793544    0.349065850  -99.479895861  -32.388532321   -2.321368997
   -2.570393989    0.349065850 -104.134899564  -17.306060795   -3.896069666
   -2.379994435    0.349065850 -106.486183153   -8.778973129   -5.440437102
   -2.189594880    0.349065850 -107.998165578   -8.365909695   -6.999225773
   -1.999195325    0.349065850 -110.011363777  -13.231933078   -8.495798429
   -1.808795770    0.349065850 -113.003229916  -17.582750782   -9.665658217
   -1.618396215    0.349065850 -116.307174380  -15.748771080  -10.093059427
   -1.427996661    0.349065850 -118.444562973   -5.309202863   -9.386424501
   -1.237597106    0.349065850 -117.907842827   11.649081535   -7.419506684
   -1.047197551    0.349065850 -113.938669229   29.641073145   -4.484844844
   -0.856797996    0.349065850 -106.935011868   42.553572884   -1.224816903
   -0.666398442    0.349065850  -98.307212855   46.198704866    1.643452891
   -0.475998887    0.349065850  -89.977764962   39.481492609    3.652528143
   -0.285599332    0.349065850  -83.799618319   24.139937658    4.823209596
   -0.095199777    0.349065850  -81.087655990    3.773705679    5.655269174
    0.095199777    0.349065850  -82.350359612  -16.691721662    6.929735157
    0.285599332    0.349065850  -87.087874315  -31.806215537    9.343708344
    0.475998887    0.349065850  -93.785989920  -36.596250856   13.149941433
    0.666398442    0.349065850 -100.161003245  -28.279760195   17.941443152
    0.856797996    0.349065850 -103.748863473   -7.851817953   22.728129299
    1.047197551    0.349065850 -102.678090232   19.502081170   26.306990179
    1.237597106    0.349065850  -96.351022507   46.043861750   27.783623105
    1.427996661    0.349065850  -85.664055204   64.251183830   26.937003306
    1.618396215    0.349065850  -72.703302469   69.505341891   24.243657717
    1.808795770    0.349065850  -60.059995485   61.111228026   20.563959718
    1.999195325    0.349065850  -50.121444675   41.747431593   16.722265102
    2.189594880    0.349065850  -44.571562404   15.820199475   13.226210306
    2.379994435    0.349065850  -44.200878906  -11.864035439   10.220794525
    2.570393989    0.349065850  -48.907209193  -36.793562547    7.626243698
    2.760793544    0.349065850  -57.772817471  -54.966609217    5.306297013
    2.951193099    0.349065850  -69.199296975  -63.348385163    3.168810571

   -3.141592654    0.698131701  -79.450892324  -62.662956888    0.553749034
   -2.951193099    0.698131701  -90.362346772  -50.845780711    0.276336304
   -2.760793544    0.698131701  -98.501564431  -34.467594596    0.171306125
   -2.570393989    0.698131701 -103.569132787  -19.542883195    0.009578367
   -2.379994435    0.698131701 -106.353841332  -11.065437556   -0.359009674
   -2.189594880    0.698131701 -108.291279826  -10.500684786   -0.952507356
   -1.999195325    0.698131701 -110.673751973  -14.911925399   -1.654500039
   -1.808795770    0.698131701 -113.912207333  -18.424232769   -2.255918080
   -1.618396215    0.698131701 -117.268849460  -15.416275595   -2.532817672
   -1.427996661    0.698131701 -119.222469397   -3.728050611   -2.339892011
   -1.237597106    0.698131701 -118.290034906   14.122810270   -1.683531405
   -1.047197551    0.698131701 -113.820339132   32.276024325   -0.729413492
   -0.856797996    0.698131701 -106.365344058   44.540380887    0.292090614
   -0.666398442    0.698131701  -97.463008823   47.069193854    1.233756031
   -0.475998887    0.698131701  -89.063476867   39.454563799    2.149150892
   -0.285599332    0.698131701  -82.905296766   24.158195587    3.342118196
   -0.095199777    0.698131701  -80.075623577    5.234669237    5.257747400
    0.095199777    0.698131701  -80.817252559  -12.510623540    8.309886638
    0.285599332    0.698131701  -84.448472705  -24.369950250   12.631001626
    0.475998887    0.698131701  -89.462600340  -26.566263453   17.896427235
    0.666398442    0.698131701  -93.820685382  -17.514867831   23.296167762
    0.856797996    0.698131701  -95.484758544    1.164192060   27.738224397
    1.047197551    0.698131701  -93.041625950   24.621418427   30.214693914
    1.237597106    0.698131701  -86.198985479   46.309309999   30.204595274
    1.427996661    0.698131701  -75.892382098   60.198739295   27.853113719
    1.618396215    0.698131701  -63.991783966   62.744750653   23.864785580
    1.808795770    0.698131701  -52.741684462   53.528254303   19.163008574
    1.999195325    0.698131701  -44.205581872   34.777160710   14.534782739
    2.189594880    0.698131701  -39.863940885   10.149730447   10.450793514
    2.379994435    0.698131701  -40.440442882  -16.171927368    7.082459824
    2.570393989    0.698131701  -45.857171465  -40.004257018    4.444071274
    2.760793544    0.698131701  -55.257380262  -57.429830373    2.510072042
    2.951193099    0.698131701  -67.107853521  -65.382032244    1.242781730

   -3.141592654    1.047197551  -80.546247059  -62.850374898   -4.402517769
   -2.951193099    1.047197551  -91.417181646  -50.284352101   -3.506777967
   -2.760793544    1.047197551  -99.415221454  -33.606185558   -2.284920181
   -2.570393989    1.047197551 -104.322900837  -18.771718438   -1.096281734
   -2.379994435    1.047197551 -106.987312571  -10.587474865   -0.170160974
   -2.189594880    1.047197551 -108.863574030  -10.319654466    0.431202950
   -1.999195325    1.047197551 -111.230877497  -14.905403717    0.752411558
   -1.808795770    1.047197551 -114.473762919  -18.460728810    0.849059803
   -1.618396215    1.047197551 -117.836880063  -15.453013146    0.731103757
   -1.427996661    1.047197551 -119.802515008   -3.841218290    0.379935270
   -1.237597106    1.047197551 -118.908784252   13.799643797   -0.178262527
   -1.047197551    1.047197551 -114.524722503   31.695911524   -0.809448018
   -0.856797996    1.047197551 -107.191560081   43.894585010   -1.244102655
   -0.666398442    1.047197551  -98.381077660   46.856863665   -1.122641341
   -0.475998887    1.047197551  -89.920972280   40.452505307   -0.082474348
   -0.285599332    1.047197551  -83.390191892   27.197922857    2.171826841
   -0.095199777    1.047197551  -79.736657668   10.908943293    5.769932023
    0.095199777    1.047197551  -79.141735713   -4.211895406   10.616355923
    0.285599332    1.047197551  -81.001716256  -14.275029599   16.295635080
    0.475998887    1.047197551  -84.045445089  -16.287665896   22.062244386
    0.666398442    1.047197551  -86.589020814   -9.070084694   26.939340856
    0.856797996    1.047197551  -86.966556473    5.987393301   29.979247695
    1.047197551    1.047197551  -84.030436485   24.926232926   30.561917440
    1.237597106    1.047197551  -77.546373531   42.381288362   28.639471930
    1.427996661    1.047197551  -68.294498806   53.315485466   24.716550641
    1.618396215    1.047197551  -57.854124646   54.560964408   19.629961852
    1.808795770    1.047197551  -48.169565868   45.448228890   14.222661610
    1.999195325    1.047197551  -41.092920740   27.604436262    9.104084416
    2.189594880    1.047197551  -38.007363360    4.135282997    4.608060088
    2.379994435    1.047197551  -39.618869334  -21.037837588    0.886259836
    2.570393989    1.047197551  -45.854298977  -43.729692936   -1.953295977
    2.760793544    1.047197551  -55.851102472  -59.952362725   -3.798196849
    2.951193099    1.047197551  -68.064716453  -66.667593271   -4.586536769

   -3.141592654    1.396263402  -85.559289597  -61.522858764   -9.990726927
   -2.951193099    1.396263402  -95.991363012  -47.117335740   -8.502902034
   -2.760793544    1.396263402 -103.279399191  -29.458830381   -6.636742922
   -2.570393989    1.396263402 -107.375796372  -14.526132360   -4.770765038
   -2.379994435    1.396263402 -109.275188994   -6.877670921   -3.107738213
   -2.189594880    1.396263402 -110.525391031   -7.489982690   -1.665988861
   -1.999195325    1.396263402 -112.452471131  -13.136083019   -0.401133854
   -1.808795770    1.396263402 -115.472207675  -17.920034646    0.654839710
   -1.618396215    1.396263402 -118.862156764  -16.300978802    1.356090775
   -1.427996661    1.396263402 -121.121021954   -6.049767639    1.543790590
   -1.237597106    1.396263402 -120.744291731   10.678347804    1.219619607
   -1.047197551    1.396263402 -116.968455832   28.608497530    0.644783777
   -0.856797996    1.396263402 -110.119376811   42.108625950    0.309917687
   -0.666398442    1.396263402 -101.426462236   47.574496938    0.765005599
   -0.475998887    1.396263402  -92.524898838   44.453011028    2.418971895
   -0.285599332    1.396263402  -84.906032674   34.576181631    5.419754682
   -0.095199777    1.396263402  -79.570867032   21.032737219    9.593812039
    0.095199777    1.396263402  -76.886728888    7.338810993   14.475487657
    0.285599332    1.396263402  -76.551805325   -3.098779316   19.337006462
    0.475998887    1.396263402  -77.658669645   -7.434466357   23.309291506
    0.666398442    1.396263402  -78.870627611   -4.135627904   25.575405873
    0.856797996    1.396263402  -78.750592873    6.239147551   25.635278212
    1.047197551    1.396263402  -76.194378932   20.830474801   23.470679876
    1.237597106    1.396263402  -70.811987157   35.151317228   19.573383250
    1.427996661    1.396263402  -63.109597265   44.516029400   14.714747788
    1.618396215    1.396263402  -54.386234129   45.489426609    9.653074146
    1.808795770    1.396263402  -46.392748026   36.811049450    4.893309957
    1.999195325    1.396263402  -40.901858076   19.586017845    0.636620244
    2.189594880    1.396263402  -39.284808533   -3.267256308   -3.092969501
    2.379994435    1.396263402  -42.235951831  -27.649792391   -6.266992501
    2.570393989    1.396263402  -49.619156810  -49.066741157   -8.735717398
    2.760793544    1.396263402  -60.460965840  -63.378119275  -10.263083712
    2.951193099    1.396263402  -73.106342531  -67.716328007  -10.670310937

   -3.141592654    1.745329252  -91.910066966  -59.581755927  -16.260461754
   -2.951193099    1.745329252 -101.806030434  -43.557486778  -14.819973072
   -2.760793544    1.745329252 -108.327931310  -25.111138966  -12.749522121
   -2.570393989    1.745329252 -111.582802158  -10.138754478  -10.367835057
   -2.379994435    1.745329252 -112.680413952   -2.894385117   -7.860472892
   -2.189594880    1.745329252 -113.226632321   -4.101656299   -5.271238749
   -1.999195325    1.745329252 -114.575855841  -10.488904776   -2.627334818
   -1.808795770    1.745329252 -117.180106122  -16.255672897   -0.075084894
   -1.618396215    1.745329252 -120.366629207  -15.866006446    2.094210303
   -1.427996661    1.745329252 -122.659186168   -6.803557993    3.581774914
   -1.237597106    1.745329252 -122.496481316    9.311002976    4.297252224
   -1.047197551    1.745329252 -118.954901826   27.711288671    4.483607028
   -0.856797996    1.745329252 -112.130935326   42.929185002    4.668429174
   -0.666398442    1.745329252 -103.040359017   51.026789368    5.436705995
   -0.475998887    1.745329252  -93.206235753   50.767213028    7.167270296
   -0.285599332    1.745329252  -84.151754240   43.177982301    9.882114496
   -0.095199777    1.745329252  -77.056114469   30.671029934   13.216762104
    0.095199777    1.745329252  -72.571036001   16.308887962   16.526340373
    0.285599332    1.745329252  -70.735508642    3.403572149   19.025174562
    0.475998887    1.745329252  -70.959006853   -4.845998907   19.999707109
    0.666398442    1.745329252  -72.108238506   -6.065115969   19.026892892
    0.856797996    1.745329252  -72.754805950    0.290839385   16.162087998
    1.047197551    1.745329252  -71.602335244   12.335276484   11.928867209
    1.237597106    1.745329252  -67.934081552   25.925924757    7.149873226
    1.427996661    1.745329252  -61.936237074   36.006018885    2.594789645
    1.618396215    1.745329252  -54.709835322   38.293373721   -1.290002264
    1.808795770    1.745329252  -47.972446101   30.729637955   -4.474602061
    1.999195325    1.745329252  -43.578300895   14.056726755   -7.212558979
    2.189594880    1.745329252  -42.996035863   -8.630322109   -9.786599181
    2.379994435    1.745329252  -46.947679676  -32.722343073  -12.284368174
    2.570393989    1.745329252  -55.223456096  -53.232136397  -14.516849085
    2.760793544    1.745329252  -66.710280355  -65.852212334  -16.117220226
    2.951193099    1.745329252  -79.621297953  -67.970308439  -16.740954858

   -3.141592654    2.094395102  -98.714550105  -58.303418018  -18.814887207
   -2.951193099    2.094395102 -108.209971690  -40.720285884  -17.511327498
   -2.760793544    2.094395102 -114.085899422  -21.260190105  -15.458443412
   -2.570393989    2.094395102 -116.550305475   -5.756855469  -12.899037054
   -2.379994435    2.094395102 -116.784406474    1.761926120   -9.976479702
   -2.189594880    2.094395102 -116.427250416    0.705637199   -6.711860189
   -1.999195325    2.094395102 -116.861046256   -5.733677662   -3.115653589
   -1.808795770    2.094395102 -118.595380728  -11.962067800    0.671039701
   -1.618396215    2.094395102 -121.046901856  -12.520330980    4.323185420
   -1.427996661    2.094395102 -122.814405568   -4.645969660    7.439144840
   -1.237597106    2.094395102 -122.334525704   10.568290327    9.747690005
   -1.047197551    2.094395102 -118.576995246   28.877056493   11.260072509
   -0.856797996    2.094395102 -111.459773012   44.989933360   12.268913739
   -0.666398442    2.094395102 -101.834314279   54.635906662   13.169832206
   -0.475998887    2.094395102  -91.161337356   55.893247626   14.226259119
   -0.285599332    2.094395102  -81.043906553   49.022294312   15.414190412
   -0.095199777    2.094395102  -72.871379949   35.885270849   16.390771347
    0.095199777    2.094395102  -67.575196102   19.363788528   16.610492576
    0.285599332    2.094395102  -65.466052814    3.060132885   15.509116592
    0.475998887    2.094395102  -66.125715670   -9.089430109   12.751651125
    0.666398442    2.094395102  -68.421764283  -13.678895753    8.432893474
    0.856797996    2.094395102  -70.727501171   -9.216561542    3.151371231
    1.047197551    2.094395102  -71.411297159    2.886276589   -2.170871754
    1.237597106    2.094395102  -69.399610710   18.183004121   -6.621569351
    1.427996661    2.094395102  -64.644867362   30.718924700   -9.684361332
    1.618396215    2.094395102  -58.209234511   35.143426828  -11.405788488
    1.808795770    2.094395102  -51.947806183   28.684285706  -12.291674638
    1.999195325    2.094395102  -47.930569018   11.986964026  -12.999835086
    2.189594880    2.094395102  -47.803150123  -11.381919020  -14.020557859
    2.379994435    2.094395102  -52.344356302  -36.083453965  -15.478381359
    2.570393989    2.094395102  -61.267278388  -56.512497024  -17.127216575
    2.760793544    2.094395102  -73.298964353  -68.136762281  -18.504097576
    2.951193099    2.094395102  -86.492048790  -68.565564315  -19.151555023

   -3.141592654    2.443460953 -105.102900032  -57.722486050  -12.977345191
   -2.951193099    2.443460953 -114.358114962  -38.824911230  -11.362123875
   -2.760793544    2.443460953 -119.762479818  -18.246511323   -9.207072220
   -2.570393989    2.443460953 -121.558377775   -1.767117047   -6.725929153
   -2.379994435    2.443460953 -120.938548385    6.749263461   -4.018986546
   -2.189594880    2.443460953 -119.529600722    6.762822472   -1.024740295
   -1.999195325    2.443460953 -118.714278575    1.280155833    2.381855031
   -1.808795770    2.443460953 -119.056098551   -4.461245340    6.216150099
   -1.618396215    2.443460953 -120.090724828   -5.280435028   10.252959091
   -1.427996661    2.443460953 -120.563380770    1.606823968   14.055595962
   -1.237597106    2.443460953 -119.019840816   15.456870601   17.153251707
   -1.047197551    2.443460953 -114.456904100   32.494930464   19.245645459
   -0.856797996    2.443460953 -106.739999793   47.739652789   20.303148073
   -0.666398442    2.443460953  -96.642936348   56.867769061   20.490978824
   -0.475998887    2.443460953  -85.591115370   57.590425291   19.990186365
   -0.285599332    2.443460953  -75.237621340   49.679289478   18.833106055
   -0.095199777    2.443460953  -67.105646461   34.641782973   16.846921814
    0.095199777    2.443460953  -62.298548725   15.338259165   13.748705417
    0.285599332    2.443460953  -61.262069932   -4.203349000    9.337352091
    0.475998887    2.443460953  -63.591632820  -19.225501149    3.725587222
    0.666398442    2.443460953  -67.993093721  -25.353047536   -2.530480252
    0.856797996    2.443460953  -72.512439025  -20.432427850   -8.500384894
    1.047197551    2.443460953  -75.127530179   -5.890159969  -13.188059138
    1.237597106    2.443460953  -74.453217611   13.013735320  -15.925592897
    1.427996661    2.443460953  -70.335012034   29.090522887  -16.661545107
    1.618396215    2.443460953  -63.957684926   35.911211525  -15.941490628
    1.808795770    2.443460953  -57.450959562   30.236170818  -14.621702053
    1.999195325    2.443460953  -53.179094225   12.937773432  -13.486113293
    2.189594880    2.443460953  -52.990222928  -11.724999628  -12.979494539
    2.379994435    2.443460953  -57.719286058  -37.633213490  -13.124383014
    2.570393989    2.443460953  -67.003035549  -58.608807394  -13.615830444
    2.760793544    2.443460953  -79.417947702  -69.919004861  -13.999517137
    2.951193099    2.443460953  -92.861983544  -69.330886815  -13.861884496

   -3.141592654    2.792526803 -108.359863797  -56.289793065    0.863751969
   -2.951193099    2.792526803 -117.253688833  -36.504904644    2.882258640
   -2.760793544    2.792526803 -122.144619948  -15.218335399    4.741987309
   -2.570393989    2.792526803 -123.309895037    1.809686099    6.398199644
   -2.379994435    2.792526803 -121.956297800   10.898799722    8.021313338
   -2.189594880    2.792526803 -119.685746829   11.702024520    9.961297311
   -1.999195325    2.792526803 -117.835580966    7.230350884   12.571037242
   -1.808795770    2.792526803 -116.948753412    2.450085912   15.976191196
   -1.618396215    2.792526803 -116.609902619    2.117502959   19.919482464
   -1.427996661    2.792526803 -115.690458265    8.677908298   23.795892727
   -1.237597106    2.792526803 -112.901901781   21.328015343   26.872240156
   -1.047197551    2.792526803 -107.389860686   36.515747007   28.564290245
   -0.856797996    2.792526803  -99.110449029   49.596502774   28.620266828
   -0.666398442    2.792526803  -88.872712108   56.477348845   27.112391966
   -0.475998887    2.792526803  -78.112754948   54.895391287   24.294995751
   -0.285599332    2.792526803  -68.503129353   44.528925362   20.416843979
   -0.095199777    2.792526803  -61.599844732   26.872127826   15.631734898
    0.095199777    2.792526803  -58.518754034    5.026200211   10.031247358
    0.285599332    2.792526803  -59.642982302  -16.426582251    3.783798037
    0.475998887    2.792526803  -64.381145895  -32.023516919   -2.711348836
    0.666398442    2.792526803  -71.128420434  -36.857483678   -8.773438681
    0.856797996    2.792526803  -77.565104838  -28.787470890  -13.574528574
    1.047197551    2.792526803  -81.373030466   -9.951599239  -16.429266731
    1.237597106    2.792526803  -81.058283974   13.196131055  -17.103858780
    1.427996661    2.792526803  -76.589912831   32.325272272  -15.936314807
    1.618396215    2.792526803  -69.446232115   40.430594660  -13.678957409
    1.808795770    2.792526803  -62.090683380   34.421736579  -11.154167011
    1.999195325    2.792526803  -57.137860230   15.820268205   -8.928108961
    2.189594880    2.792526803  -56.546683732  -10.350345925   -7.182338557
    2.379994435    2.792526803  -61.132475065  -37.405071898   -5.777343840
    2.570393989    2.792526803  -70.432185867  -58.888333536   -4.437267615
    2.760793544    2.792526803  -82.895291732  -70.046907434   -2.921521715
    2.951193099    2.792526803  -96.306220986  -68.801959008   -1.132415814
