#! FIELDS phi psi file.free der_phi der_psi
#! SET min_phi -pi
#! SET max_phi pi
#! SET nbins_phi  33
#! SET periodic_phi true
#! SET min_psi -pi
#! SET max_psi pi
#! SET nbins_psi  18
#! SET periodic_psi true
   -3.141592654   -3.141592654 -108.988355341  -53.296163586   17.418816632
   -2.951193099   -3.141592654 -117.374932487  -34.260934620   19.772232656
   -2.760793544   -3.141592654 -121.930292532  -13.952864903   21.164895841
   -2.570393989   -3.141592654 -122.931574474    2.349917854   21.770975385
   -2.379994435   -3.141592654 -121.486304130   11.481751519   22.061776460
   -2.189594880   -3.141592654 -119.017326778   13.370219097   22.664983424
   -1.999195325   -3.141592654 -116.672622098   10.860746353   24.116894492
   -1.808795770   -3.141592654 -114.881215292    8.295480932   26.604285062
   -1.618396215   -3.141592654 -113.258446327    9.590017063   29.815685620
   -1.427996661   -3.141592654 -110.860584317   16.477676192   33.000299884
   -1.237597106   -3.141592654 -106.683434081   27.849295054   35.227329118
   -1.047197551   -3.141592654 -100.168335400   40.336971985   35.717382161
   -0.856797996   -3.141592654  -91.494567850   49.821006863   34.088988471
   -0.666398442   -3.141592654  -81.584580007   52.811260228   30.410167389
   -0.475998887   -3.141592654  -71.882890146   47.502411621   25.093359704
   -0.285599332   -3.141592654  -64.000596087   33.878720562   18.685256190
   -0.095199777   -3.141592654  -59.380350433   13.685526027   11.722900417
    0.095199777   -3.141592654  -58.970739608   -9.638023158    4.668051621
    0.285599332   -3.141592654  -62.912770860  -31.081187599   -2.041948533
    0.475998887   -3.141592654  -70.296083842  -44.833405920   -7.924908638
    0.666398442   -3.141592654  -79.160661668  -46.017899556  -12.440443695
    0.856797996   -3.141592654  -86.890716425  -33.076871330  -15.110908539
    1.047197551   -3.141592654  -91.032417257   -9.236890565  -15.713187306
    1.237597106   -3.141592654  -90.180871456   17.877150930  -14.443887600
    1.427996661   -3.141592654  -84.586009836   39.157653709  -11.880767641
    1.618396215   -3.141592654  -76.088545457   47.548094338   -8.745712671
    1.808795770   -3.141592654  -67.460608554   40.538031633   -5.595316546
    1.999195325   -3.141592654  -61.480898155   20.490728750   -2.625471244
    2.189594880   -3.141592654  -60.121374565   -6.859272129    0.290106592
    2.379994435   -3.141592654  -64.107643691  -34.491626765    3.404881601
    2.570393989   -3.141592654  -72.860813595  -55.991764963    6.864224284
    2.760793544   -3.141592654  -84.748615667  -66.903629461   10.579152201
    2.951193099   -3.141592654  -97.541965115  -65.528125799   14.235481526

   -3.141592654   -2.792526803 -101.172133205  -48.978945019   25.724145472
   -2.951193099   -2.792526803 -108.947080242  -32.177406196   27.862286431
   -2.760793544   -2.792526803 -113.303786523  -13.861881811   28.718386770
   -2.570393989   -2.792526803 -114.414029670    1.297413846   28.646623197
   -2.379994435   -2.792526803 -113.180941430   10.530219928   28.268513312
   -2.189594880   -2.792526803 -110.781156970   13.779752025   28.265283659
   -1.999195325   -2.792526803 -108.159142582   13.437063460   29.120602575
   -1.808795770   -2.792526803 -105.667257460   12.987913784   30.903794473
   -1.618396215   -2.792526803 -103.024961033   15.362993691   33.184321574
   -1.427996661   -2.792526803  -99.562257314   21.567391251   35.141066159
   -1.237597106   -2.792526803  -94.637020641   30.331034206   35.839275214
   -1.047197551   -2.792526803  -88.020154561   38.768346561   34.562343533
   -0.856797996   -2.792526803  -80.081768731   43.674090493   31.044148143
   -0.666398442   -2.792526803  -71.749148614   42.555231991   25.517602795
   -0.475998887   -2.792526803  -64.301474229   34.327025759   18.601080102
   -0.285599332   -2.792526803  -59.085984030   19.313242413   11.061053662
   -0.095199777   -2.792526803  -57.250687883   -0.757214621    3.631306553
    0.095199777   -2.792526803  -59.472924879  -22.632023114   -3.106474863
    0.285599332   -2.792526803  -65.663239927  -41.536921906   -8.712551836
    0.475998887   -2.792526803  -74.727375771  -51.911085148  -12.851757752
    0.666398442   -2.792526803  -84.576017544  -49.227610499  -15.271395184
    0.856797996   -2.792526803  -92.547619999  -32.440231382  -15.867044511
    1.047197551   -2.792526803  -96.251596091   -5.418925266  -14.760665356
    1.237597106   -2.792526803  -94.462351206   23.704930132  -12.352548605
    1.427996661   -2.792526803  -87.672515570   45.696458689   -9.206457832
    1.618396215   -2.792526803  -77.941761646   53.869271990   -5.838082016
    1.808795770   -2.792526803  -68.158342632   46.375850762   -2.507190017
    1.999195325   -2.792526803  -61.089640221   26.181447338    0.847511477
    2.189594880   -2.792526803  -58.615710655   -0.758074136    4.479453480
    2.379994435   -2.792526803  -61.371195186  -27.655847063    8.606853008
    2.570393989   -2.792526803  -68.762260793  -48.606440213   13.206178616
    2.760793544   -2.792526803  -79.241406273  -59.651323945   17.950578339
    2.951193099   -2.792526803  -90.738761393  -59.337798632   22.303607690

   -3.141592654   -2.443460953  -92.562761992  -44.267459858   23.172877608
   -2.951193099   -2.443460953  -99.652758216  -29.687456983   24.754897929
   -2.760793544   -2.443460953 -103.721035903  -13.220958298   25.270973914
   -2.570393989   -2.443460953 -104.818925428    0.959586494   25.084159135
   -2.379994435   -2.443460953 -103.657568466   10.297836920   24.686528858
   -2.189594880   -2.443460953 -101.215334281   14.577383487   24.529685121
   -1.999195325   -2.443460953  -98.307505444   15.642125478   24.864224823
   -1.808795770   -2.443460953  -95.289272923   16.172668928   25.622574118
   -1.618396215   -2.443460953  -92.038934625   18.316539554   26.392025861
   -1.427996661   -2.443460953  -88.165777777   22.649599061   26.519041487
   -1.237597106   -2.443460953  -83.337082661   28.042117578   25.332437583
   -1.047197551   -2.443460953  -77.550307770   32.298408114   22.408683872
   -0.856797996   -2.443460953  -71.236820773   33.202289376   17.739073408
   -0.666398442   -2.443460953  -65.197023367   29.209098170   11.741730373
   -0.475998887   -2.443460953  -60.433301908   19.791545187    5.126615077
   -0.285599332   -2.443460953  -57.957395450    5.360810236   -1.346385188
   -0.095199777   -2.443460953  -58.606374538  -12.697639077   -7.047618240
    0.095199777   -2.443460953  -62.836073654  -31.667915358  -11.586830451
    0.285599332   -2.443460953  -70.439120330  -47.310932510  -14.788129134
    0.475998887   -2.443460953  -80.293652784  -54.460048246  -16.623927461
    0.666398442   -2.443460953  -90.343773862  -48.857523257  -17.141628639
    0.856797996   -2.443460953  -98.007543297  -29.655973176  -16.455387789
    1.047197551   -2.443460953 -101.007832035   -0.927391085  -14.749516550
    1.237597106   -2.443460953  -98.265327718   29.108952053  -12.309001940
    1.427996661   -2.443460953  -90.418131362   51.313718298   -9.451095578
    1.618396215   -2.443460953  -79.629160172   59.350973356   -6.425701265
    1.808795770   -2.443460953  -68.809937332   51.827909748   -3.311013497
    1.999195325   -2.443460953  -60.671111124   32.050682539   -0.002962125
    2.189594880   -2.443460953  -57.001402408    5.981288011    3.677085696
    2.379994435   -2.443460953  -58.377180600  -19.937206895    7.813478372
    2.570393989   -2.443460953  -64.233366892  -40.326957538   12.257357551
    2.760793544   -2.443460953  -73.146704019  -51.661323655   16.620657721
    2.951193099   -2.443460953  -83.228039147  -52.617294138   20.398970674

   -3.141592654   -2.094395102  -86.239487593  -40.705844221   13.760649461
   -2.951193099   -2.094395102  -92.799834352  -27.663439930   14.821394018
   -2.760793544   -2.094395102  -96.608113596  -12.459481799   15.354346620
   -2.570393989   -2.094395102  -97.646386168    0.903163998   15.567923147
   -2.379994435   -2.094395102  -96.538466060    9.862203040   15.623785067
   -2.189594880   -2.094395102  -94.190061777   14.058829121   15.577351176
   -1.999195325   -2.094395102  -91.384411141   15.061214861   15.370849532
   -1.808795770   -2.094395102  -88.507433180   15.183095116   14.841071179
   -1.618396215   -2.094395102  -85.536923949   16.239425020   13.743918386
   -1.427996661   -2.094395102  -82.226737115   18.692246235   11.815281445
   -1.237597106   -2.094395102  -78.379244151   21.652478273    8.873185975
   -1.047197551   -2.094395102  -74.046556472   23.486426981    4.941416279
   -0.856797996   -2.094395102  -69.592098341   22.665429812    0.291566779
   -0.666398442   -2.094395102  -65.627134336   18.198070310   -4.600586118
   -0.475998887   -2.094395102  -62.893313312    9.710549341   -9.181131226
   -0.285599332   -2.094395102  -62.154527842   -2.644094226  -12.988967214
   -0.095199777   -2.094395102  -64.079005139  -18.038350354  -15.759943496
    0.095199777   -2.094395102  -69.068612839  -34.343085736  -17.467621371
    0.285599332   -2.094395102  -76.959034438  -47.736960933  -18.258584450
    0.475998887   -2.094395102  -86.725824354  -53.195478493  -18.353238840
    0.666398442   -2.094395102  -96.414491610  -46.392692831  -17.935698626
    0.856797996   -2.094395102 -103.523661160  -26.327216006  -17.105936652
    1.047197551   -2.094395102 -105.828640076    3.016690453  -15.864907057
    1.237597106   -2.094395102 -102.293890232   33.456886799  -14.197073996
    1.427996661   -2.094395102  -93.595716667   55.877365749  -12.104672062
    1.618396215   -2.094395102  -81.924255204   64.051969554   -9.636245827
    1.808795770   -2.094395102  -70.190247067   56.755579213   -6.850057113
    1.999195325   -2.094395102  -61.072763433   37.432239320   -3.788047889
    2.189594880   -2.094395102  -56.318488797   11.997015716   -0.485928152
    2.379994435   -2.094395102  -56.490321193  -13.357722686    2.970042301
    2.570393989   -2.094395102  -61.069686765  -33.599117484    6.386947911
    2.760793544   -2.094395102  -68.737746549  -45.434933271    9.485354923
    2.951193099   -2.094395102  -77.732955820  -47.530358837   11.991319642

   -3.141592654   -1.745329252  -83.643259285  -38.870612603    4.380804770
   -2.951193099   -1.745329252  -89.929566938  -26.576582885    4.704898592
   -2.760793544   -1.745329252  -93.579727363  -11.858061441    4.943724784
   -2.570393989   -1.745329252  -94.535514315    1.173348696    5.164167885
   -2.379994435   -1.745329252  -93.412322060    9.721814571    5.248302062
   -2.189594880   -1.745329252  -91.152223802   13.207142068    4.930147991
   -1.999195325   -1.745329252  -88.610900926   13.054972077    3.925605360
   -1.808795770   -1.745329252  -86.263133905   11.560791932    2.058800609
   -1.618396215   -1.745329252  -84.163779799   10.683520024   -0.666718905
   -1.427996661   -1.745329252  -82.097425438   11.223064717   -4.069364961
   -1.237597106   -1.745329252  -79.818417779   12.783819980   -7.843933099
   -1.047197551   -1.745329252  -77.232574609   14.211144215  -11.612455008
   -0.856797996   -1.745329252  -74.484118593   14.239285741  -14.995983885
   -0.666398442   -1.745329252  -71.947160862   11.797290074  -17.664565715
   -0.475998887   -1.745329252  -70.176368400    6.069218966  -19.385280618
   -0.285599332   -1.745329252  -69.854877081   -3.414896416  -20.080588441
   -0.095199777   -1.745329252  -71.689020228  -16.441115779  -19.850089051
    0.095199777   -1.745329252  -76.219514813  -31.282913541  -18.973159135
    0.285599332   -1.745329252  -83.470288131  -44.236172974  -17.828971027
    0.475998887   -1.745329252  -92.598229525  -50.087736507  -16.781621898
    0.666398442   -1.745329252 -101.769383105  -44.094684595  -16.043985990
    0.856797996   -1.745329252 -108.515262400  -24.745355870  -15.602701424
    1.047197551   -1.745329252 -110.552414675    4.340498065  -15.217732590
    1.237597106   -1.745329252 -106.742561542   35.108651267  -14.562105457
    1.427996661   -1.745329252  -97.661652535   58.280188724  -13.365062225
    1.618396215   -1.745329252  -85.447007487   67.341612470  -11.538670382
    1.808795770   -1.745329252  -73.009213773   60.812492103   -9.181335456
    1.999195325   -1.745329252  -63.062886058   42.025763430   -6.511898237
    2.189594880   -1.745329252  -57.402556376   16.866807705   -3.777191020
    2.379994435   -1.745329252  -56.643101242   -8.507609069   -1.208283553
    2.570393989   -1.745329252  -60.327918790  -29.121405168    0.990760769
    2.760793544   -1.745329252  -67.206837464  -41.681495047    2.666913793
    2.951193099   -1.745329252  -75.576631989  -44.733067699    3.766772708

   -3.141592654   -1.396263402  -85.480516150  -39.665144117    2.359761384
   -2.951193099   -1.396263402  -91.886878602  -26.964427028    2.127761385
   -2.760793544   -1.396263402  -95.543850392  -11.546957133    1.876444653
   -2.570393989   -1.396263402  -96.386989682    1.953867684    1.605452518
   -2.379994435   -1.396263402  -95.126497813   10.227240730    1.099751601
   -2.189594880   -1.396263402  -92.874127026   12.458408145   -0.007724455
   -1.999195325   -1.396263402  -90.662173855   10.241791459   -2.057539859
   -1.808795770   -1.396263402  -89.074527431    6.396051081   -5.179545281
   -1.618396215   -1.396263402  -88.156230823    3.566566282   -9.181111602
   -1.427996661   -1.396263402  -87.554186667    3.164021743  -13.568328353
   -1.237597106   -1.396263402  -86.793021611    5.138550963  -17.694290176
   -1.047197551   -1.396263402  -85.516615330    8.304737885  -20.940479257
   -0.856797996   -1.396263402  -83.647177543   11.025934352  -22.889186574
   -0.666398442   -1.396263402  -81.428923031   11.672659506  -23.392732030
   -0.475998887   -1.396263402  -79.399668529    8.818254292  -22.560609701
   -0.285599332   -1.396263402  -78.336191927    1.472980633  -20.701879476
   -0.095199777   -1.396263402  -79.122371717  -10.526959961  -18.242315826
    0.095199777   -1.396263402  -82.530200722  -25.614984414  -15.665386545
    0.285599332   -1.396263402  -88.820705043  -39.984595990  -13.409916478
    0.475998887   -1.396263402  -97.338634670  -48.003602025  -11.778668076
    0.666398442   -1.396263402 -106.329969624  -44.237349614  -10.850552559
    0.856797996   -1.396263402 -113.263915820  -26.407486295  -10.465174167
    1.047197551   -1.396263402 -115.665303862    2.389921238  -10.275121553
    1.237597106   -1.396263402 -112.149470542   34.144994083   -9.902258579
    1.427996661   -1.396263402 -103.087636918   59.102016386   -9.070670063
    1.618396215   -1.396263402  -90.534304389   70.015306254   -7.703712692
    1.808795770   -1.396263402  -77.452834385   64.751615598   -5.909241493
    1.999195325   -1.396263402  -66.705078197   46.340887591   -3.903003303
    2.189594880   -1.396263402  -60.255624244   20.709937248   -1.918429826
    2.379994435   -1.396263402  -58.858222447   -5.725969008   -0.162751187
    2.570393989   -1.396263402  -62.137303111  -27.657554303    1.197094949
    2.760793544   -1.396263402  -68.858930477  -41.446391684    2.054208365
    2.951193099   -1.396263402  -77.271786492  -45.322903331    2.402043489

   -3.141592654   -1.047197551  -88.280642301  -42.008948012    3.965797390
   -2.951193099   -1.047197551  -95.086062340  -28.742637809    2.707737356
   -2.760793544   -1.047197551  -99.005471696  -12.543631313    1.367687117
   -2.570393989   -1.047197551  -99.986705495    1.390744048    0.025274709
   -2.379994435   -1.047197551  -98.857653369    9.237979660   -1.466988357
   -2.189594880   -1.047197551  -96.915374034   10.038113559   -3.447212281
   -1.999195325   -1.047197551  -95.356820688    5.745803527   -6.258009184
   -1.808795770   -1.047197551  -94.819031617   -0.039453576  -10.010306019
   -1.618396215   -1.047197551  -95.236362463   -3.794830668  -14.413361686
   -1.427996661   -1.047197551  -96.000450277   -3.543053024  -18.793415759
   -1.237597106   -1.047197551  -96.325297847    0.673670388  -22.312799380
   -1.047197551   -1.047197551  -95.597571207    7.110789375  -24.268758635
   -0.856797996   -1.047197551  -93.622696933   13.283443242  -24.343576256
   -0.666398442   -1.047197551  -90.688689461   16.771622850  -22.673087484
   -0.475998887   -1.047197551  -87.503801468   15.638102625  -19.746567382
   -0.285599332   -1.047197551  -85.080933251    8.718319806  -16.216516946
   -0.095199777   -1.047197551  -84.546003692   -4.087764537  -12.697018934
    0.095199777   -1.047197551  -86.882959756  -20.934052207   -9.641915288
    0.285599332   -1.047197551  -92.495042612  -37.580358768   -7.268097639
    0.475998887   -1.047197551 -100.772996779  -47.828096355   -5.572755504
    0.666398442   -1.047197551 -109.896051281  -45.657296761   -4.397820475
    0.856797996   -1.047197551 -117.169744245  -28.374445692   -3.531600067
    1.047197551   -1.047197551 -119.906133677    0.989456113   -2.781164550
    1.237597106   -1.047197551 -116.534039203   34.112263567   -2.016222990
    1.427996661   -1.047197551 -107.323948597   60.666565829   -1.154483774
    1.618396215   -1.047197551  -94.343486727   72.830861615   -0.153918434
    1.808795770   -1.047197551  -80.661993798   68.095813500    0.990335798
    1.999195325   -1.047197551  -69.290555147   49.417316687    2.231860888
    2.189594880   -1.047197551  -62.333295892   22.876736803    3.464400602
    2.379994435   -1.047197551  -60.642050737   -4.844514951    4.522448994
    2.570393989   -1.047197551  -63.885021256  -28.146508671    5.211645709
    2.760793544   -1.047197551  -70.816339366  -43.093847987    5.365643293
    2.951193099   -1.047197551  -79.617086675  -47.645674380    4.921885018

   -3.141592654   -0.698131701  -88.471159933  -45.764496163    4.163081817
   -2.951193099   -0.698131701  -96.002895806  -32.536595026    1.640294280
   -2.760793544   -0.698131701 -100.619649180  -16.050885078   -0.982004694
   -2.570393989   -0.698131701 -102.244943078   -1.920424026   -3.509148944
   -2.379994435   -0.698131701 -101.766395745    5.605815522   -5.980495488
   -2.189594880   -0.698131701 -100.600747248    5.413799085   -8.657510876
   -1.999195325   -0.698131701 -100.051141184   -0.239312164  -11.828145979
   -1.808795770   -0.698131701 -100.761616958   -7.036830408  -15.533786426
   -1.618396215   -0.698131701 -102.521720866  -10.649787719  -19.378434498
   -1.427996661   -0.698131701 -104.450779596   -8.644037912  -22.584800727
   -1.237597106   -0.698131701 -105.461718852   -1.236551714  -24.295742366
   -1.047197551   -0.698131701 -104.733409609    9.053575482  -23.956189570
   -0.856797996   -0.698131701 -102.043448594   18.706739054  -21.570759610
   -0.666398442   -0.698131701  -97.838678655   24.436662257  -17.692991311
   -0.475998887   -0.698131701  -93.110955927   23.892387945  -13.192499705
   -0.285599332   -0.698131701  -89.186264357   16.013478213   -8.923378764
   -0.095199777   -0.698131701  -87.442181405    1.192456368   -5.441550570
    0.095199777   -0.698131701  -88.997834405  -18.001993417   -2.883976606
    0.285599332   -0.698131701  -94.249965031  -36.617622889   -1.002047176
    0.475998887   -0.698131701 -102.464436678  -47.955624725    0.634196739
    0.666398442   -0.698131701 -111.633480986  -45.867242089    2.375177397
    0.856797996   -0.698131701 -118.889506835  -27.903206513    4.292714007
    1.047197551   -0.698131701 -121.441905503    2.441717238    6.169366708
    1.237597106   -0.698131701 -117.706420007   36.415660789    7.669792565
    1.427996661   -0.698131701 -108.004310296   63.453700711    8.581708177
    1.618396215   -0.698131701  -94.478651902   75.703522812    8.940838440
    1.808795770   -0.698131701  -80.268588107   70.724238905    8.976466303
    1.999195325   -0.698131701  -68.441472310   51.532581983    8.940856554
    2.189594880   -0.698131701  -61.150699833   24.222027480    8.948190184
    2.379994435   -0.698131701  -59.297591415   -4.526868759    8.914418776
    2.570393989   -0.698131701  -62.595109076  -29.055858342    8.611180707
    2.760793544   -0.698131701  -69.820876687  -45.258125373    7.784637778
    2.951193099   -0.698131701  -79.137302817  -50.838339922    6.288128854

   -3.141592654   -0.349065850  -87.327533500  -51.152517025    3.349322565
   -2.951193099   -0.349065850  -95.935969044  -38.334760834    0.200974647
   -2.760793544   -0.349065850 -101.646805475  -21.651884314   -2.972245964
   -2.570393989   -0.349065850 -104.293507417   -7.034721655   -5.961683002
   -2.379994435   -0.349065850 -104.753022338    0.804235124   -8.755969085
   -2.189594880   -0.349065850 -104.507880304    0.473979922  -11.522047137
   -1.999195325   -0.349065850 -104.937598966   -5.586142084  -14.423721550
   -1.808795770   -0.349065850 -106.681591789  -12.414863321  -17.378638248
   -1.618396215   -0.349065850 -109.385362412  -14.945548251  -19.918604147
   -1.427996661   -0.349065850 -111.915024466  -10.416303187  -21.304766413
   -1.237597106   -0.349065850 -112.933159688    0.574213727  -20.866609660
   -1.047197551   -0.349065850 -111.502942964   14.530444614  -18.376732375
   -0.856797996   -0.349065850 -107.496447354   26.803868507  -14.228270033
   -0.666398442   -0.349065850 -101.641183220   33.341999961   -9.305267490
   -0.475998887   -0.349065850  -95.294289514   31.704632146   -4.636287492
   -0.285599332   -0.349065850  -90.097549972   21.415767629   -0.989359901
   -0.095199777   -0.349065850  -87.587214206    3.870353149    1.394928342
    0.095199777   -0.349065850  -88.840608814  -17.311106675    2.844380535
    0.285599332   -0.349065850  -94.040695728  -36.503445514    4.059944373
    0.475998887   -0.349065850 -102.171316419  -46.992940527    5.745874058
    0.666398442   -0.349065850 -111.006715366  -43.291719436    8.230272972
    0.856797996   -0.349065850 -117.627526642  -23.938861713   11.271091856
    1.047197551   -0.349065850 -119.367234692    6.795133567   14.179461774
    1.237597106   -0.349065850 -114.857384016   40.022898416   16.203337406
    1.427996661   -0.349065850 -104.597120860   65.657387216   16.935677154
    1.618396215   -0.349065850  -90.787076995   76.546545841   16.482396653
    1.808795770   -0.349065850  -76.507875957   70.710844722   15.315782563
    1.999195325   -0.349065850  -64.722981920   51.169735333   13.955766022
    2.189594880   -0.349065850  -57.517597781   23.684413512   12.697047102
    2.379994435   -0.349065850  -55.799481052   -5.466987378   11.525097440
    2.570393989   -0.349065850  -59.350141736  -30.850433459   10.210817099
    2.760793544   -0.349065850  -67.031869050  -48.298969067    8.482836122
    2.951193099   -0.349065850  -77.055578694  -55.213155780    6.183946773

   -3.141592654    0.000000000  -86.377246990  -56.944127231    1.680991422
   -2.951193099    0.000000000  -96.122423706  -44.379028123   -1.374965952
   -2.760793544    0.000000000 -102.970763951  -27.474411860   -4.318151336
   -2.570393989    0.000000000 -106.683367493  -12.387983456   -7.007543493
   -2.379994435    0.000000000 -108.120162056   -4.136717147   -9.451132665
   -2.189594880    0.000000000 -108.791951034   -4.233095103  -11.761418088
   -1.999195325    0.000000000 -110.093768440   -9.980053730  -13.990692344
   -1.808795770    0.000000000 -112.598224493  -15.845653773  -15.945922034
   -1.618396215    0.000000000 -115.775091289  -16.269075799  -17.133322537
   -1.427996661    0.000000000 -118.265226523   -8.524636525  -16.935638314
   -1.237597106    0.000000000 -118.579481763    6.049538478  -14.954089128
   -1.047197551    0.000000000 -115.817867915   22.808775566  -11.309880541
   -0.856797996    0.000000000 -110.103938441   36.111316030   -6.689417542
   -0.666398442    0.000000000 -102.546801214   41.576213901   -2.087641550
   -0.475998887    0.000000000  -94.867936042   37.274478513    1.597587487
   -0.285599332    0.000000000  -88.911965361   23.842298839    3.944382284
   -0.095199777    0.000000000  -86.184776272    3.938553493    5.152077396
    0.095199777    0.000000000  -87.518107600  -17.896145124    5.939778920
    0.285599332    0.000000000  -92.737828849  -35.839839481    7.210214963
    0.475998887    0.000000000 -100.514528431  -43.831577389    9.615999384
    0.666398442    0.000000000 -108.499158695  -37.649959358   13.201966660
    0.856797996    0.000000000 -113.903601725  -17.121644951   17.323185204
    1.047197551    0.000000000 -114.385867218   12.846868377   20.914695002
    1.237597106    0.000000000 -108.930423307   43.708386104   23.007230973
    1.427996661    0.000000000  -98.247237696   66.431862802   23.180948189
    1.618396215    0.000000000  -84.529782275   74.969778719   21.696362168
    1.808795770    0.000000000  -70.686581371   67.909900798   19.251949281
    1.999195325    0.000000000  -59.470342713   48.126332093   16.571876910
    2.189594880    0.000000000  -52.829736566   20.813818649   14.086170668
    2.379994435    0.000000000  -51.651188331   -8.322899798   11.849671313
    2.570393989    0.000000000  -55.779469708  -34.140909878    9.670963555
    2.760793544    0.000000000  -64.162528428  -52.425059826    7.310670659
    2.951193099    0.000000000  -75.063075086  -60.290030321    4.636047219

   -3.141592654    0.349065850  -84.679469733  -61.057038861    1.113522609
   -2.951193099    0.349065850  -95.235518621  -48.742040899   -0.782585788
   -2.760793544    0.349065850 -102.929824409  -31.956766478   -2.499283160
   -2.570393989    0.349065850 -107.499470330  -16.885694121   -4.081340617
   -2.379994435    0.349065850 -109.788238167   -8.570082272   -5.609693831
   -2.189594880    0.349065850 -111.286568950   -8.431246989   -7.139369668
   -1.999195325    0.349065850 -113.333638595  -13.500886029   -8.604173864
   -1.808795770    0.349065850 -116.384272326  -17.904916922   -9.747112330
   -1.618396215    0.349065850 -119.741190084  -15.957929842  -10.156132623
   -1.427996661    0.349065850 -121.897670573   -5.290290001   -9.439605927
   -1.237597106    0.349065850 -121.331994914   11.929358526   -7.469246902
   -1.047197551    0.349065850 -117.288494502   30.119949582   -4.535251793
   -0.856797996    0.349065850 -110.184898833   43.093862364   -1.277820008
   -0.666398442    0.349065850 -101.461467269   46.631482942    1.588389853
   -0.475998887    0.349065850  -93.071466358   39.663984844    3.596927777
   -0.285599332    0.349065850  -86.888266233   24.004767202    4.766307912
   -0.095199777    0.349065850  -84.230852285    3.343348159    5.589620690
    0.095199777    0.349065850  -85.596815661  -17.330343873    6.840214997
    0.285599332    0.349065850  -90.466557257  -32.542181830    9.213138469
    0.475998887    0.349065850  -97.305337793  -37.323277340   12.971778622
    0.666398442    0.349065850 -103.809490093  -28.894352490   17.731760222
    0.856797996    0.349065850 -107.494103656   -8.234427732   22.528579695
    1.047197551    0.349065850 -106.463168624   19.485529127   26.173954505
    1.237597106    0.349065850 -100.095493957   46.494503436   27.767130965
    1.427996661    0.349065850  -89.277317729   65.161986949   27.060935294
    1.618396215    0.349065850  -76.111183320   70.708148065   24.497886781
    1.808795770    0.349065850  -63.234959321   62.293181189   20.910573696
    1.999195325    0.349065850  -53.101617877   42.554566291   17.110254821
    2.189594880    0.349065850  -47.454958976   16.001609691   13.604576314
    2.379994435    0.349065850  -47.113524934  -12.340286504   10.546208341
    2.570393989    0.349065850  -51.957778841  -37.716484289    7.865995925
    2.760793544    0.349065850  -61.013098517  -55.974601155    5.440985833
    2.951193099    0.349065850  -72.610211477  -64.085177654    3.194799661

   -3.141592654    0.698131701  -82.968882753  -63.099747951    0.545655718
   -2.951193099    0.698131701  -93.914742258  -50.793950489    0.237647973
   -2.760793544    0.698131701 -102.010557348  -34.109263986    0.114368602
   -2.570393989    0.698131701 -107.000807263  -19.133554412   -0.053039345
   -2.379994435    0.698131701 -109.719768964  -10.813468145   -0.413805089
   -2.189594880    0.698131701 -111.631600934  -10.487163306   -0.986062863
   -1.999195325    0.698131701 -114.031269333  -15.088238130   -1.657552651
   -1.808795770    0.698131701 -117.311200211  -18.660649098   -2.226855521
   -1.618396215    0.698131701 -120.706483189  -15.562951130   -2.480278993
   -1.427996661    0.698131701 -122.670535119   -3.682190813   -2.282543122
   -1.237597106    0.698131701 -121.708026906   14.387416015   -1.646368059
   -1.047197551    0.698131701 -117.171061256   32.697367281   -0.736526903
   -0.856797996    0.698131701 -109.630213664   44.993132103    0.226859790
   -0.666398442    0.698131701 -100.650191857   47.404298410    1.114428360
   -0.475998887    0.698131701  -92.207973996   39.549452302    1.997707836
   -0.285599332    0.698131701  -86.059555868   23.955307752    3.189592323
   -0.095199777    0.698131701  -83.295589929    4.753442968    5.130265304
    0.095199777    0.698131701  -84.149226284  -13.191746492    8.218329457
    0.285599332    0.698131701  -87.920108043  -25.140204884   12.570942250
    0.475998887    0.698131701  -93.079420152  -27.302247073   17.859538836
    0.666398442    0.698131701  -97.563543638  -18.082724759   23.284466952
    0.856797996    0.698131701  -99.307980262    0.909800635   27.771019786
    1.047197551    0.698131701  -96.872134407   24.815938429   30.322113140
    1.237597106    0.698131701  -89.943108681   47.022115054   30.410920219
    1.427996661    0.698131701  -79.454769715   61.368526657   28.160719601
    1.618396215    0.698131701  -67.304129175   64.149830282   24.248559115
    1.808795770    0.698131701  -55.790698659   54.824284334   19.577872721
    1.999195325    0.698131701  -47.046992878   35.605844808   14.931329207
    2.189594880    0.698131701  -42.612225648   10.274441240   10.789420666
    2.379994435    0.698131701  -43.234676293  -16.763734303    7.341034955
    2.570393989    0.698131701  -48.815516350  -41.084118633    4.618086885
    2.760793544    0.698131701  -58.437961798  -58.619845874    2.607967692
    2.951193099    0.698131701  -70.494617718  -66.306868046    1.279607567

   -3.141592654    1.047197551  -84.078548599  -63.323779516   -4.274036030
   -2.951193099    1.047197551  -94.989646278  -50.257391836   -3.371878072
   -2.760793544    1.047197551 -102.947917331  -33.259925538   -2.157101612
   -2.570393989    1.047197551 -107.778708780  -18.352870001   -0.984447294
   -2.379994435    1.047197551 -110.372773168  -10.295176621   -0.071769020
   -2.189594880    1.047197551 -112.212781220  -10.236368207    0.529999947
   -1.999195325    1.047197551 -114.582329947  -14.998438308    0.868111761
   -1.808795770    1.047197551 -117.851794903  -18.629485153    0.990892197
   -1.618396215    1.047197551 -121.244798072  -15.580703482    0.892759024
   -1.427996661    1.047197551 -123.224011934   -3.850475517    0.537651863
   -1.237597106    1.047197551 -122.318407083   13.929180217   -0.059155112
   -1.047197551    1.047197551 -117.898919292   31.923667898   -0.761053159
   -0.856797996    1.047197551 -110.518718122   44.142793825   -1.279945914
   -0.666398442    1.047197551 -101.665872088   47.035053529   -1.227090226
   -0.475998887    1.047197551  -93.184481444   40.484840397   -0.212260164
   -0.285599332    1.047197551  -86.664938023   27.041090738    2.072768713
   -0.095199777    1.047197551  -83.059524649   10.559932772    5.749564857
    0.095199777    1.047197551  -82.546731764   -4.719829049   10.698557280
    0.285599332    1.047197551  -84.513118743  -14.875048331   16.477065388
    0.475998887    1.047197551  -87.671934809  -16.879322355   22.323226710
    0.666398442    1.047197551  -90.316531319   -9.517395986   27.259908116
    0.856797996    1.047197551  -90.752572494    5.844767871   30.349731589
    1.047197551    1.047197551  -87.802404900   25.233432483   30.981560946
    1.237597106    1.047197551  -81.210855495   43.200503893   29.105334476
    1.427996661    1.047197551  -71.759245093   54.563559882   25.212227383
    1.618396215    1.047197551  -61.058459481   55.992966824   20.122557255
    1.808795770    1.047197551  -51.111283429   46.709159671   14.670955327
    1.999195325    1.047197551  -43.839166149   28.343051348    9.473621017
    2.189594880    1.047197551  -40.681208754    4.136543484    4.883907528
    2.379994435    1.047197551  -42.363209315  -21.759354237    1.077647072
    2.570393989    1.047197551  -48.786154347  -44.922619625   -1.818338044
    2.760793544    1.047197551  -59.024066854  -61.226652851   -3.685836869
    2.951193099    1.047197551  -71.457131788  -67.648509730   -4.470827358

   -3.141592654    1.396263402  -89.139398136  -61.876989540   -9.769041418
   -2.951193099    1.396263402  -99.590391849  -46.992438047   -8.265504816
   -2.760793544    1.396263402 -106.823957133  -29.056627444   -6.413425654
   -2.570393989    1.396263402 -110.836311844  -14.084578662   -4.582311071
   -2.379994435    1.396263402 -112.662200539   -6.569343393   -2.956126081
   -2.189594880    1.396263402 -113.871820829   -7.375153970   -1.534339604
   -1.999195325    1.396263402 -115.793155843  -13.178412737   -0.265142593
   -1.808795770    1.396263402 -118.829533459  -18.040423364    0.813260380
   -1.618396215    1.396263402 -122.243273927  -16.420028312    1.537565233
   -1.427996661    1.396263402 -124.520619561   -6.123685197    1.728532480
   -1.237597106    1.396263402 -124.152205684   10.661606603    1.375678993
   -1.047197551    1.396263402 -120.374480207   28.638465356    0.743418168
   -0.856797996    1.396263402 -113.516060069   42.171079827    0.343015044
   -0.666398442    1.396263402 -104.809163477   47.651799966    0.754494915
   -0.475998887    1.396263402  -95.893142240   44.519273017    2.413396175
   -0.285599332    1.396263402  -88.265538317   34.591416626    5.477440274
   -0.095199777    1.396263402  -82.935772625   20.949967245    9.761271920
    0.095199777    1.396263402  -80.279625860    7.120914799   14.771725677
    0.285599332    1.396263402  -79.998985633   -3.450276992   19.750957024
    0.475998887    1.396263402  -81.180695318   -7.854749935   23.810718295
    0.666398442    1.396263402  -82.468712033   -4.489679770   26.130835959
    0.856797996    1.396263402  -82.395347394    6.131948985   26.219081409
    1.047197551    1.396263402  -79.822171032   21.135089962   24.065439760
    1.237597106    1.396263402  -74.335897143   35.934521057   20.162148334
    1.427996661    1.396263402  -66.444626483   45.683181129   15.273874521
    1.618396215    1.396263402  -57.481691262   46.781101028   10.152128158
    1.808795770    1.396263402  -49.258151922   37.871562560    5.303743569
    1.999195325    1.396263402  -43.614055018   20.086573521    0.944185591
    2.189594880    1.396263402  -41.970139761   -3.497794311   -2.880207123
    2.379994435    1.396263402  -45.031253029  -28.545647491   -6.119082972
    2.570393989    1.396263402  -52.626545651  -50.339233882   -8.610031999
    2.760793544    1.396263402  -63.714788279  -64.630445533  -10.119865214
    2.951193099    1.396263402  -76.567795346  -68.602085013  -10.486881050

   -3.141592654    1.745329252  -95.458965436  -59.827130956  -16.151372631
   -2.951193099    1.745329252 -105.358885365  -43.387848631  -14.680558521
   -2.760793544    1.745329252 -111.824746467  -24.735152788  -12.612254571
   -2.570393989    1.745329252 -115.005573557   -9.770007789  -10.260257363
   -2.379994435    1.745329252 -116.044871957   -2.665412652   -7.792958405
   -2.189594880    1.745329252 -116.563504798   -4.040706694   -5.233208836
   -1.999195325    1.745329252 -117.913750102  -10.549258105   -2.595191894
   -1.808795770    1.745329252 -120.535762338  -16.374053123   -0.023964065
   -1.618396215    1.745329252 -123.746146234  -15.993566242    2.178855103
   -1.427996661    1.745329252 -126.061935061   -6.921801687    3.698123546
   -1.237597106    1.745329252 -125.919841221    9.210856514    4.431691091
   -1.047197551    1.745329252 -122.394067362   27.645677575    4.621131822
   -0.856797996    1.745329252 -115.576394813   42.931910534    4.806081501
   -0.666398442    1.745329252 -106.475854487   51.128806841    5.590079410
   -0.475998887    1.745329252  -96.612276042   50.967616963    7.367156959
   -0.285599332    1.745329252  -87.513835404   43.423541198   10.160816758
   -0.095199777    1.745329252  -80.374159282   30.867159825   13.592481348
    0.095199777    1.745329252  -75.864339549   16.355498792   16.994252735
    0.285599332    1.745329252  -74.038461241    3.249644612   19.560084878
    0.475998887    1.745329252  -74.307695915   -5.159286748   20.568462608
    0.666398442    1.745329252  -75.520979679   -6.396903353   19.601812396
    0.856797996    1.745329252  -76.216351976    0.143010618   16.727105682
    1.047197551    1.745329252  -75.059003801   12.555812196   12.475113430
    1.237597106    1.745329252  -71.306269732   26.589811914    7.665906876
    1.427996661    1.745329252  -65.145563008   37.018784005    3.060298951
    1.618396215    1.745329252  -57.712056496   39.399492621   -0.902181931
    1.808795770    1.745329252  -50.781699408   31.590150840   -4.188627723
    1.999195325    1.745329252  -46.271501293   14.372697496   -7.037877203
    2.189594880    1.745329252  -45.693162243   -8.993953281   -9.711211967
    2.379994435    1.745329252  -49.772800126  -33.670226084  -12.275631754
    2.570393989    1.745329252  -58.261980546  -54.466853548  -14.529702480
    2.760793544    1.745329252  -69.980825146  -66.996112679  -16.108422009
    2.951193099    1.745329252  -83.075485763  -68.721347371  -16.683136821

   -3.141592654    2.094395102 -102.242933038  -58.466031801  -18.807166036
   -2.951193099    2.094395102 -111.732110261  -40.529467442  -17.473515767
   -2.760793544    2.094395102 -117.554619320  -20.930978690  -15.419829024
   -2.570393989    2.094395102 -119.958791599   -5.480815482  -12.884717636
   -2.379994435    2.094395102 -120.153635245    1.890723638   -9.997189466
   -2.189594880    2.094395102 -119.785752058    0.693893482   -6.760163971
   -1.999195325    2.094395102 -120.230038328   -5.819545645   -3.170792249
   -1.808795770    2.094395102 -121.982478494  -12.059892868    0.635317762
   -1.618396215    2.094395102 -124.450713864  -12.597145544    4.330299721
   -1.427996661    2.094395102 -126.230324340   -4.700321966    7.503770219
   -1.237597106    2.094395102 -125.758433116   10.535860043    9.876929141
   -1.047197551    2.094395102 -122.003140951   28.888312636   11.456395535
   -0.856797996    2.094395102 -114.875567966   45.093375899   12.535294213
   -0.666398442    2.094395102 -105.217599803   54.875754590   13.510199953
   -0.475998887    2.094395102  -94.485369588   56.266887067   14.641841563
   -0.285599332    2.094395102  -84.289302767   49.453385978   15.896313999
   -0.095199777    2.094395102  -76.039165128   36.241757782   16.916547816
    0.095199777    2.094395102  -70.692997732   19.510555387   17.145761626
    0.285599332    2.094395102  -68.581534625    2.931701023   16.018861040
    0.475998887    2.094395102  -69.288308250   -9.438570200   13.212689098
    0.666398442    2.094395102  -71.658774751  -14.078231671    8.840419873
    0.856797996    2.094395102  -74.027011336   -9.437873943    3.514607222
    1.047197551    2.094395102  -74.719875582    3.032605429   -1.841686309
    1.237597106    2.094395102  -72.638979183   18.757271705   -6.327522510
    1.427996661    2.094395102  -67.741494277   31.607293482   -9.441027707
    1.618396215    2.094395102  -61.126322711   36.085254832  -11.235939341
    1.808795770    2.094395102  -54.705797792   29.358160885  -12.212386908
    1.999195325    2.094395102  -50.607521286   12.128399195  -13.012171696
    2.189594880    2.094395102  -50.513070358  -11.870233499  -14.106595929
    2.379994435    2.094395102  -55.199067476  -37.079588296  -15.605156178
    2.570393989    2.094395102  -64.336809435  -57.714844134  -17.255342222
    2.760793544    2.094395102  -76.588172417  -69.188537931  -18.599193578
    2.951193099    2.094395102  -89.944810249  -69.205979179  -19.194309023

   -3.141592654    2.443460953 -108.644185182  -57.808154927  -13.010473175
   -2.951193099    2.443460953 -117.882125518  -38.597650839  -11.362656972
   -2.760793544    2.443460953 -123.230910422  -17.930678062   -9.200522498
   -2.570393989    2.443460953 -124.973242912   -1.544802546   -6.737037937
   -2.379994435    2.443460953 -124.326390127    6.808130683   -4.063215478
   -2.189594880    2.443460953 -122.919234315    6.693659251   -1.102679052
   -1.999195325    2.443460953 -122.122046885    1.174655180    2.285319185
   -1.808795770    2.443460953 -122.480884751   -4.526078483    6.129803369
   -1.618396215    2.443460953 -123.520615194   -5.269267082   10.214090627
   -1.427996661    2.443460953 -123.983779487    1.690180597   14.101727004
   -1.237597106    2.443460953 -122.418116255   15.600432670   17.315540270
   -1.047197551    2.443460953 -117.821306772   32.707095905   19.541552920
   -0.856797996    2.443460953 -110.054753531   48.051518372   20.732867087
   -0.666398442    2.443460953  -99.886577382   57.300590959   21.035046201
   -0.475998887    2.443460953  -88.742562093   58.112026742   20.610392682
   -0.285599332    2.443460953  -78.288989776   50.183136006   19.476117136
   -0.095199777    2.443460953  -70.074333024   34.977264861   17.453347650
    0.095199777    2.443460953  -65.229994990   15.375434702   14.267061741
    0.285599332    2.443460953  -64.218129514   -4.497883775    9.739361441
    0.475998887    2.443460953  -66.627978723  -19.748960126    4.015381554
    0.666398442    2.443460953  -71.134448592  -25.894324048   -2.320062150
    0.856797996    2.443460953  -75.738890424  -20.749804355   -8.325016967
    1.047197551    2.443460953  -78.378152634   -5.811130852  -13.014925703
    1.237597106    2.443460953  -77.647208324   13.518108084  -15.748813745
    1.427996661    2.443460953  -73.401784350   29.883630207  -16.501973968
    1.618396215    2.443460953  -66.865693376   36.732191096  -15.832487735
    1.808795770    2.443460953  -60.223908455   30.783068043  -14.590165472
    1.999195325    2.443460953  -55.893674935   12.972612882  -13.539465753
    2.189594880    2.443460953  -55.754349291  -12.277612016  -13.102855892
    2.379994435    2.443460953  -60.635471593  -38.640048935  -13.286421131
    2.570393989    2.443460953  -70.131001740  -59.769494397  -13.778968217
    2.760793544    2.443460953  -82.753694212  -70.890829823  -14.131377326
    2.951193099    2.443460953  -96.344282155  -69.878232003  -13.944174006

   -3.141592654    2.792526803 -111.934965581  -56.328223534    1.041642835
   -2.951193099    2.792526803 -120.804720461  -36.254730272    3.081399907
   -2.760793544    2.792526803 -125.638594665  -14.909851972    4.933003990
   -2.570393989    2.792526803 -126.754474441    1.996577482    6.557854526
   -2.379994435    2.792526803 -125.382480511   10.905055486    8.136459632
   -2.189594880    2.792526803 -123.123847804   11.583011023   10.031543932
   -1.999195325    2.792526803 -121.298805977    7.106392234   12.611181505
   -1.808795770    2.792526803 -120.427058706    2.429275442   16.017661960
   -1.618396215    2.792526803 -120.077017791    2.258007995   20.007862792
   -1.427996661    2.792526803 -119.114668618    8.982382026   23.981510450
   -1.237597106    2.792526803 -116.254344850   21.766761304   27.197253939
   -1.047197551    2.792526803 -110.648195589   37.057138403   29.047889677
   -0.856797996    2.792526803 -102.257604761   50.215013128   29.249244203
   -0.666398442    2.792526803  -91.897417591   57.133128402   27.838895127
   -0.475998887    2.792526803  -81.015030243   55.504664194   25.044494132
   -0.285599332    2.792526803  -71.303840349   44.959201540   21.104033091
   -0.095199777    2.792526803  -64.346620558   26.984772175   16.182252272
    0.095199777    2.792526803  -61.281037388    4.744179483   10.403114711
    0.285599332    2.792526803  -62.493442003  -17.054937886    3.981106035
    0.475998887    2.792526803  -67.370016964  -32.811650275   -2.640252964
    0.666398442    2.792526803  -74.261614668  -37.542490783   -8.755085775
    0.856797996    2.792526803  -80.798843127  -29.128280871  -13.540219345
    1.047197551    2.792526803  -84.627525627   -9.823975970  -16.342140833
    1.237597106    2.792526803  -84.245451728   13.753508924  -16.968840429
    1.427996661    2.792526803  -79.643782514   33.123552676  -15.789646420
    1.618396215    2.792526803  -72.346512316   41.193233275  -13.564592343
    1.808795770    2.792526803  -64.871784764   34.866025007  -11.100624785
    1.999195325    2.792526803  -59.881471419   15.745506416   -8.936517758
    2.189594880    2.792526803  -59.358534592  -10.984459612   -7.227819359
    2.379994435    2.792526803  -64.107548474  -38.445585888   -5.820618048
    2.570393989    2.792526803  -73.620758128  -60.034742948   -4.440004712
    2.760793544    2.792526803  -86.285462217  -70.971793628   -2.859946020
    2.951193099    2.792526803  -99.832565941  -69.292063420   -1.004048985
