#! FIELDS phi psi file.free der_phi der_psi
#! SET min_phi -pi
#! SET max_phi pi
#! SET nbins_phi  33
#! SET periodic_phi true
#! SET min_psi -pi
#! SET max_psi pi
#! SET nbins_psi  18
#! SET periodic_psi true
   -3.141592654   -3.141592654  -87.059734769  -53.333192047   15.787539491
   -2.951193099   -3.141592654  -95.533957994  -35.000921845   18.436904387
   -2.760793544   -3.141592654 -100.237403320  -14.619071640   20.204305161
   -2.570393989   -3.141592654 -101.310036134    2.357091203   21.161555109
   -2.379994435   -3.141592654  -99.786861804   12.287689737   21.703225157
   -2.189594880   -3.141592654  -97.115140095   14.627981204   22.413893625
   -1.999195325   -3.141592654  -94.537636452   11.947101174   23.801615510
   -1.808795770   -3.141592654  -92.604421802    8.628605911   26.024364342
   -1.618396215   -3.141592654  -91.021890378    8.822678437   28.745324894
   -1.427996661   -3.141592654  -88.884255101   14.535916466   31.221696342
   -1.237597106   -3.141592654  -85.181713592   24.859468499   32.597585174
   -1.047197551   -3.141592654  -79.322870447   36.489717319   32.245049135
   -0.856797996   -3.141592654  -71.446768803   45.354866579   29.987625580
   -0.666398442   -3.141592654  -62.418939272   48.107757462   26.090971329
   -0.475998887   -3.141592654  -53.588305989   43.204123125   21.083845226
   -0.285599332   -3.141592654  -46.417545181   30.879294653   15.489055319
   -0.095199777   -3.141592654  -42.172694424   12.898835053    9.663586076
    0.095199777   -3.141592654  -41.654883044   -7.651279239    3.778022440
    0.285599332   -3.141592654  -44.958762723  -26.424018787   -2.037340524
    0.475998887   -3.141592654  -51.266596727  -38.372030798   -7.511034333
    0.666398442   -3.141592654  -58.839183403  -39.147672100  -12.139410904
    0.856797996   -3.141592654  -65.346671183  -27.327252417  -15.298735116
    1.047197551   -3.141592654  -68.602482343   -5.817449170  -16.507716768
    1.237597106   -3.141592654  -67.372311884   18.430998429  -15.710763001
    1.427996661   -3.141592654  -61.929503447   37.141753853  -13.344043985
    1.618396215   -3.141592654  -53.984180144   44.004988740  -10.140783113
    1.808795770   -3.141592654  -46.063647426   36.917700214   -6.789104444
    1.999195325   -3.141592654  -40.671711416   18.131864851   -3.654059102
    2.189594880   -3.141592654  -39.577019534   -7.227943751   -0.728637364
    2.379994435   -3.141592654  -43.449738786  -33.020093118    2.220094068
    2.570393989   -3.141592654  -51.816009745  -53.576125817    5.415775553
    2.760793544   -3.141592654  -63.248008474  -64.698955883    8.900510318
    2.951193099   -3.141592654  -75.714730496  -64.367691696   12.478736774

   -3.141592654   -2.792526803  -79.716640099  -48.107206795   23.701312184
   -2.951193099   -2.792526803  -87.394720835  -31.927005406   26.267375400
   -2.760793544   -2.792526803  -91.720025521  -13.664392796   27.563560519
   -2.570393989   -2.792526803  -92.761169080    1.900099950   27.832924856
   -2.379994435   -2.792526803  -91.367083347   11.609950210   27.630588616
   -2.189594880   -2.792526803  -88.744039416   14.975553597   27.618637894
   -1.999195325   -2.792526803  -85.934925054   14.096390327   28.280886736
   -1.808795770   -2.792526803  -83.421912805   12.469390097   29.688223767
   -1.618396215   -2.792526803  -81.025212949   13.290048032   31.417017363
   -1.427996661   -2.792526803  -78.108329674   17.960743774   32.686587902
   -1.237597106   -2.792526803  -73.988374528   25.591897126   32.669339719
   -1.047197551   -2.792526803  -68.335117225   33.521428972   30.817747929
   -0.856797996   -2.792526803  -61.389897823   38.625707371   27.062251438
   -0.666398442   -2.792526803  -53.944875756   38.410252708   21.787250014
   -0.475998887   -2.792526803  -47.148964777   31.748121420   15.645359589
   -0.285599332   -2.792526803  -42.232035282   18.846736452    9.277122314
   -0.095199777   -2.792526803  -40.261355847    1.167069543    3.144265444
    0.095199777   -2.792526803  -41.900081348  -18.478233600   -2.511448276
    0.285599332   -2.792526803  -47.138192518  -35.813808436   -7.539906620
    0.475998887   -2.792526803  -55.047569908  -45.677908030  -11.734230993
    0.666398442   -2.792526803  -63.756022093  -43.653663571  -14.758839197
    0.856797996   -2.792526803  -70.812656787  -28.522406846  -16.252416286
    1.047197551   -2.792526803  -73.981774523   -3.762784207  -16.018503526
    1.237597106   -2.792526803  -72.106039336   23.000251756  -14.210581135
    1.427996661   -2.792526803  -65.646156090   43.062750625  -11.305832492
    1.618396215   -2.792526803  -56.533635648   50.204009363   -7.897268005
    1.808795770   -2.792526803  -47.455699493   42.844436771   -4.417076397
    1.999195325   -2.792526803  -40.958590094   23.871371499   -0.973777786
    2.189594880   -2.792526803  -38.753441569   -1.217112758    2.597566267
    2.379994435   -2.792526803  -41.421112920  -26.336677140    6.533912715
    2.570393989   -2.792526803  -48.446149403  -46.220474301   10.915796697
    2.760793544   -2.792526803  -58.449121196  -57.177325980   15.547629631
    2.951193099   -2.792526803  -69.533961011  -57.544612150   19.986358974

   -3.141592654   -2.443460953  -71.458956950  -42.627677229   22.236624120
   -2.951193099   -2.443460953  -78.304737159  -28.695856963   24.146440271
   -2.760793544   -2.443460953  -82.218876944  -12.501793695   24.920770105
   -2.570393989   -2.443460953  -83.178797851    1.754646893   24.856464217
   -2.379994435   -2.443460953  -81.852505202   11.231833979   24.428465414
   -2.189594880   -2.443460953  -79.243361494   15.333266940   24.111661250
   -1.999195325   -2.443460953  -76.256173766   15.614804939   24.186495396
   -1.808795770   -2.443460953  -73.368511945   14.752558355   24.608480647
   -1.618396215   -2.443460953  -70.551452798   15.185957806   24.987517512
   -1.427996661   -2.443460953  -67.429419189   17.978673638   24.716903793
   -1.237597106   -2.443460953  -63.589663672   22.486595686   23.221088684
   -1.047197551   -2.443460953  -58.872922835   26.802990104   20.203407511
   -0.856797996   -2.443460953  -53.523549024   28.740551610   15.777415681
   -0.666398442   -2.443460953  -48.171750724   26.567072150   10.416545475
   -0.475998887   -2.443460953  -43.699993342   19.432203108    4.771569085
   -0.285599332   -2.443460953  -41.068103216    7.351924570   -0.585037373
   -0.095199777   -2.443460953  -41.140921368   -8.709448731   -5.299494252
    0.095199777   -2.443460953  -44.478530123  -26.415195469   -9.259270658
    0.285599332   -2.443460953  -51.038231911  -41.745332856  -12.462663175
    0.475998887   -2.443460953  -59.881938404  -49.527909608  -14.876684440
    0.666398442   -2.443460953  -69.113216796  -45.258055406  -16.358520422
    0.856797996   -2.443460953  -76.251893005  -27.756019276  -16.721219236
    1.047197551   -2.443460953  -79.061637906   -0.803790039  -15.860451182
    1.237597106   -2.443460953  -76.456410904   27.594930797  -13.894960532
    1.427996661   -2.443460953  -69.028561881   48.511204209  -11.144369648
    1.618396215   -2.443460953  -58.850808469   55.869745113   -7.991807182
    1.808795770   -2.443460953  -48.693619749   48.521233917   -4.692933053
    1.999195325   -2.443460953  -41.096320152   29.814971989   -1.278145093
    2.189594880   -2.443460953  -37.698380709    5.430503416    2.388155881
    2.379994435   -2.443460953  -39.010573975  -18.748204129    6.434709599
    2.570393989   -2.443460953  -44.514891315  -37.926348245   10.806551733
    2.760793544   -2.443460953  -52.924082873  -48.891557820   15.204893565
    2.951193099   -2.443460953  -62.507473171  -50.231592369   19.164964415

   -3.141592654   -2.094395102  -64.983482712  -38.751001628   14.653085277
   -2.951193099   -2.094395102  -71.253600170  -26.522968716   15.724144747
   -2.760793544   -2.094395102  -74.901196041  -11.824553136   16.149921451
   -2.570393989   -2.094395102  -75.839796153    1.386932660   16.148576806
   -2.379994435   -2.094395102  -74.642518976   10.328382071   15.927232492
   -2.189594880   -2.094395102  -72.224290644   14.272681180   15.603767902
   -1.999195325   -2.094395102  -69.444053819   14.483155675   15.167098206
   -1.808795770   -2.094395102  -66.799695526   13.250565674   14.479831603
   -1.618396215   -2.094395102  -64.351125521   12.702352091   13.311161710
   -1.427996661   -2.094395102  -61.849835653   13.848447882   11.415771960
   -1.237597106   -2.094395102  -58.988815215   16.324229021    8.652808374
   -1.047197551   -2.094395102  -55.632277952   18.769540366    5.088718650
   -0.856797996   -2.094395102  -51.936640552   19.575587582    1.015429619
   -0.666398442   -2.094395102  -48.351586085   17.381597186   -3.129614345
   -0.475998887   -2.094395102  -45.544340880   11.294615385   -6.905080842
   -0.285599332   -2.094395102  -44.304942797    0.942280232  -10.025951829
   -0.095199777   -2.094395102  -45.419653901  -13.258774324  -12.419690177
    0.095199777   -2.094395102  -49.466989394  -29.378420857  -14.198361340
    0.285599332   -2.094395102  -56.472127109  -43.510245683  -15.527380114
    0.475998887   -2.094395102  -65.557292757  -50.301387069  -16.499408116
    0.666398442   -2.094395102  -74.838645371  -44.979403006  -17.059790313
    0.856797996   -2.094395102  -81.808548198  -26.217165878  -17.047218704
    1.047197551   -2.094395102  -84.196881945    2.083946396  -16.282449544
    1.237597106   -2.094395102  -80.925334541   31.656668775  -14.712017565
    1.427996661   -2.094395102  -72.642948328   53.348486840  -12.436396365
    1.618396215   -2.094395102  -61.501961604   61.092610512   -9.667924702
    1.808795770   -2.094395102  -50.328646413   53.958166619   -6.610209786
    1.999195325   -2.094395102  -41.668317500   35.567169205   -3.376703886
    2.189594880   -2.094395102  -37.129031885   11.685245277    0.004379714
    2.379994435   -2.094395102  -37.198134100  -11.976168191    3.499764128
    2.570393989   -2.094395102  -41.386132607  -30.961453664    6.971635834
    2.760793544   -2.094395102  -48.497033270  -42.343871558   10.165488213
    2.951193099   -2.094395102  -56.927348915  -44.776283533   12.790626970

   -3.141592654   -1.745329252  -61.753748864  -37.261247779    6.352564490
   -2.951193099   -1.745329252  -67.835222532  -25.981460717    6.359697964
   -2.760793544   -1.745329252  -71.441855102  -11.889566278    6.161196139
   -2.570393989   -1.745329252  -72.427625792    0.981922726    5.908095731
   -2.379994435   -1.745329252  -71.334870478    9.624131345    5.579820865
   -2.189594880   -1.745329252  -69.094137184   13.056873283    4.994016597
   -1.999195325   -1.745329252  -66.624008709   12.366046355    3.909230798
   -1.808795770   -1.745329252  -64.503622917    9.799895835    2.155433547
   -1.618396215   -1.745329252  -62.864246015    7.629721114   -0.283270523
   -1.427996661   -1.745329252  -61.482197158    7.213040677   -3.255996150
   -1.237597106   -1.745329252  -59.996618547    8.646781867   -6.484389205
   -1.047197551   -1.745329252  -58.130649189   10.976355466   -9.626328971
   -0.856797996   -1.745329252  -55.844279386   12.745816148  -12.355688797
   -0.666398442   -1.745329252  -53.394070740   12.412499424  -14.425198419
   -0.475998887   -1.745329252  -51.318806057    8.595099270  -15.711472125
   -0.285599332   -1.745329252  -50.387075585    0.343965887  -16.254229949
   -0.095199777   -1.745329252  -51.463971085  -12.392166553  -16.235087179
    0.095199777   -1.745329252  -55.272190958  -27.864593883  -15.935681102
    0.285599332   -1.745329252  -61.986064780  -42.052917872  -15.629828659
    0.475998887   -1.745329252  -70.831568039  -49.258701843  -15.484180922
    0.666398442   -1.745329252  -79.952109456  -44.293053965  -15.484677613
    0.856797996   -1.745329252  -86.795992949  -25.487747501  -15.446497382
    1.047197551   -1.745329252  -89.001490406    3.349616130  -15.080966176
    1.237597106   -1.745329252  -85.405834494   33.831056152  -14.142636071
    1.427996661   -1.745329252  -76.611798953   56.529295636  -12.522921763
    1.618396215   -1.745329252  -64.778342148   65.138718441  -10.292506029
    1.808795770   -1.745329252  -52.771353482   58.615600971   -7.640267344
    1.999195325   -1.745329252  -43.183675397   40.605383221   -4.788704449
    2.189594880   -1.745329252  -37.664342211   16.900609037   -1.934562762
    2.379994435   -1.745329252  -36.742757867   -6.843420932    0.743092521
    2.570393989   -1.745329252  -39.989371907  -26.280109548    3.053384996
    2.760793544   -1.745329252  -46.284082786  -38.521108529    4.809251503
    2.951193099   -1.745329252  -54.093151488  -42.102610793    5.896547548

   -3.141592654   -1.396263402  -62.680596983  -38.992647635    3.851126892
   -2.951193099   -1.396263402  -69.080284419  -27.490080440    3.170981366
   -2.760793544   -1.396263402  -72.911158652  -12.706951851    2.357720527
   -2.570393989   -1.396263402  -73.984812350    0.814649801    1.527635992
   -2.379994435   -1.396263402  -72.905615528    9.514823739    0.583738772
   -2.189594880   -1.396263402  -70.750419561   12.114780081   -0.749903978
   -1.999195325   -1.396263402  -68.603118108    9.818880011   -2.772085016
   -1.808795770   -1.396263402  -67.148202365    5.364032586   -5.614389796
   -1.618396215   -1.396263402  -66.509085751    1.674067213   -9.121767885
   -1.427996661   -1.396263402  -66.334929358    0.670035938  -12.866281673
   -1.237597106   -1.396263402  -66.056991886    2.711882368  -16.280403555
   -1.047197551   -1.396263402  -65.175206483    6.730651582  -18.838090327
   -0.856797996   -1.396263402  -63.479858166   10.846466139  -20.217907219
   -0.666398442   -1.396263402  -61.154648565   12.966157183  -20.365151512
   -0.475998887   -1.396263402  -58.769467323   11.182160651  -19.465187908
   -0.285599332   -1.396263402  -57.211820943    4.181901738  -17.868232376
   -0.095199777   -1.396263402  -57.514611526   -8.262380406  -15.979825551
    0.095199777   -1.396263402  -60.582910741  -24.359756917  -14.187975647
    0.285599332   -1.396263402  -66.746086850  -39.854607945  -12.768746490
    0.475998887   -1.396263402  -75.322250802  -48.627493649  -11.835708829
    0.666398442   -1.396263402  -84.454441411  -44.960358993  -11.314710599
    0.856797996   -1.396263402  -91.491620655  -26.699532951  -10.983831486
    1.047197551   -1.396263402  -93.900328339    2.580128264  -10.547079781
    1.237597106   -1.396263402  -90.337633881   34.353522270   -9.759475740
    1.427996661   -1.396263402  -81.285458697   58.718649240   -8.497834648
    1.618396215   -1.396263402  -68.887089774   68.797192107   -6.791449900
    1.808795770   -1.396263402  -56.091026047   63.108972763   -4.774680939
    1.999195325   -1.396263402  -45.629696505   45.152980116   -2.621879657
    2.189594880   -1.396263402  -39.295893181   20.801523961   -0.503829793
    2.379994435   -1.396263402  -37.734944207   -4.099149527    1.406896358
    2.570393989   -1.396263402  -40.593095637  -24.972276668    2.922222356
    2.760793544   -1.396263402  -46.778307594  -38.650493611    3.866887058
    2.951193099   -1.396263402  -54.726058354  -43.343555258    4.153592560

   -3.141592654   -1.047197551  -64.800671438  -42.236964457    4.006805993
   -2.951193099   -1.047197551  -71.793461938  -30.375729020    2.415298460
   -2.760793544   -1.047197551  -76.101286499  -14.809962018    0.650659474
   -2.570393989   -1.047197551  -77.506076656   -0.636168617   -1.113090733
   -2.379994435   -1.047197551  -76.692562849    8.027267317   -2.925523004
   -2.189594880   -1.047197551  -74.897430306    9.675322188   -5.046850733
   -1.999195325   -1.047197551  -73.359978762    5.795835944   -7.776623583
   -1.808795770   -1.047197551  -72.822373742   -0.164928117  -11.215478786
   -1.618396215   -1.047197551  -73.314730280   -4.475957270  -15.097016799
   -1.427996661   -1.047197551  -74.261524667   -4.706674560  -18.812624950
   -1.237597106   -1.047197551  -74.823129019   -0.532653552  -21.623198307
   -1.047197551   -1.047197551  -74.286976469    6.413221848  -22.949146930
   -0.856797996   -1.047197551  -72.367813249   13.445557988  -22.594789601
   -0.666398442   -1.047197551  -69.322111763   17.765252217  -20.788489870
   -0.475998887   -1.047197551  -65.899408746   17.072696492  -18.056767706
   -0.285599332   -1.047197551  -63.208341958   10.018825171  -15.020085087
   -0.095199777   -1.047197551  -62.482310870   -3.429564987  -12.187389962
    0.095199777   -1.047197551  -64.775604320  -21.117484103   -9.855651886
    0.285599332   -1.047197551  -70.489451193  -38.367082765   -8.072968680
    0.475998887   -1.047197551  -78.930736321  -48.618477523   -6.707652380
    0.666398442   -1.047197551  -88.152065876  -45.784010593   -5.554067489
    0.856797996   -1.047197551  -95.358155192  -27.519041148   -4.446682181
    1.047197551   -1.047197551  -97.858430400    2.527383689   -3.310391799
    1.237597106   -1.047197551  -94.192653483   35.516258716   -2.154425244
    1.427996661   -1.047197551  -84.798556302   61.101762036   -1.007283347
    1.618396215   -1.047197551  -71.857477614   72.019088811    0.125715110
    1.808795770   -1.047197551  -58.414516917   66.570008482    1.270524481
    1.999195325   -1.047197551  -47.320355332   48.239350343    2.448947535
    2.189594880   -1.047197551  -40.475941353   23.001695033    3.630293473
    2.379994435   -1.047197551  -38.610701876   -3.151315996    4.694097367
    2.570393989   -1.047197551  -41.424535285  -25.467744253    5.437432089
    2.760793544   -1.047197551  -47.839653069  -40.530675630    5.635971524
    2.951193099   -1.047197551  -56.250367727  -46.234530635    5.149505791

   -3.141592654   -0.698131701  -64.959239939  -46.186655688    2.930948750
   -2.951193099   -0.698131701  -72.737185702  -34.580986751    0.360322515
   -2.760793544   -0.698131701  -77.832858301  -18.830194340   -2.402336141
   -2.570393989   -0.698131701  -79.975803940   -4.394803434   -5.104235228
   -2.379994435   -0.698131701  -79.879038122    4.169482783   -7.713812112
   -2.189594880   -0.698131701  -78.873881087    5.147528829  -10.429045848
   -1.999195325   -0.698131701  -78.293419700    0.259120030  -13.495149110
   -1.808795770   -0.698131701  -78.888208945   -6.406300184  -16.936390082
   -1.618396215   -0.698131701  -80.559036855  -10.388347334  -20.374085336
   -1.427996661   -0.698131701  -82.487506981   -8.859732753  -23.091808237
   -1.237597106   -0.698131701  -83.571003194   -1.701390687  -24.329420953
   -1.047197551   -0.698131701  -82.928295544    8.701527351  -23.644192952
   -0.856797996   -0.698131701  -80.275768279   18.706164124  -21.133824192
   -0.666398442   -0.698131701  -76.039549936   24.761743410  -17.393053437
   -0.475998887   -0.698131701  -71.239944918   24.282785780  -13.261917053
   -0.285599332   -0.698131701  -67.262958956   16.136811553   -9.497236954
   -0.095199777   -0.698131701  -65.540835378    0.840070660   -6.511082879
    0.095199777   -0.698131701  -67.207023017  -18.756647514   -4.293248749
    0.285599332   -0.698131701  -72.614627165  -37.387663204   -2.493509816
    0.475998887   -0.698131701  -80.934361681  -48.175512714   -0.666419230
    0.666398442   -0.698131701  -90.055870466  -45.077968955    1.459517589
    0.856797996   -0.698131701  -97.060546337  -26.084306345    3.811477408
    1.047197551   -0.698131701  -99.211250043    4.718514124    6.017500226
    1.237597106   -0.698131701  -95.076749027   38.173577902    7.635553553
    1.427996661   -0.698131701  -85.162658799   63.837596050    8.425915687
    1.618396215   -0.698131701  -71.717750784   74.532745148    8.473530853
    1.808795770   -0.698131701  -57.831135424   68.697158285    8.106696596
    1.999195325   -0.698131701  -46.375926289   49.890374398    7.690473357
    2.189594880   -0.698131701  -39.271175766   24.059399058    7.431443930
    2.379994435   -0.698131701  -37.276733046   -2.890440436    7.293187148
    2.570393989   -0.698131701  -40.137213992  -26.257103347    7.037809548
    2.760793544   -0.698131701  -46.817704660  -42.538382035    6.349420006
    2.951193099   -0.698131701  -55.723840515  -49.395467357    4.992696366

   -3.141592654   -0.349065850  -64.253582849  -51.148832371    1.742856193
   -2.951193099   -0.349065850  -73.048464403  -40.178249910   -1.139411147
   -2.760793544   -0.349065850  -79.219725590  -24.425148241   -4.162165255
   -2.570393989   -0.349065850  -82.393538175   -9.595141302   -7.094334179
   -2.379994435   -0.349065850  -83.250035515   -0.685620672   -9.876315220
   -2.189594880   -0.349065850  -83.163910902    0.290736187  -12.622559492
   -1.999195325   -0.349065850  -83.528961246   -4.811725313  -15.454737464
   -1.808795770   -0.349065850  -85.086531666  -11.326337552  -18.271152430
   -1.618396215   -0.349065850  -87.603017252  -14.136129936  -20.616886483
   -1.427996661   -0.349065850  -90.031167622  -10.151916739  -21.803484263
   -1.237597106   -0.349065850  -91.051067694    0.343776190  -21.235672243
   -1.047197551   -0.349065850  -89.696229942   14.037330326  -18.757198734
   -0.856797996   -0.349065850  -85.792447976   26.267294718  -14.795782471
   -0.666398442   -0.349065850  -80.037060373   32.855130510  -10.211893800
   -0.475998887   -0.349065850  -73.780846761   31.244480245   -5.951063731
   -0.285599332   -0.349065850  -68.674134953   20.942532394   -2.659608534
   -0.095199777   -0.349065850  -66.254614031    3.424057504   -0.451670268
    0.095199777   -0.349065850  -67.578491602  -17.548382395    1.088323280
    0.285599332   -0.349065850  -72.783046765  -36.238559961    2.673760018
    0.475998887   -0.349065850  -80.793667989  -45.941079690    4.927071008
    0.666398442   -0.349065850  -89.346726339  -41.371195280    8.018243242
    0.856797996   -0.349065850  -95.541851648  -21.464917298   11.520229628
    1.047197551   -0.349065850  -96.816158154    9.073903168   14.598319128
    1.237597106   -0.349065850  -91.968851571   41.152577510   16.444790080
    1.427996661   -0.349065850  -81.662714253   64.964523627   16.698550959
    1.618396215   -0.349065850  -68.160737626   74.109968449   15.584065762
    1.808795770   -0.349065850  -54.443213169   67.487607308   13.720062182
    1.999195325   -0.349065850  -43.234019578   48.611590287   11.761975386
    2.189594880   -0.349065850  -36.350795876   23.021154234   10.104957491
    2.379994435   -0.349065850  -34.543024051   -3.876767903    8.787274467
    2.570393989   -0.349065850  -37.626809477  -27.713879346    7.576333428
    2.760793544   -0.349065850  -44.674833645  -45.020844736    6.139529709
    2.951193099   -0.349065850  -54.177236451  -53.194618159    4.218549865

   -3.141592654    0.000000000  -63.791756197  -56.004706060    0.227473982
   -2.951193099    0.000000000  -73.563773455  -45.493561353   -2.383210257
   -2.760793544    0.000000000  -80.757595782  -29.769489597   -5.038870160
   -2.570393989    0.000000000  -84.927577380  -14.684293056   -7.583220805
   -2.379994435    0.000000000  -86.725497161   -5.500700898   -9.976309999
   -2.189594880    0.000000000  -87.539156588   -4.350335159  -12.277371692
   -1.999195325    0.000000000  -88.765265126   -9.152962774  -14.497554086
   -1.808795770    0.000000000  -91.074405653  -14.724320274  -16.429896996
   -1.618396215    0.000000000  -94.064483751  -15.514324959  -17.597374652
   -1.427996661    0.000000000  -96.479465850   -8.501832331  -17.424648366
   -1.237597106    0.000000000  -96.865424413    5.317672258  -15.560777823
   -1.047197551    0.000000000  -94.299327799   21.566283726  -12.149851907
   -0.856797996    0.000000000  -88.845468662   34.701643287   -7.855503195
   -0.666398442    0.000000000  -81.549580801   40.308293177   -3.601739285
   -0.475998887    0.000000000  -74.081773784   36.368934519   -0.185123584
   -0.285599332    0.000000000  -68.252531269   23.453164954    2.073255277
   -0.095199777    0.000000000  -65.542798630    4.179436676    3.442017889
    0.095199777    0.000000000  -66.763831912  -16.927114381    4.651265087
    0.285599332    0.000000000  -71.726994267  -34.091467292    6.541114975
    0.475998887    0.000000000  -79.101990617  -41.366956007    9.628122700
    0.666398442    0.000000000  -86.571333727  -34.750132248   13.777116807
    0.856797996    0.000000000  -91.427165431  -14.365081220   18.170085165
    1.047197551    0.000000000  -91.464293648   14.635404296   21.637026390
    1.237597106    0.000000000  -85.829730957   43.701156444   23.211962527
    1.427996661    0.000000000  -75.358197417   64.220844128   22.584284257
    1.618396215    0.000000000  -62.249494684   70.941358571   20.185333507
    1.808795770    0.000000000  -49.256179058   63.289567587   16.890316143
    1.999195325    0.000000000  -38.846879315   44.560861955   13.564836728
    2.189594880    0.000000000  -32.672960208   19.651250974   10.727087711
    2.379994435    0.000000000  -31.447675233   -6.685839856    8.464548120
    2.570393989    0.000000000  -35.051874008  -30.468129527    6.561223515
    2.760793544    0.000000000  -42.663832130  -48.271776394    4.696498411
    2.951193099    0.000000000  -52.860631416  -57.265091745    2.616160472

   -3.141592654    0.349065850  -62.572188168  -58.884103864    0.000758863
   -2.951193099    0.349065850  -72.948475111  -48.932049964   -1.458855530
   -2.760793544    0.349065850  -80.845317120  -33.673016510   -2.902035817
   -2.570393989    0.349065850  -85.791033368  -18.893910795   -4.357678299
   -2.379994435    0.349065850  -88.406381582   -9.845533961   -5.865757069
   -2.189594880    0.349065850  -90.042104811   -8.580471194   -7.437372851
   -1.999195325    0.349065850  -92.028001798  -12.796143735   -8.969977787
   -1.808795770    0.349065850  -94.916371115  -17.018096530  -10.190162262
   -1.618396215    0.349065850  -98.146007694  -15.604779964  -10.689767881
   -1.427996661    0.349065850 -100.323006362   -5.876282088  -10.094467025
   -1.237597106    0.349065850  -99.962901771   10.411092757   -8.292563889
   -1.047197551    0.349065850  -96.272367470   28.039159708   -5.568497032
   -0.856797996    0.349065850  -89.577782754   40.996430323   -2.529076523
   -0.666398442    0.349065850  -81.214579425   45.046047848    0.164020056
   -0.475998887    0.349065850  -73.047481143   38.969283898    2.099185320
   -0.285599332    0.349065850  -66.896420147   24.393019853    3.334878353
   -0.095199777    0.349065850  -64.061910031    4.822401446    4.379125652
    0.095199777    0.349065850  -65.053766643  -14.895184759    5.988072235
    0.285599332    0.349065850  -69.390757636  -29.415289877    8.800308469
    0.475998887    0.349065850  -75.600186817  -33.897899796   12.978844343
    0.666398442    0.349065850  -81.468209328  -25.720593587   18.009356005
    0.856797996    0.349065850  -84.629203777   -6.020240580   22.803170933
    1.047197551    0.349065850  -83.330941547   19.974710487   26.104776513
    1.237597106    0.349065850  -77.085740565   44.670172810   27.041749228
    1.427996661    0.349065850  -66.847270086   60.961302462   25.491594394
    1.618396215    0.349065850  -54.656828595   64.867433970   22.074224999
    1.808795770    0.349065850  -42.936333738   56.307497535   17.793020265
    1.999195325    0.349065850  -33.813753569   38.229298293   13.576342258
    2.189594880    0.349065850  -28.715618915   14.739564588    9.978699932
    2.379994435    0.349065850  -28.285560192  -10.176589255    7.137438707
    2.570393989    0.349065850  -32.454858126  -33.011974000    4.920118132
    2.760793544    0.349065850  -40.509972557  -50.484867459    3.106325989
    2.951193099    0.349065850  -51.139267562  -59.662734185    1.505864074

   -3.141592654    0.698131701  -61.225039030  -59.921426947   -0.538989347
   -2.951193099    0.698131701  -71.823036734  -50.232803917   -0.638725059
   -2.760793544    0.698131701  -80.005878135  -35.366389930   -0.640308797
   -2.570393989    0.698131701  -85.311455743  -20.958272688   -0.750878299
   -2.379994435    0.698131701  -88.344553755  -12.135230348   -1.101501489
   -2.189594880    0.698131701  -90.419461633  -10.849657755   -1.701473770
   -1.999195325    0.698131701  -92.809298180  -14.701020215   -2.427638484
   -1.808795770    0.698131701  -95.992359631  -18.135445666   -3.062303557
   -1.618396215    0.698131701  -99.329039961  -15.561409540   -3.368123286
   -1.427996661    0.698131701 -101.375253591   -4.557351382   -3.184622438
   -1.237597106    0.698131701 -100.662737232   12.700948413   -2.510275233
   -1.047197551    0.698131701  -96.494709358   30.626008758   -1.510367858
   -0.856797996    0.698131701  -89.341148121   43.118039983   -0.427046007
   -0.666398442    0.698131701  -80.658909937   46.247227504    0.572621200
   -0.475998887    0.698131701  -72.342798224   39.429812462    1.521440579
   -0.285599332    0.698131701  -66.110536852   24.969463469    2.712726812
   -0.095199777    0.698131701  -63.054139064    6.801526242    4.597799014
    0.095199777    0.698131701  -63.438851064  -10.343664229    7.610078655
    0.285599332    0.698131701  -66.620283492  -21.844980249   11.898958075
    0.475998887    0.698131701  -71.148053636  -24.035421278   17.135151056
    0.666398442    0.698131701  -75.063117375  -15.464095836   22.474859136
    0.856797996    0.698131701  -76.430007305    2.146615780   26.773684563
    1.047197551    0.698131701  -73.948999229   23.967711822   28.982828582
    1.237597106    0.698131701  -67.418689952   43.669058263   28.583129985
    1.427996661    0.698131701  -57.800280904   55.690098603   25.778660704
    1.618396215    0.698131701  -46.882101010   57.126437805   21.371795675
    1.808795770    0.698131701  -36.707154316   48.122356323   16.385262873
    1.999195325    0.698131701  -29.060072472   31.097506105   11.668842625
    2.189594880    0.698131701  -25.159405703    9.336683714    7.700336188
    2.379994435    0.698131701  -25.589829143  -13.855663043    4.610645216
    2.570393989    0.698131701  -30.323831577  -35.341286453    2.344800856
    2.760793544    0.698131701  -38.732258763  -51.949329660    0.802500731
    2.951193099    0.698131701  -49.595461401  -60.720495201   -0.116864623

   -3.141592654    1.047197551  -62.441632752  -59.925283499   -5.440081598
   -2.951193099    1.047197551  -72.972977136  -49.572028344   -4.670706711
   -2.760793544    1.047197551  -81.000274215  -34.449626386   -3.525844962
   -2.570393989    1.047197551  -86.137883392  -20.157775383   -2.347243838
   -2.379994435    1.047197551  -89.048275677  -11.666036764   -1.382652663
   -2.189594880    1.047197551  -91.068477503  -10.729461271   -0.731366407
   -1.999195325    1.047197551  -93.459099027  -14.796756597   -0.371138924
   -1.808795770    1.047197551  -96.665968706  -18.261684028   -0.236428728
   -1.618396215    1.047197551 -100.018453496  -15.590189070   -0.277352979
   -1.427996661    1.047197551 -102.059311410   -4.486644345   -0.465838229
   -1.237597106    1.047197551 -101.330640551   12.769951505   -0.759858101
   -1.047197551    1.047197551  -97.156980102   30.597377049   -1.057985085
   -0.856797996    1.047197551  -90.014820223   43.054129133   -1.174394284
   -0.666398442    1.047197551  -81.324169484   46.476876652   -0.853688196
   -0.475998887    1.047197551  -72.888998058   40.580635081    0.183253993
   -0.285599332    1.047197551  -66.288659067   27.807100333    2.207163693
   -0.095199777    1.047197551  -62.477935273   11.965114565    5.394061096
    0.095199777    1.047197551  -61.642352229   -2.727328822    9.749156456
    0.285599332    1.047197551  -63.185368137  -12.436700080   14.971468091
    0.475998887    1.047197551  -65.863423068  -14.324067991   20.399833105
    0.666398442    1.047197551  -68.057104096   -7.433489521   25.083554679
    0.856797996    1.047197551  -68.205551958    6.654542949   28.041838608
    1.047197551    1.047197551  -65.289149416   23.968512714   28.591685460
    1.237597106    1.047197551  -59.178755442   39.398814431   26.634961728
    1.427996661    1.047197551  -50.682319956   48.454866571   22.672640932
    1.618396215    1.047197551  -41.285227304   48.675456094   17.583455743
    1.808795770    1.047197551  -32.710329553   39.963551543   12.265359453
    1.999195325    1.047197551  -26.515076107   24.086395963    7.351444686
    2.189594880    1.047197551  -23.818217853    3.699658919    3.142499197
    2.379994435    1.047197551  -25.197986207  -18.217584777   -0.286795432
    2.570393989    1.047197551  -30.651666719  -38.549192558   -2.912697634
    2.760793544    1.047197551  -39.564625775  -54.035847912   -4.673487589
    2.951193099    1.047197551  -50.719847943  -61.698891043   -5.504637115

   -3.141592654    1.396263402  -67.252264536  -59.372709353  -11.085377927
   -2.951193099    1.396263402  -77.485354232  -47.076556049   -9.880108790
   -2.760793544    1.396263402  -84.909235128  -30.738741911   -8.115250257
   -2.570393989    1.396263402  -89.293883395  -16.093390334   -6.186709375
   -2.379994435    1.396263402  -91.454549420   -7.952121156   -4.369030307
   -2.189594880    1.396263402  -92.837305065   -7.796710395   -2.765989175
   -1.999195325    1.396263402  -94.762333272  -12.863989361   -1.381497951
   -1.808795770    1.396263402  -97.706676929  -17.457809554   -0.236162482
   -1.618396215    1.396263402 -101.019777023  -15.987564203    0.583340618
   -1.427996661    1.396263402 -103.245007370   -5.997619290    0.985071105
   -1.237597106    1.396263402 -102.879221813   10.554346825    0.988631054
   -1.047197551    1.396263402  -99.134444727   28.448542177    0.800142627
   -0.856797996    1.396263402  -92.315656817   41.968121273    0.787267368
   -0.666398442    1.396263402  -83.654031237   47.384262953    1.359785965
   -0.475998887    1.396263402  -74.803709562   44.103264759    2.831271404
   -0.285599332    1.396263402  -67.268745727   34.074135175    5.347989590
   -0.095199777    1.396263402  -62.031223530   20.575662324    8.834476042
    0.095199777    1.396263402  -59.405288512    7.260380139   12.990148715
    0.285599332    1.396263402  -59.026881132   -2.517826436   17.259872848
    0.475998887    1.396263402  -59.958112768   -6.184916090   20.897945013
    0.666398442    1.396263402  -60.898592414   -2.617748717   23.126818029
    0.856797996    1.396263402  -60.524473587    7.254660509   23.400752685
    1.047197551    1.396263402  -57.894648602   20.465916575   21.603543388
    1.237597106    1.396263402  -52.765927718   32.812575069   18.123737354
    1.427996661    1.396263402  -45.699304418   40.268299299   13.666602502
    1.618396215    1.396263402  -37.903813183   40.217566159    8.970159992
    1.808795770    1.396263402  -30.897950651   32.004904055    4.542408248
    1.999195325    1.396263402  -26.152606590   16.807023139    0.574210127
    2.189594880    1.396263402  -24.786031485   -3.017181824   -2.953950582
    2.379994435    1.396263402  -27.394232307  -24.379106879   -6.075490767
    2.570393989    1.396263402  -33.944960702  -43.822116348   -8.683617194
    2.760793544    1.396263402  -43.731209675  -57.817891848  -10.529805350
    2.951193099    1.396263402  -55.418243816  -63.415469017  -11.358285437

   -3.141592654    1.745329252  -73.558135942  -58.583580454  -16.888175941
   -2.951193099    1.745329252  -83.443634001  -44.316025198  -15.790795392
   -2.760793544    1.745329252  -90.211221971  -26.744646769  -13.825472111
   -2.570393989    1.745329252  -93.783125783  -11.675038250  -11.349215315
   -2.379994435    1.745329252  -95.111842442   -3.712074723   -8.640720944
   -2.189594880    1.745329252  -95.732880687   -4.077031115   -5.844558696
   -1.999195325    1.745329252  -97.015859053   -9.872631408   -3.045706188
   -1.808795770    1.745329252  -99.474820073  -15.387261572   -0.387951107
   -1.618396215    1.745329252 -102.493087621  -14.977882543    1.885356388
   -1.427996661    1.745329252 -104.621620967   -5.955975242    3.527792989
   -1.237597106    1.745329252 -104.302809532   10.120303009    4.454727678
   -1.047197551    1.745329252 -100.619488038   28.382405309    4.851608202
   -0.856797996    1.745329252  -93.702348492   43.200811465    5.137680813
   -0.666398442    1.745329252  -84.625808285   50.573412881    5.789996067
   -0.475998887    1.745329252  -74.964500012   49.411755446    7.135699414
   -0.285599332    1.745329252  -66.244178337   41.099924091    9.238639472
   -0.095199777    1.745329252  -59.572607562   28.431941234   11.863233080
    0.095199777    1.745329252  -55.470376662   14.671673813   14.540643050
    0.285599332    1.745329252  -53.837433168    3.005312565   16.647291025
    0.475998887    1.745329252  -54.000821463   -3.819481333   17.566269754
    0.666398442    1.745329252  -54.849812724   -4.045212598   16.879855391
    0.856797996    1.745329252  -55.092579174    2.334367803   14.565517279
    1.047197551    1.745329252  -53.642187820   13.253674405   11.022788192
    1.237597106    1.745329252  -49.978499061   24.890622451    6.949271561
    1.427996661    1.745329252  -44.378177799   32.946354894    3.026431163
    1.618396215    1.745329252  -37.868732871   34.049254252   -0.342439584
    1.808795770    1.745329252  -31.940006251   26.772904037   -3.142988688
    1.999195325    1.745329252  -28.150793429   11.890182455   -5.645433953
    2.189594880    1.745329252  -27.733449892   -8.116693716   -8.164749802
    2.379994435    1.745329252  -31.334642984  -29.653240042  -10.823829200
    2.570393989    1.745329252  -38.864360412  -48.690866584  -13.439853957
    2.760793544    1.745329252  -49.470270035  -61.395306586  -15.594741233
    2.951193099    1.745329252  -61.653267197  -64.940856337  -16.832809836

   -3.141592654    2.094395102  -80.362326038  -58.260950416  -18.709756770
   -2.951193099    2.094395102  -89.987084314  -41.976953428  -17.704413017
   -2.760793544    2.094395102  -96.158232134  -22.928437844  -15.723064646
   -2.570393989    2.094395102  -98.912084799   -6.997321421  -13.056947109
   -2.379994435    2.094395102  -99.305119598    1.375129036   -9.939470392
   -2.189594880    2.094395102  -98.941385068    1.137400321   -6.482338545
   -1.999195325    2.094395102  -99.239676646   -4.796959958   -2.750337445
   -1.808795770    2.094395102 -100.773927006  -10.825886724    1.104933839
   -1.618396215    2.094395102 -103.005708078  -11.344880549    4.777204822
   -1.427996661    2.094395102 -104.550218356   -3.468767253    7.886183243
   -1.237597106    2.094395102 -103.852572319   11.675086792   10.153069015
   -1.047197551    2.094395102  -99.912600256   29.644220428   11.550654273
   -0.856797996    2.094395102  -92.718340485   44.966260470   12.318322989
   -0.666398442    2.094395102  -83.209922704   53.387385563   12.820206303
   -0.475998887    2.094395102  -72.905919072   53.296681256   13.342036344
   -0.285599332    2.094395102  -63.384369492   45.486636953   13.947591158
   -0.095199777    2.094395102  -55.907019581   32.317805751   14.424489684
    0.095199777    2.094395102  -51.206207060   16.873515152   14.359556507
    0.285599332    2.094395102  -49.397002614    2.517209351   13.275646519
    0.475998887    2.094395102  -49.951521683   -7.454321992   10.852915379
    0.666398442    2.094395102  -51.769257503  -10.433779598    7.128245214
    0.856797996    2.094395102  -53.399118786   -5.587692738    2.595631252
    1.047197551    2.094395102  -53.471600714    5.467470332   -1.936070931
    1.237597106    2.094395102  -51.159182915   18.663073114   -5.646840754
    1.427996661    2.094395102  -46.538806399   28.895650948   -8.077128276
    1.618396215    2.094395102  -40.616095080   31.803293552   -9.302559500
    1.808795770    2.094395102  -35.024540910   25.278648479   -9.848045636
    1.999195325    2.094395102  -31.543005826    9.989243190  -10.395235232
    2.189594880    2.094395102  -31.587965542  -11.124113051  -11.462044703
    2.379994435    2.094395102  -35.869628184  -33.713584360  -13.188463799
    2.570393989    2.094395102  -44.217705902  -53.053485374  -15.307395472
    2.760793544    2.094395102  -55.598173876  -64.974018734  -17.284014272
    2.951193099    2.094395102  -68.309957630  -66.789020194  -18.544898624

   -3.141592654    2.443460953  -86.668817470  -58.237821191  -12.519289741
   -2.951193099    2.443460953  -96.120168475  -40.225534281  -11.057518635
   -2.760793544    2.443460953 -101.811813204  -19.705668577   -8.891077879
   -2.570393989    2.443460953 -103.835114919   -2.591055959   -6.285367197
   -2.379994435    2.443460953 -103.288678046    6.820371876   -3.411523116
   -2.189594880    2.443460953 -101.792827936    7.567341233   -0.272806438
   -1.999195325    2.443460953 -100.784897356    2.440013491    3.211481157
   -1.808795770    2.443460953 -100.899797105   -3.265933190    7.029672315
   -1.618396215    2.443460953 -101.718933272   -4.206131737   10.939681244
   -1.427996661    2.443460953 -102.004337203    2.505385412   14.494919708
   -1.237597106    2.443460953 -100.315939130   16.068701670   17.219984827
   -1.047197551    2.443460953  -95.688676014   32.510835048   18.826224770
   -0.856797996    2.443460953  -88.062233303   46.713317297   19.321465438
   -0.666398442    2.443460953  -78.290514032   54.455964445   18.939826231
   -0.475998887    2.443460953  -67.830344861   53.856392159   17.956445964
   -0.285599332    2.443460953  -58.267649722   45.275364588   16.503236014
   -0.095199777    2.443460953  -50.951780431   30.705371081   14.480334192
    0.095199777    2.443460953  -46.750986080   13.113032683   11.625407515
    0.285599332    2.443460953  -45.902995905   -3.853699577    7.693729847
    0.475998887    2.443460953  -47.908634132  -16.218290565    2.705700911
    0.666398442    2.443460953  -51.542751520  -20.485545111   -2.890773394
    0.856797996    2.443460953  -55.072617526  -15.167029674   -8.249467303
    1.047197551    2.443460953  -56.778693252   -1.842145177  -12.411088315
    1.237597106    2.443460953  -55.549692858   14.683062662  -14.702861327
    1.427996661    2.443460953  -51.370050708   28.130478490  -15.052048612
    1.618396215    2.443460953  -45.374101238   33.086937232  -13.997512966
    1.808795770    2.443460953  -39.473220751   26.983249573  -12.419654457
    1.999195325    2.443460953  -35.743536507   10.716295064  -11.150573539
    2.189594880    2.443460953  -35.804977929  -12.059891258  -10.681623460
    2.379994435    2.443460953  -40.418460763  -36.170414807  -11.052908106
    2.570393989    2.443460953  -49.320737223  -56.249373123  -11.928818713
    2.760793544    2.443460953  -61.297854294  -67.864230803  -12.777274673
    2.951193099    2.443460953  -74.456107206  -68.467390172  -13.080622904

   -3.141592654    2.792526803  -89.782451231  -56.910621169    0.715997857
   -2.951193099    2.792526803  -98.867921580  -37.765950571    2.792217862
   -2.760793544    2.792526803 -104.004169582  -16.396084235    4.822318784
   -2.570393989    2.792526803 -105.339426375    1.290006124    6.698755318
   -2.379994435    2.792526803 -104.006942709   11.203455519    8.528376791
   -2.189594880    2.792526803 -101.616917204   12.609805746   10.610917462
   -1.999195325    2.792526803  -99.570469196    8.319678973   13.259696659
   -1.808795770    2.792526803  -98.490314946    3.354399213   16.563182790
   -1.618396215    2.792526803  -98.016355557    2.632165745   20.229299687
   -1.427996661    2.792526803  -97.044652689    8.716586178   23.637069566
   -1.237597106    2.792526803  -94.302116125   20.804654569   26.075877279
   -1.047197551    2.792526803  -88.960048857   35.231036416   27.036914010
   -0.856797996    2.792526803  -81.019317339   47.302240316   26.393137617
   -0.666398442    2.792526803  -71.325266205   53.083696887   24.364072739
   -0.475998887    2.792526803  -61.297025994   50.708158247   21.332069619
   -0.285599332    2.792526803  -52.501302853   40.348716417   17.610549935
   -0.095199777    2.792526803  -46.306395560   23.827057818   13.324143235
    0.095199777    2.792526803  -43.611536951    4.178041924    8.444009344
    0.285599332    2.792526803  -44.639235343  -14.514298127    2.962734180
    0.475998887    2.792526803  -48.763902852  -27.583854018   -2.890105519
    0.666398442    2.792526803  -54.501684268  -30.901283363   -8.538622189
    0.856797996    2.792526803  -59.779437179  -22.823278515  -13.161336086
    1.047197551    2.792526803  -62.575167077   -5.492848609  -15.992186857
    1.237597106    2.792526803  -61.642008089   15.149299729  -16.680178121
    1.427996661    2.792526803  -57.060370076   31.635263918  -15.470670844
    1.618396215    2.792526803  -50.246762491   37.864140898  -13.089646230
    1.808795770    2.792526803  -43.455833961   31.320824102  -10.403598514
    1.999195325    2.792526803  -39.035610521   13.528940994   -8.061748024
    2.189594880    2.792526803  -38.734372710  -11.035434149   -6.319143263
    2.379994435    2.792526803  -43.295157997  -36.528123634   -5.063187524
    2.570393989    2.792526803  -52.337026110  -57.213603401   -3.983032996
    2.760793544    2.792526803  -64.488261087  -68.599686635   -2.756084167
    2.951193099    2.792526803  -77.709930612  -68.325109551   -1.189968331
