#! FIELDS phi psi file.free der_phi der_psi
#! SET min_phi -pi
#! SET max_phi pi
#! SET nbins_phi  33
#! SET periodic_phi true
#! SET min_psi -pi
#! SET max_psi pi
#! SET nbins_psi  18
#! SET periodic_psi true
   -3.141592654   -3.141592654  -72.930263150  -53.824073030   14.097116020
   -2.951193099   -3.141592654  -81.577521461  -36.186316146   16.929012392
   -2.760793544   -3.141592654  -86.506783943  -15.664094286   18.971311621
   -2.570393989   -3.141592654  -87.715216881    2.054786549   20.221751991
   -2.379994435   -3.141592654  -86.169483854   12.826198305   21.000083382
   -2.189594880   -3.141592654  -83.340321151   15.678567093   21.826921750
   -1.999195325   -3.141592654  -80.550599802   13.057968322   23.161348689
   -1.808795770   -3.141592654  -78.428532960    9.472930756   25.126193243
   -1.618396215   -3.141592654  -76.724847210    9.243333471   27.379203443
   -1.427996661   -3.141592654  -74.555177945   14.450088667   29.217757581
   -1.237597106   -3.141592654  -70.929811211   24.118665829   29.882626500
   -1.047197551   -3.141592654  -65.292656216   34.882779931   28.886216861
   -0.856797996   -3.141592654  -57.819211587   42.737084843   26.203688232
   -0.666398442   -3.141592654  -49.379923385   44.593877522   22.217094975
   -0.475998887   -3.141592654  -41.270273738   39.255010076   17.499326035
   -0.285599332   -3.141592654  -34.838593990   27.202857232   12.530511625
   -0.095199777   -3.141592654  -31.208980386   10.237667394    7.548393485
    0.095199777   -3.141592654  -31.057680332   -8.761276437    2.559816716
    0.285599332   -3.141592654  -34.408704450  -25.791703608   -2.471308736
    0.475998887   -3.141592654  -40.440914133  -36.149074299   -7.399731073
    0.666398442   -3.141592654  -47.472518367  -35.773346911  -11.777082664
    0.856797996   -3.141592654  -53.280276341  -23.467856843  -14.953469888
    1.047197551   -3.141592654  -55.820851271   -2.298816827  -16.357274388
    1.237597106   -3.141592654  -54.020972661   20.792406481  -15.817493994
    1.427996661   -3.141592654  -48.284999249   37.829510576  -13.674922069
    1.618396215   -3.141592654  -40.366872288   43.123197201  -10.621568514
    1.808795770   -3.141592654  -32.706239276   35.256749642   -7.366645159
    1.999195325   -3.141592654  -27.613463802   16.848205549   -4.333714633
    2.189594880   -3.141592654  -26.650242702   -7.218649801   -1.572671178
    2.379994435   -3.141592654  -30.379147662  -31.566037198    1.134241289
    2.570393989   -3.141592654  -38.380228645  -51.355279574    4.050465069
    2.760793544   -3.141592654  -49.402893669  -62.788257508    7.296047037
    2.951193099   -3.141592654  -61.607266260  -63.596189603   10.752433072

   -3.141592654   -2.792526803  -66.344722473  -48.021329404   21.598839171
   -2.951193099   -2.792526803  -74.060746946  -32.301118014   24.498260333
   -2.760793544   -2.792526803  -78.451165538  -13.865085617   26.158596112
   -2.570393989   -2.792526803  -79.479152273    2.291138849   26.727721658
   -2.379994435   -2.792526803  -77.955303197   12.563005920   26.690817919
   -2.189594880   -2.792526803  -75.128971280   16.085635007   26.671038439
   -1.999195325   -2.792526803  -72.134158118   14.862530069   27.138989421
   -1.808795770   -2.792526803  -69.537705532   12.551577433   28.166846649
   -1.618396215   -2.792526803  -67.201199650   12.583250238   29.361359687
   -1.427996661   -2.792526803  -64.490111378   16.538792368   30.017520166
   -1.237597106   -2.792526803  -60.700897536   23.572830808   29.433367422
   -1.047197551   -2.792526803  -55.481415092   31.017412195   27.214199364
   -0.856797996   -2.792526803  -49.050143445   35.772825084   23.424005913
   -0.666398442   -2.792526803  -42.162845317   35.462735889   18.507067920
   -0.475998887   -2.792526803  -35.906695819   29.110326224   13.074258000
   -0.285599332   -2.792526803  -31.426341283   16.983752201    7.631720661
   -0.095199777   -2.792526803  -29.706277766    0.456949226    2.455161429
    0.095199777   -2.792526803  -31.357858513  -17.885983086   -2.396810407
    0.285599332   -2.792526803  -36.368230981  -34.036507644   -6.908318781
    0.475998887   -2.792526803  -43.850846626  -43.021540458  -10.929807096
    0.666398442   -2.792526803  -52.002533225  -40.525509612  -14.101155035
    0.856797996   -2.792526803  -58.456564722  -25.395558698  -15.969615917
    1.047197551   -2.792526803  -61.074307654   -1.186451293  -16.211767902
    1.237597106   -2.792526803  -58.806790448   24.469286347  -14.856561543
    1.427996661   -2.792526803  -52.205147471   43.064148573  -12.296942740
    1.618396215   -2.792526803  -43.228619223   48.852517729   -9.105914731
    1.808795770   -2.792526803  -34.487270162   40.822252859   -5.761318199
    1.999195325   -2.792526803  -28.359627339   22.187788719   -2.449539535
    2.189594880   -2.792526803  -26.373128299   -1.727401036    0.930703958
    2.379994435   -2.792526803  -29.004524602  -25.472869704    4.612867786
    2.570393989   -2.792526803  -35.771072007  -44.494792661    8.741564597
    2.760793544   -2.792526803  -45.434534468  -55.473771819   13.219290564
    2.951193099   -2.792526803  -56.259017881  -56.577189373   17.678332394

   -3.141592654   -2.443460953  -58.614166354  -41.965694682   21.093686698
   -2.951193099   -2.443460953  -65.380294556  -28.441551483   23.336342974
   -2.760793544   -2.443460953  -69.249369206  -12.197785052   24.385379238
   -2.570393989   -2.443460953  -70.122090481    2.402766046   24.464782061
   -2.379994435   -2.443460953  -68.645150795   12.140612492   24.022328950
   -2.189594880   -2.443460953  -65.870610629   16.093952016   23.541588423
   -1.999195325   -2.443460953  -62.792196709   15.741634435   23.329410353
   -1.808795770   -2.443460953  -59.966867206   13.952475783   23.366883193
   -1.618396215   -2.443460953  -57.393063049   13.462813862   23.304218264
   -1.427996661   -2.443460953  -54.667932466   15.605039830   22.608953684
   -1.237597106   -2.443460953  -51.312383651   19.853151203   20.816484094
   -1.047197551   -2.443460953  -47.092542863   24.287812275   17.751688465
   -0.856797996   -2.443460953  -42.188838348   26.624619357   13.611755365
   -0.666398442   -2.443460953  -37.186134068   25.046505469    8.865661439
   -0.475998887   -2.443460953  -32.936435760   18.647121054    4.060097508
   -0.285599332   -2.443460953  -30.378311144    7.378781158   -0.406941963
   -0.095199777   -2.443460953  -30.370071322   -7.883329361   -4.368307703
    0.095199777   -2.443460953  -33.484925383  -24.917893283   -7.851729452
    0.285599332   -2.443460953  -39.714161350  -39.796048699  -10.915066471
    0.475998887   -2.443460953  -48.163609575  -47.358648856  -13.499222135
    0.666398442   -2.443460953  -56.978149492  -43.071385280  -15.371171065
    0.856797996   -2.443460953  -63.715589576  -25.759110094  -16.224143113
    1.047197551   -2.443460953  -66.186386494    0.706725439  -15.841454191
    1.237597106   -2.443460953  -63.371053995   28.239797871  -14.261743994
    1.427996661   -2.443460953  -55.929036636   47.994591013  -11.773103058
    1.618396215   -2.443460953  -45.960113963   54.250397014   -8.776870877
    1.808795770   -2.443460953  -36.177422989   46.343927628   -5.586089966
    1.999195325   -2.443460953  -28.980551909   27.942763769   -2.295199076
    2.189594880   -2.443460953  -25.846417648    4.635151259    1.195548332
    2.379994435   -2.443460953  -27.181961081  -18.204614803    5.038434312
    2.570393989   -2.443460953  -32.480629279  -36.405723476    9.253893088
    2.760793544   -2.443460953  -40.566665834  -47.135194796   13.628128298
    2.951193099   -2.443460953  -49.850526344  -48.908471106   17.736012401

   -3.141592654   -2.094395102  -52.301213059  -37.538729758   14.890697962
   -2.951193099   -2.094395102  -58.396526672  -25.846876933   16.151437736
   -2.760793544   -2.094395102  -61.941846046  -11.352541589   16.622968645
   -2.570393989   -2.094395102  -62.788401324    1.919740574   16.506466551
   -2.379994435   -2.094395102  -61.485579076   10.888468169   16.047132228
   -2.189594880   -2.094395102  -58.984238739   14.533715230   15.427251585
   -1.999195325   -2.094395102  -56.216564371   14.029896372   14.696119325
   -1.808795770   -2.094395102  -53.746888737   11.862073561   13.750275936
   -1.618396215   -2.094395102  -51.646269574   10.489719203   12.382083349
   -1.427996661   -2.094395102  -49.612906665   11.249112098   10.380554087
   -1.237597106   -2.094395102  -47.238184346   13.923699707    7.656061112
   -1.047197551   -2.094395102  -44.278560987   17.085572804    4.324018714
   -0.856797996   -2.094395102  -40.813202626   18.871934067    0.688772970
   -0.666398442   -2.094395102  -37.268800015   17.638137748   -2.868610440
   -0.475998887   -2.094395102  -34.339138464   12.283482378   -6.024827875
   -0.285599332   -2.094395102  -32.867851093    2.345811386   -8.636945491
   -0.095199777   -2.094395102  -33.701344424  -11.738807263  -10.745798330
    0.095199777   -2.094395102  -37.467451102  -27.958567637  -12.508291838
    0.285599332   -2.094395102  -44.222570033  -42.296166449  -14.057562429
    0.475998887   -2.094395102  -53.097153741  -49.278020646  -15.395875705
    0.666398442   -2.094395102  -62.196395249  -44.064908713  -16.357862753
    0.856797996   -2.094395102  -68.999706791  -25.382415678  -16.688652984
    1.047197551   -2.094395102  -71.247711441    2.683473729  -16.159499263
    1.237597106   -2.094395102  -67.911572559   31.681359258  -14.713129577
    1.427996661   -2.094395102  -59.708075503   52.461143224  -12.481724351
    1.618396215   -2.094395102  -48.829832846   59.258647558   -9.725323947
    1.808795770   -2.094395102  -38.065906894   51.616284089   -6.694836746
    1.999195325   -2.094395102  -29.839398193   33.504003974   -3.529495973
    2.189594880   -2.094395102  -25.603339612   10.677648368   -0.250462867
    2.379994435   -2.094395102  -25.731898378  -11.578118054    3.155827671
    2.570393989   -2.094395102  -29.726016413  -29.398861121    6.617550168
    2.760793544   -2.094395102  -36.482046788  -40.293220650    9.924441366
    2.951193099   -2.094395102  -44.535633028  -42.955090277   12.771760172

   -3.141592654   -1.745329252  -48.792077562  -35.883598888    7.298518883
   -2.951193099   -1.745329252  -54.687223425  -25.362395901    7.363856911
   -2.760793544   -1.745329252  -58.226585446  -11.722001541    7.044857783
   -2.570393989   -1.745329252  -59.196715856    1.034801912    6.518061565
   -2.379994435   -1.745329252  -58.096410334    9.655147810    5.846343741
   -2.189594880   -1.745329252  -55.868046501   12.864759067    4.949131838
   -1.999195325   -1.745329252  -53.482927178   11.614804137    3.665087840
   -1.808795770   -1.745329252  -51.575322254    8.313653606    1.856110641
   -1.618396215   -1.745329252  -50.280449544    5.558485384   -0.497406755
   -1.427996661   -1.745329252  -49.312946441    5.041240126   -3.259375027
   -1.237597106   -1.745329252  -48.201929527    6.993175310   -6.163666121
   -1.047197551   -1.745329252  -46.562228431   10.325633434   -8.883514785
   -0.856797996   -1.745329252  -44.292890861   13.215758792  -11.129528174
   -0.666398442   -1.745329252  -41.665383784   13.740574856  -12.731712692
   -0.475998887   -1.745329252  -39.294779590   10.289231352  -13.671127775
   -0.285599332   -1.745329252  -38.047205641    1.905384620  -14.083876801
   -0.095199777   -1.745329252  -38.868613703  -11.290574223  -14.196208126
    0.095199777   -1.745329252  -42.520574382  -27.306472288  -14.256762843
    0.285599332   -1.745329252  -49.171942952  -41.902460575  -14.437624012
    0.475998887   -1.745329252  -58.007621812  -49.239139267  -14.771690189
    0.666398442   -1.745329252  -67.114857713  -44.121739641  -15.129678408
    0.856797996   -1.745329252  -73.900655187  -25.046603526  -15.268052409
    1.047197551   -1.745329252  -76.008771465    3.878057113  -14.910770584
    1.237597106   -1.745329252  -72.339557584   33.998462825  -13.876051766
    1.427996661   -1.745329252  -63.587697275   55.863307588  -12.136754994
    1.618396215   -1.745329252  -51.976917850   63.489133657   -9.828566531
    1.808795770   -1.745329252  -40.353731357   56.356518189   -7.170894753
    1.999195325   -1.745329252  -31.194840251   38.519589241   -4.375189371
    2.189594880   -1.745329252  -25.988640947   15.826664470   -1.596067549
    2.379994435   -1.745329252  -25.135786733   -6.458911454    1.048394374
    2.570393989   -1.745329252  -28.179710005  -24.602875974    3.419857234
    2.760793544   -1.745329252  -34.084886030  -36.230143709    5.342472425
    2.951193099   -1.745329252  -41.466116832  -40.007686957    6.653858401

   -3.141592654   -1.396263402  -49.094687261  -37.607260671    4.480666872
   -2.951193099   -1.396263402  -55.334006021  -27.155960738    3.849478302
   -2.760793544   -1.396263402  -59.178226046  -13.084285772    2.900288072
   -2.570393989   -1.396263402  -60.354397781    0.200443784    1.791272017
   -2.379994435   -1.396263402  -59.391400001    8.944515148    0.527388654
   -2.189594880   -1.396263402  -57.343187935   11.555724038   -1.049939927
   -1.999195325   -1.396263402  -55.320231721    9.030736648   -3.152615975
   -1.808795770   -1.396263402  -54.051742902    4.187624835   -5.885198690
   -1.618396215   -1.396263402  -53.668352217    0.215993306   -9.118278716
   -1.427996661   -1.396263402  -53.769523760   -0.667595333  -12.476143637
   -1.237597106   -1.396263402  -53.694820285    2.002922362  -15.448879290
   -1.047197551   -1.396263402  -52.860195419    6.991492121  -17.567324379
   -0.856797996   -1.396263402  -51.025477563   12.016873140  -18.569628392
   -0.666398442   -1.396263402  -48.424458812   14.601724907  -18.472256898
   -0.475998887   -1.396263402  -45.734054524   12.659229495  -17.529727653
   -0.285599332   -1.396263402  -43.954347465    4.983719746  -16.132776414
   -0.095199777   -1.396263402  -44.189052596   -8.336209669  -14.669406792
    0.095199777   -1.396263402  -47.345018484  -25.139314386  -13.442070499
    0.285599332   -1.396263402  -53.690949515  -40.890926358  -12.595466965
    0.475998887   -1.396263402  -62.446452534  -49.370913274  -12.110805043
    0.666398442   -1.396263402  -71.657533017  -44.983580536  -11.829844279
    0.856797996   -1.396263402  -78.620590947  -25.915915277  -11.521566642
    1.047197551   -1.396263402  -80.829572070    3.801311530  -10.952532842
    1.237597106   -1.396263402  -77.048939519   35.300971004   -9.976034121
    1.427996661   -1.396263402  -67.901486251   58.685619642   -8.560275856
    1.618396215   -1.396263402  -55.630490341   67.506978434   -6.786363927
    1.808795770   -1.396263402  -43.176574929   60.943557783   -4.791887654
    1.999195325   -1.396263402  -33.143614798   43.003474955   -2.712719425
    2.189594880   -1.396263402  -27.137952300   19.658527168   -0.660258717
    2.379994435   -1.396263402  -25.649233521   -3.667184277    1.254501043
    2.570393989   -1.396263402  -28.280944204  -23.095944819    2.883210709
    2.760793544   -1.396263402  -34.028916085  -36.078967690    4.043491570
    2.951193099   -1.396263402  -41.498492928  -41.029428135    4.585665576

   -3.141592654   -1.047197551  -50.714815469  -40.751283371    3.874084723
   -2.951193099   -1.047197551  -57.561531540  -30.296456099    2.450786579
   -2.760793544   -1.047197551  -61.962756923  -15.752197955    0.676416727
   -2.570393989   -1.047197551  -63.593945559   -1.949598003   -1.245066615
   -2.379994435   -1.047197551  -63.023772074    6.859588886   -3.274355574
   -2.189594880   -1.047197551  -61.422759318    8.826567936   -5.560957485
   -1.999195325   -1.047197551  -60.026417428    5.129023972   -8.316174998
   -1.808795770   -1.047197551  -59.613510630   -0.826827531  -11.604377342
   -1.618396215   -1.047197551  -60.234741892   -5.140487304  -15.179688021
   -1.427996661   -1.047197551  -61.292422845   -5.139593733  -18.492500155
   -1.237597106   -1.047197551  -61.888855652   -0.407423269  -20.881381351
   -1.047197551   -1.047197551  -61.261204324    7.272376883  -21.845856213
   -0.856797996   -1.047197551  -59.122512301   14.841361140  -21.260309832
   -0.666398442   -1.047197551  -55.801265970   19.164690913  -19.409378007
   -0.475998887   -1.047197551  -52.164111800   17.838679959  -16.849934696
   -0.285599332   -1.047197551  -49.425201218    9.726235255  -14.193229673
   -0.095199777   -1.047197551  -48.860518502   -4.777193360  -11.889065954
    0.095199777   -1.047197551  -51.479013021  -23.069452842  -10.130957309
    0.285599332   -1.047197551  -57.566581218  -40.196415456   -8.848203731
    0.475998887   -1.047197551  -66.286783001  -49.598430650   -7.815740039
    0.666398442   -1.047197551  -75.577047631  -45.479533153   -6.795009582
    0.856797996   -1.047197551  -82.604898130  -26.008414328   -5.656865376
    1.047197551   -1.047197551  -84.750234230    4.604715148   -4.411363853
    1.237597106   -1.047197551  -80.713180013   37.180578219   -3.160072498
    1.427996661   -1.047197551  -71.115219571   61.476374458   -1.993616231
    1.618396215   -1.047197551  -58.256618002   70.801400532   -0.929401730
    1.808795770   -1.047197551  -45.166818157   64.244399775    0.091015273
    1.999195325   -1.047197551  -34.540487991   45.867303904    1.148170483
    2.189594880   -1.047197551  -28.058503132   21.745649168    2.273853757
    2.379994435   -1.047197551  -26.267219135   -2.614284188    3.396942844
    2.570393989   -1.047197551  -28.812648285  -23.266361608    4.335404268
    2.760793544   -1.047197551  -34.715461661  -37.524823247    4.842647808
    2.951193099   -1.047197551  -42.569113805  -43.561006302    4.711130992

   -3.141592654   -0.698131701  -50.822670045  -44.122679079    2.224206956
   -2.951193099   -0.698131701  -58.372364800  -34.228591394   -0.019288547
   -2.760793544   -0.698131701  -63.540098463  -19.811212980   -2.621668514
   -2.570393989   -0.698131701  -65.937889312   -5.941197884   -5.325263963
   -2.379994435   -0.698131701  -66.132214092    2.765417450   -8.032370842
   -2.189594880   -0.698131701  -65.351645639    4.238259204  -10.843192561
   -1.999195325   -0.698131701  -64.898693942   -0.197347836  -13.916453029
   -1.808795770   -0.698131701  -65.553063938   -6.607662360  -17.231889968
   -1.618396215   -0.698131701  -67.249819644  -10.457169835  -20.424303480
   -1.427996661   -0.698131701  -69.175797229   -8.726477703  -22.837071083
   -1.237597106   -0.698131701  -70.202123772   -1.200982491  -23.795583632
   -1.047197551   -0.698131701  -69.424414920    9.627948319  -22.939778580
   -0.856797996   -0.698131701  -66.573688681   19.808303755  -20.423736097
   -0.666398442   -0.698131701  -62.151618297   25.523069135  -16.857970288
   -0.475998887   -0.698131701  -57.285624244   24.152311389  -13.054489329
   -0.285599332   -0.698131701  -53.444673539   14.837639673   -9.706481234
   -0.095199777   -0.698131701  -52.071192105   -1.436288668   -7.141854649
    0.095199777   -0.698131701  -54.217329141  -21.379126306   -5.267091001
    0.285599332   -0.698131701  -60.091905732  -39.515455346   -3.674098527
    0.475998887   -0.698131701  -68.710985430  -49.082485881   -1.905097998
    0.666398442   -0.698131701  -77.860926048  -44.448830264    0.272299214
    0.856797996   -0.698131701  -84.616806371  -24.190402358    2.708575208
    1.047197551   -0.698131701  -86.349595274    7.048607076    4.947885174
    1.237597106   -0.698131701  -81.817935236   39.847246986    6.491314208
    1.427996661   -0.698131701  -71.722437398   63.975865364    7.088753229
    1.618396215   -0.698131701  -58.421625139   72.926640455    6.862414373
    1.808795770   -0.698131701  -44.965332802   65.976184599    6.207542790
    1.999195325   -0.698131701  -34.041995089   47.263571150    5.561874596
    2.189594880   -0.698131701  -27.325336615   22.802077971    5.193927620
    2.379994435   -0.698131701  -25.376165924   -2.048672954    5.107288556
    2.570393989   -0.698131701  -27.882361246  -23.471004681    5.075468111
    2.760793544   -0.698131701  -33.920289406  -38.775392587    4.756528409
    2.951193099   -0.698131701  -42.121894533  -45.962361809    3.849897005

   -3.141592654   -0.349065850  -50.382106429  -48.239996975    0.824681758
   -2.951193099   -0.349065850  -58.807150218  -39.204346009   -1.625866178
   -2.760793544   -0.349065850  -64.960284384  -25.084557629   -4.364656728
   -2.570393989   -0.349065850  -68.354136738  -11.083447481   -7.168444957
   -2.379994435   -0.349065850  -69.505807240   -2.165617137   -9.932266695
   -2.189594880   -0.349065850  -69.658631326   -0.671790424  -12.694019011
   -1.999195325   -0.349065850  -70.149533326   -5.185264993  -15.505288229
   -1.808795770   -0.349065850  -71.735664392  -11.291108227  -18.226834385
   -1.618396215   -0.349065850  -74.224043485  -13.895267302  -20.418792696
   -1.427996661   -0.349065850  -76.595160630   -9.784499917  -21.451398548
   -1.237597106   -0.349065850  -77.533069837    0.846465110  -20.809159418
   -1.047197551   -0.349065850  -76.073512992   14.633000199  -18.399944203
   -0.856797996   -0.349065850  -72.067058168   26.707061307  -14.671564141
   -0.666398442   -0.349065850  -66.275599516   32.734136789  -10.446016112
   -0.475998887   -0.349065850  -60.127101335   30.204085384   -6.584504605
   -0.285599332   -0.349065850  -55.315336510   18.916800823   -3.634452099
   -0.095199777   -0.349065850  -53.351823561    0.765520914   -1.631634600
    0.095199777   -0.349065850  -55.190254982  -20.153259117   -0.129319670
    0.285599332   -0.349065850  -60.824888076  -38.017949268    1.560648806
    0.475998887   -0.349065850  -69.050026448  -46.339882775    3.987892106
    0.666398442   -0.349065850  -77.536700572  -40.289853764    7.226296130
    0.856797996   -0.349065850  -83.417694891  -19.360818521   10.760147597
    1.047197551   -0.349065850  -84.265583725   11.278568567   13.703107694
    1.237597106   -0.349065850  -79.076047850   42.387403656   15.248842807
    1.427996661   -0.349065850  -68.693051938   64.468561943   15.086719336
    1.618396215   -0.349065850  -55.461906153   71.834691716   13.523713540
    1.808795770   -0.349065850  -42.293216215   64.211256890   11.267555676
    1.999195325   -0.349065850  -31.701594800   45.653320742    9.045768979
    2.189594880   -0.349065850  -25.242701271   21.720598896    7.301239923
    2.379994435   -0.349065850  -23.458433124   -2.762435826    6.090500913
    2.570393989   -0.349065850  -26.106607989  -24.353777108    5.172128883
    2.760793544   -0.349065850  -32.378851006  -40.449926803    4.176044669
    2.951193099   -0.349065850  -41.010412979  -48.849499420    2.779119080

   -3.141592654    0.000000000  -50.262413623  -52.097419105   -0.850728249
   -2.951193099    0.000000000  -59.490463011  -43.709219924   -3.053361917
   -2.760793544    0.000000000  -66.537031955  -29.891193557   -5.403767825
   -2.570393989    0.000000000  -70.850808466  -15.901953626   -7.761944876
   -2.379994435    0.000000000  -72.911248656   -6.890038164  -10.065655244
   -2.189594880    0.000000000  -73.953990163   -5.284823676  -12.325085034
   -1.999195325    0.000000000  -75.298810243   -9.470206567  -14.502787443
   -1.808795770    0.000000000  -77.621266356  -14.590930895  -16.362524497
   -1.618396215    0.000000000  -80.565176605  -15.199517183  -17.437111087
   -1.427996661    0.000000000  -82.920006859   -8.197245895  -17.195371649
   -1.237597106    0.000000000  -83.256697953    5.528685992  -15.344477466
   -1.047197551    0.000000000  -80.664733951   21.631357118  -12.065684467
   -0.856797996    0.000000000  -75.224617062   34.475623001   -8.014909008
   -0.666398442    0.000000000  -68.017931838   39.573680997   -4.055412038
   -0.475998887    0.000000000  -60.753623285   34.966168942   -0.893724725
   -0.285599332    0.000000000  -55.253544977   21.441753377    1.229080390
   -0.095199777    0.000000000  -52.960238261    1.910468436    2.617546306
    0.095199777    0.000000000  -54.595741325  -18.901045240    3.978487733
    0.285599332    0.000000000  -59.863009731  -35.219069670    6.079458215
    0.475998887    0.000000000  -67.345391943  -41.328914819    9.340981456
    0.666398442    0.000000000  -74.700581149  -33.626050704   13.539880216
    0.856797996    0.000000000  -79.278452845  -12.683902570   17.803328329
    1.047197551    0.000000000  -79.010901607   16.003827010   20.956019311
    1.237597106    0.000000000  -73.221160581   43.838182861   22.076325223
    1.427996661    0.000000000  -62.890788221   62.566538365   20.932248483
    1.618396215    0.000000000  -50.263552005   67.641055131   18.045731405
    1.808795770    0.000000000  -37.989318824   59.266317301   14.371022179
    1.999195325    0.000000000  -28.305972207   41.219075094   10.822911270
    2.189594880    0.000000000  -22.592340568   18.356439264    7.940061826
    2.379994435    0.000000000  -21.353427645   -5.193120374    5.803787241
    2.570393989    0.000000000  -24.418297909  -26.408728717    4.175591596
    2.760793544    0.000000000  -31.097340149  -42.766621446    2.699648665
    2.951193099    0.000000000  -40.232787026  -51.876870614    1.074861231

   -3.141592654    0.349065850  -49.532389779  -54.130584931   -1.220005515
   -2.951193099    0.349065850  -59.210330705  -46.387485658   -2.445406331
   -2.760793544    0.349065850  -66.829247983  -33.192605189   -3.689489029
   -2.570393989    0.349065850  -71.821469256  -19.692585009   -4.989184559
   -2.379994435    0.349065850  -74.635375745  -10.976260326   -6.380940353
   -2.189594880    0.349065850  -76.462233765   -9.371136704   -7.860292460
   -1.999195325    0.349065850  -78.546837744  -13.043157795   -9.305957610
   -1.808795770    0.349065850  -81.441248705  -16.880802066  -10.428716390
   -1.618396215    0.349065850  -84.631843118  -15.375951862  -10.823266506
   -1.427996661    0.349065850  -86.775997424   -5.778798901  -10.137360569
   -1.237597106    0.349065850  -86.417869422   10.294566227   -8.288742552
   -1.047197551    0.349065850  -82.770788273   27.718099863   -5.576267033
   -0.856797996    0.349065850  -76.159568555   40.449710350   -2.593053761
   -0.666398442    0.349065850  -67.929131893   44.197284178    0.043494583
   -0.475998887    0.349065850  -59.959499991   37.752453263    1.974169223
   -0.285599332    0.349065850  -54.073328613   22.860046765    3.288727636
   -0.095199777    0.349065850  -51.544973433    3.205449059    4.485970503
    0.095199777    0.349065850  -52.826015829  -16.240364098    6.270298116
    0.285599332    0.349065850  -57.366596941  -30.148718062    9.204480043
    0.475998887    0.349065850  -63.644230303  -33.862687932   13.377422577
    0.666398442    0.349065850  -69.442898566  -25.067235190   18.227645898
    0.856797996    0.349065850  -72.457941702   -5.238580808   22.660617054
    1.047197551    0.349065850  -71.056759091   20.153615857   25.461099194
    1.237597106    0.349065850  -64.894822292   43.526802079   25.832709154
    1.427996661    0.349065850  -55.033461465   58.139674193   23.744394319
    1.618396215    0.349065850  -43.522985827   60.669305644   19.899104721
    1.808795770    0.349065850  -32.659818005   51.733477646   15.354901178
    1.999195325    0.349065850  -24.333977572   34.690851970   11.053445721
    2.189594880    0.349065850  -19.703073040   13.560037405    7.528114048
    2.379994435    0.349065850  -19.212116623   -8.310878297    4.870936956
    2.570393989    0.349065850  -22.750555011  -28.371757228    2.900226933
    2.760793544    0.349065850  -29.746141476  -44.238970248    1.356607625
    2.951193099    0.349065850  -39.162704158  -53.437464229    0.026971446

   -3.141592654    0.698131701  -48.737955885  -54.885938407   -1.653083775
   -2.951193099    0.698131701  -58.577968697  -47.343255425   -1.781811692
   -2.760793544    0.698131701  -66.412018347  -34.495691089   -1.761828617
   -2.570393989    0.698131701  -71.689596038  -21.376051704   -1.792920032
   -2.379994435    0.698131701  -74.854342579  -12.953061969   -2.024550181
   -2.189594880    0.698131701  -77.069549165  -11.424833901   -2.493139951
   -1.999195325    0.698131701  -79.525266782  -14.814049164   -3.093298548
   -1.808795770    0.698131701  -82.693445434  -17.904665714   -3.602211556
   -1.618396215    0.698131701  -85.973457799  -15.235412661   -3.765011662
   -1.427996661    0.698131701  -87.965240031   -4.328385523   -3.406498303
   -1.237597106    0.698131701  -87.224733687   12.770996268   -2.524015160
   -1.047197551    0.698131701  -83.057761421   30.565928250   -1.295903592
   -0.856797996    0.698131701  -75.928621041   42.933492894    0.012561723
   -0.666398442    0.698131701  -67.298997653   45.878778359    1.212890299
   -0.475998887    0.698131701  -59.078831963   38.790894832    2.319362206
   -0.285599332    0.698131701  -52.997896808   24.033619408    3.607633650
   -0.095199777    0.698131701  -50.142259427    5.669997998    5.510423503
    0.095199777    0.698131701  -50.746542912  -11.466639479    8.441924786
    0.285599332    0.698131701  -54.124419196  -22.741566815   12.537622602
    0.475998887    0.698131701  -58.792737668  -24.598461060   17.465554622
    0.666398442    0.698131701  -62.791084071  -15.801959725   22.396698311
    0.856797996    0.698131701  -64.228758693    1.670304301   26.220690154
    1.047197551    0.698131701  -61.895437358   22.805529872   27.942654204
    1.237597106    0.698131701  -55.695786459   41.299249347   27.108440692
    1.427996661    0.698131701  -46.663421749   51.923190245   23.983984527
    1.618396215    0.698131701  -36.570024457   52.362417424   19.413832036
    1.808795770    0.698131701  -27.322469757   43.370872230   14.431180357
    1.999195325    0.698131701  -20.474143196   27.698194630    9.858180036
    2.189594880    0.698131701  -16.994260014    8.483654742    6.116217493
    2.379994435    0.698131701  -17.294873586  -11.611472349    3.263290239
    2.570393989    0.698131701  -21.328981989  -30.363638453    1.178462566
    2.760793544    0.698131701  -28.619907361  -45.428873294   -0.274933894
    2.951193099    0.698131701  -38.221405095  -54.245579139   -1.190852670

   -3.141592654    1.047197551  -50.080952704  -55.234377851   -6.229036995
   -2.951193099    1.047197551  -59.911239041  -46.918525768   -5.828381853
   -2.760793544    1.047197551  -67.617878411  -33.636527192   -4.903661382
   -2.570393989    1.047197551  -72.722098305  -20.470745670   -3.771106804
   -2.379994435    1.047197551  -75.734812969  -12.295993126   -2.717687277
   -2.189594880    1.047197551  -77.858215181  -11.115826170   -1.908853639
   -1.999195325    1.047197551  -80.281302072  -14.746416546   -1.370104562
   -1.808795770    1.047197551  -83.441829705  -17.850970787   -1.036204226
   -1.618396215    1.047197551  -86.695253136  -14.984256838   -0.824780321
   -1.427996661    1.047197551  -88.612678723   -3.804950238   -0.677285762
   -1.237597106    1.047197551  -87.751593147   13.481791685   -0.554984120
   -1.047197551    1.047197551  -83.442976294   31.308211692   -0.404297558
   -0.856797996    1.047197551  -76.175111634   43.652887445   -0.119359015
   -0.666398442    1.047197551  -67.397649344   46.765767583    0.478054013
   -0.475998887    1.047197551  -58.955364000   40.348249755    1.618355222
   -0.285599332    1.047197551  -52.459857265   26.943903100    3.563361886
   -0.095199777    1.047197551  -48.870374168   10.546606407    6.513837589
    0.095199777    1.047197551  -48.340912623   -4.461086048   10.517789296
    0.285599332    1.047197551  -50.220676527  -14.177694381   15.322646691
    0.475998887    1.047197551  -53.212405347  -15.839015323   20.313720521
    0.666398442    1.047197551  -55.670033711   -8.696687511   24.584571833
    0.856797996    1.047197551  -56.053548319    5.393983595   27.195624385
    1.047197551    1.047197551  -53.414122021   22.241891332   27.501758186
    1.237597106    1.047197551  -47.717815542   36.720105787   25.432349133
    1.427996661    1.047197551  -39.842039365   44.630910007   21.499783237
    1.618396215    1.047197551  -31.259217726   44.073002648   16.573580937
    1.808795770    1.047197551  -23.564587609   35.533815841   11.522994283
    1.999195325    1.047197551  -18.097760208   21.090524654    6.931751028
    2.189594880    1.047197551  -15.745196870    3.230102080    3.032657170
    2.379994435    1.047197551  -16.932733958  -15.717111134   -0.182562536
    2.570393989    1.047197551  -21.656605239  -33.522359530   -2.767467007
    2.760793544    1.047197551  -29.464192779  -47.686679505   -4.696950614
    2.951193099    1.047197551  -39.406417359  -55.546834801   -5.872936125

   -3.141592654    1.396263402  -54.641779471  -55.800357526  -11.122836287
   -2.951193099    1.396263402  -64.375603103  -45.384453601  -10.530383194
   -2.760793544    1.396263402  -71.631106176  -30.548281973   -9.145225485
   -2.570393989    1.396263402  -76.064952655  -16.657121913   -7.319461905
   -2.379994435    1.396263402  -78.346816773   -8.547176284   -5.383321744
   -2.189594880    1.396263402  -79.807888391   -7.973087871   -3.548052112
   -1.999195325    1.396263402  -81.713218074  -12.476187646   -1.910118555
   -1.808795770    1.396263402  -84.532918386  -16.550202370   -0.520632104
   -1.618396215    1.396263402  -87.632174801  -14.663381869    0.557216938
   -1.427996661    1.396263402  -89.574494796   -4.362885976    1.265576565
   -1.237597106    1.396263402  -88.879254870   12.360113738    1.624066025
   -1.047197551    1.396263402  -84.792994666   30.196484708    1.786224036
   -0.856797996    1.396263402  -77.675172602   43.312148798    2.030379918
   -0.666398442    1.396263402  -68.827755798   47.943502101    2.686109978
   -0.475998887    1.396263402  -59.970401287   43.598862998    4.031034669
   -0.285599332    1.396263402  -52.639545695   32.460306946    6.233141205
   -0.095199777    1.396263402  -47.799255826   18.091428697    9.282929147
    0.095199777    1.396263402  -45.696039929    4.352930107   12.963975914
    0.285599332    1.396263402  -45.872081929   -5.341617842   16.802645278
    0.475998887    1.396263402  -47.301386302   -8.533509771   20.119058893
    0.666398442    1.396263402  -48.632251950   -4.365886653   22.182017334
    0.856797996    1.396263402  -48.549067037    5.892514758   22.469202995
    1.047197551    1.396263402  -46.180766593   18.993961922   20.863146041
    1.237597106    1.396263402  -41.389620344   30.669169589   17.723261728
    1.427996661    1.396263402  -34.823262578   37.158451017   13.704609791
    1.618396215    1.396263402  -27.697138403   36.410882562    9.485865013
    1.808795770    1.396263402  -21.418669021   28.374275702    5.521818869
    1.999195325    1.396263402  -17.254932612   14.541580850    1.957076422
    2.189594880    1.396263402  -16.107802018   -2.924432169   -1.276642584
    2.379994435    1.396263402  -18.443428599  -21.621139579   -4.277159881
    2.570393989    1.396263402  -24.254929233  -38.970753029   -7.005952333
    2.760793544    1.396263402  -33.014492153  -52.114451969   -9.245747498
    2.951193099    1.396263402  -43.648549653  -58.267263392  -10.691502406

   -3.141592654    1.745329252  -60.545597466  -56.528267468  -16.134721579
   -2.951193099    1.745329252  -70.198309629  -43.853002825  -15.739204864
   -2.760793544    1.745329252  -76.983414935  -27.256021527  -14.217655128
   -2.570393989    1.745329252  -80.683931256  -12.381528689  -11.885931088
   -2.379994435    1.745329252  -82.118959129   -4.038784157   -9.086146493
   -2.189594880    1.745329252  -82.744784562   -3.781979579   -6.080529201
   -1.999195325    1.745329252  -83.911220491   -8.952795512   -3.056628800
   -1.808795770    1.745329252  -86.142239093  -13.922245398   -0.198758244
   -1.618396215    1.745329252  -88.836097756  -13.042699216    2.263667685
   -1.427996661    1.745329252  -90.559542117   -3.651901960    4.106489644
   -1.237597106    1.745329252  -89.784637054   12.567749263    5.232242787
   -1.047197551    1.745329252  -85.653614943   30.572647019    5.764769375
   -0.856797996    1.745329252  -78.386901362   44.606226927    6.038686234
   -0.666398442    1.745329252  -69.157888756   50.712040592    6.474883627
   -0.475998887    1.745329252  -59.613970253   48.036273174    7.407680692
   -0.285599332    1.745329252  -51.294828111   38.320513622    8.975373017
   -0.095199777    1.745329252  -45.252512607   24.716202982   11.055383498
    0.095199777    1.745329252  -41.894894406   10.702868025   13.291247343
    0.285599332    1.745329252  -40.986488557   -0.516268612   15.144411851
    0.475998887    1.745329252  -41.735624158   -6.378429360   16.045181734
    0.666398442    1.745329252  -42.964644234   -5.476568401   15.587492089
    0.856797996    1.745329252  -43.391109799    1.766515230   13.728342045
    1.047197551    1.745329252  -42.015334710   12.924058239   10.817611333
    1.237597106    1.745329252  -38.452846343   24.058338513    7.476063683
    1.427996661    1.745329252  -33.102024695   31.134042951    4.295991649
    1.618396215    1.745329252  -27.027605157   31.392099811    1.598724035
    1.808795770    1.745329252  -21.627276182   24.076484308   -0.655948757
    1.999195325    1.745329252  -18.264488109   10.315660561   -2.766810452
    2.189594880    1.745329252  -17.961852914   -7.627600475   -5.069971029
    2.379994435    1.745329252  -21.251082377  -26.899477880   -7.724832106
    2.570393989    1.745329252  -28.090029802  -44.360484703  -10.595429456
    2.760793544    1.745329252  -37.820669561  -56.753033334  -13.280021733
    2.951193099    1.745329252  -49.193469891  -61.240568909  -15.263530415

   -3.141592654    2.094395102  -66.941188964  -57.620898153  -17.167783474
   -2.951193099    2.094395102  -76.574088258  -42.586093494  -16.791249386
   -2.760793544    2.094395102  -82.918505610  -23.990276097  -15.226562092
   -2.570393989    2.094395102  -85.855776292   -7.743776311  -12.727274146
   -2.379994435    2.094395102  -86.326820167    1.355027821   -9.577301131
   -2.189594880    2.094395102  -85.893213879    1.879756750   -5.989107072
   -1.999195325    2.094395102  -85.988322923   -3.428685967   -2.124069390
   -1.808795770    2.094395102  -87.213383986   -8.953828369    1.812162377
   -1.618396215    2.094395102  -89.046856954   -9.037293730    5.501182323
   -1.427996661    2.094395102  -90.119867885   -0.845779676    8.561529413
   -1.237597106    2.094395102  -88.917587799   14.294607567   10.698811075
   -1.047197551    2.094395102  -84.522637529   31.714560814   11.851294002
   -0.856797996    2.094395102  -77.039161846   45.844747203   12.229360643
   -0.666398442    2.094395102  -67.518430328   52.589545730   12.208773781
   -0.475998887    2.094395102  -57.538850886   50.715479918   12.142911721
   -0.285599332    2.094395102  -48.654839777   41.474859160   12.206365599
   -0.095199777    2.094395102  -42.022642795   27.607635726   12.303153238
    0.095199777    2.094395102  -38.215869699   12.357479351   12.104016453
    0.285599332    2.094395102  -37.183220742   -0.993143150   11.164932275
    0.475998887    2.094395102  -38.266458752   -9.432008405    9.151146985
    0.666398442    2.094395102  -40.304278238  -10.785251330    6.052287799
    0.856797996    2.094395102  -41.875163104   -4.713033120    2.297971306
    1.047197551    2.094395102  -41.727370158    6.759904098   -1.376195108
    1.237597106    2.094395102  -39.206503929   19.430221287   -4.230431924
    1.427996661    2.094395102  -34.548245812   28.478507999   -5.882226395
    1.618396215    2.094395102  -28.824306937   30.221447094   -6.468015720
    1.808795770    2.094395102  -23.590019780   23.303420536   -6.542821610
    1.999195325    2.094395102  -20.430024261    8.797091701   -6.791974078
    2.189594880    2.094395102  -20.548625599  -10.590613172   -7.730252576
    2.379994435    2.094395102  -24.545366502  -31.300705020   -9.510919937
    2.570393989    2.094395102  -32.308993663  -49.506153167  -11.895441938
    2.760793544    2.094395102  -43.004615790  -61.534844396  -14.359379323
    2.951193099    2.094395102  -55.163183905  -64.544126619  -16.282429409

   -3.141592654    2.443460953  -72.633797472  -58.605256815  -11.282991891
   -2.951193099    2.443460953  -82.262881117  -41.581343366  -10.211908160
   -2.760793544    2.443460953  -88.235873992  -21.148915029   -8.288999368
   -2.570393989    2.443460953  -90.481760703   -3.380367625   -5.765742212
   -2.379994435    2.443460953  -89.999665469    6.962992611   -2.855049010
   -2.189594880    2.443460953  -88.397212774    8.508593901    0.364305168
   -1.999195325    2.443460953  -87.155798585    3.911763081    3.895176728
   -1.808795770    2.443460953  -86.956746433   -1.451023040    7.669362330
   -1.618396215    2.443460953  -87.405897915   -2.139339214   11.417181381
   -1.427996661    2.443460953  -87.284609479    4.686838172   14.682012422
   -1.237597106    2.443460953  -85.197435445   18.013479444   16.990208201
   -1.047197551    2.443460953  -80.268145067   33.648957641   18.065770589
   -0.856797996    2.443460953  -72.552594930   46.434263127   17.953672778
   -0.666398442    2.443460953  -63.001163235   52.399163072   16.959780587
   -0.475998887    2.443460953  -53.098695377   50.121594873   15.460548477
   -0.285599332    2.443460953  -44.364673716   40.446141307   13.695361091
   -0.095199777    2.443460953  -38.002409456   25.696134849   11.641799279
    0.095199777    2.443460953  -34.695899459    8.897672976    9.057509966
    0.285599332    2.443460953  -34.511982497   -6.496146298    5.655515909
    0.475998887    2.443460953  -36.835911253  -16.877978348    1.370759350
    0.666398442    2.443460953  -40.408774946  -19.228042362   -3.446472966
    0.856797996    2.443460953  -43.558803831  -12.557439526   -8.031444398
    1.047197551    2.443460953  -44.714762633    1.155330164  -11.478332144
    1.237597106    2.443460953  -42.966842166   16.986154193  -13.145820996
    1.427996661    2.443460953  -38.482297707   28.966983977  -12.978681874
    1.618396215    2.443460953  -32.479091849   32.408507129  -11.527499804
    1.808795770    2.443460953  -26.798017465   25.548293416   -9.678192608
    1.999195325    2.443460953  -23.319280308    9.729014199   -8.263114180
    2.189594880    2.443460953  -23.444599203  -11.627167248   -7.773892410
    2.379994435    2.443460953  -27.820542386  -34.157101555   -8.255991908
    2.570393989    2.443460953  -36.242839138  -53.398959050   -9.380656541
    2.760793544    2.443460953  -47.693140434  -65.374630045  -10.606247915
    2.951193099    2.443460953  -60.493775507  -67.298398974  -11.372736430

   -3.141592654    2.792526803  -75.369714109  -57.615780030    0.466833236
   -2.951193099    2.792526803  -84.686102752  -39.334885394    2.423759403
   -2.760793544    2.792526803  -90.130635254  -17.908873013    4.462345662
   -2.570393989    2.792526803  -91.690511529    0.540237921    6.443813504
   -2.379994435    2.792526803  -90.410372937   11.420108339    8.415482977
   -2.189594880    2.792526803  -87.903987045   13.565570723   10.606466307
   -1.999195325    2.792526803  -85.634164274    9.657294209   13.264485077
   -1.808795770    2.792526803  -84.285616882    4.815838953   16.426527091
   -1.618396215    2.792526803  -83.534111017    4.075399193   19.774713546
   -1.427996661    2.792526803  -82.302173050    9.984549367   22.692627457
   -1.237597106    2.792526803  -79.360929104   21.571133415   24.512086505
   -1.047197551    2.792526803  -73.959481258   35.021481630   24.801811993
   -0.856797996    2.792526803  -66.189062840   45.681176619   23.540483707
   -0.666398442    2.792526803  -56.951881542   49.924647223   21.061727265
   -0.475998887    2.792526803  -47.649079139   46.349762103   17.844872439
   -0.285599332    2.792526803  -39.741235763   35.538914523   14.257454472
   -0.095199777    2.792526803  -34.431458912   19.509479000   10.415088030
    0.095199777    2.792526803  -32.443875542    1.203472044    6.213764341
    0.285599332    2.792526803  -33.865458556  -15.603810557    1.522597734
    0.475998887    2.792526803  -38.004582720  -26.647712017   -3.564960545
    0.666398442    2.792526803  -43.391277253  -28.223898145   -8.580949522
    0.856797996    2.792526803  -48.045817435  -19.087050974  -12.752857695
    1.047197551    2.792526803  -50.106912276   -1.680650897  -15.300227188
    1.237597106    2.792526803  -48.526109280   18.000091784  -15.817667121
    1.427996661    2.792526803  -43.555629983   32.815080234  -14.490580671
    1.618396215    2.792526803  -36.684397622   37.376748243  -12.011428364
    1.808795770    2.792526803  -30.088298539   29.958611030   -9.250930999
    1.999195325    2.792526803  -25.914702698   12.512791122   -6.889297420
    2.189594880    2.792526803  -25.692002446  -10.729830638   -5.218304602
    2.379994435    2.792526803  -30.048932627  -34.743835762   -4.143859721
    2.570393989    2.792526803  -38.663805467  -54.688583672   -3.342659834
    2.760793544    2.792526803  -50.357356411  -66.502443935   -2.446823975
    2.951193099    2.792526803  -63.298293705  -67.557820834   -1.198930798
