#! FIELDS phi psi file.free der_phi der_psi
#! SET min_phi -pi
#! SET max_phi pi
#! SET nbins_phi  33
#! SET periodic_phi true
#! SET min_psi -pi
#! SET max_psi pi
#! SET nbins_psi  18
#! SET periodic_psi true
   -3.141592654   -3.141592654  -77.338453668  -54.774472091   14.980037435
   -2.951193099   -3.141592654  -86.112368156  -36.617748579   17.729768973
   -2.760793544   -3.141592654  -91.100217356  -15.905403934   19.617187378
   -2.570393989   -3.141592654  -92.357670381    1.750907546   20.680322344
   -2.379994435   -3.141592654  -90.881877588   12.398661052   21.289245944
   -2.189594880   -3.141592654  -88.139139426   15.216817329   22.012806795
   -1.999195325   -3.141592654  -85.431262640   12.675028462   23.345415834
   -1.808795770   -3.141592654  -83.370254734    9.216635542   25.423555405
   -1.618396215   -3.141592654  -81.703232946    9.115968142   27.889457557
   -1.427996661   -3.141592654  -79.542722903   14.489465658   29.996340569
   -1.237597106   -3.141592654  -75.883603494   24.457934649   30.922168736
   -1.047197551   -3.141592654  -70.138342397   35.700360641   30.117523238
   -0.856797996   -3.141592654  -62.452228672   44.160158938   27.517373611
   -0.666398442   -3.141592654  -53.684560068   46.599479028   23.496355055
   -0.475998887   -3.141592654  -45.151451238   41.650291781   18.650279658
   -0.285599332   -3.141592654  -38.250441980   29.677408175   13.497106492
   -0.095199777   -3.141592654  -34.168950020   12.449425659    8.310228118
    0.095199777   -3.141592654  -33.644757552   -7.103784350    3.120893465
    0.285599332   -3.141592654  -36.747430529  -24.862140479   -2.094232906
    0.475998887   -3.141592654  -42.674817230  -35.971050171   -7.182669869
    0.666398442   -3.141592654  -49.733518774  -36.202131775  -11.690345496
    0.856797996   -3.141592654  -55.658947390  -24.222230488  -14.961402112
    1.047197551   -3.141592654  -58.346046979   -3.029431750  -16.421125926
    1.237597106   -3.141592654  -56.657235827   20.386701149  -15.899061692
    1.427996661   -3.141592654  -50.955070010   37.878108597  -13.740368347
    1.618396215   -3.141592654  -42.993004963   43.486832836  -10.642942338
    1.808795770   -3.141592654  -35.261409848   35.558101153   -7.317941745
    1.999195325   -3.141592654  -30.153977746   16.626943453   -4.187051237
    2.189594880   -3.141592654  -29.309816809   -8.276038837   -1.294773264
    2.379994435   -3.141592654  -33.321226083  -33.441049910    1.574386349
    2.570393989   -3.141592654  -41.729538662  -53.672244065    4.666691262
    2.760793544   -3.141592654  -53.191677151  -64.997383824    8.069207179
    2.951193099   -3.141592654  -65.768381376  -65.245764866   11.624062165

   -3.141592654   -2.792526803  -70.380764061  -49.111484669   22.712344821
   -2.951193099   -2.792526803  -78.268128309  -33.051594151   25.490460617
   -2.760793544   -2.792526803  -82.788522807  -14.521429993   26.968036164
   -2.570393989   -2.792526803  -83.945417403    1.580445376   27.347839160
   -2.379994435   -2.792526803  -82.560202671   11.835556812   27.169931881
   -2.189594880   -2.792526803  -79.861018900   15.506000688   27.099201284
   -1.999195325   -2.792526803  -76.949602000   14.584983672   27.628012464
   -1.808795770   -2.792526803  -74.372704600   12.620609071   28.826873754
   -1.618396215   -2.792526803  -71.994139183   12.943091762   30.272446015
   -1.427996661   -2.792526803  -69.192428215   17.118109033   31.202002531
   -1.237597106   -2.792526803  -65.272357728   24.370681571   30.839097821
   -1.047197551   -2.792526803  -59.874695123   32.098801073   28.720284815
   -0.856797996   -2.792526803  -53.203926076   37.211865322   24.874346388
   -0.666398442   -2.792526803  -46.007642658   37.258119867   19.758202732
   -0.475998887   -2.792526803  -39.383837504   31.144865633   14.037625521
   -0.285599332   -2.792526803  -34.509869843   19.037640895    8.290558896
   -0.095199777   -2.792526803  -32.417703274    2.261119357    2.851386207
    0.095199777   -2.792526803  -33.769211665  -16.581228792   -2.191900003
    0.285599332   -2.792526803  -38.591726112  -33.388387347   -6.823425691
    0.475998887   -2.792526803  -46.016047767  -43.051871934  -10.910257510
    0.666398442   -2.792526803  -54.227777615  -41.092961935  -14.112219900
    0.856797996   -2.792526803  -60.819768643  -26.225678110  -15.990098523
    1.047197551   -2.792526803  -63.593236261   -1.938778297  -16.227388267
    1.237597106   -2.792526803  -61.436670547   24.086507117  -14.854754225
    1.427996661   -2.792526803  -54.860854052   43.173752121  -12.263532833
    1.618396215   -2.792526803  -45.825034624   49.319004671   -9.022695960
    1.808795770   -2.792526803  -36.988040328   41.283001867   -5.600064321
    1.999195325   -2.792526803  -30.808335757   22.204071822   -2.170685690
    2.189594880   -2.792526803  -28.887551119   -2.462678831    1.375571862
    2.379994435   -2.792526803  -31.733962812  -26.969206145    5.263953495
    2.570393989   -2.792526803  -38.835540205  -46.446353306    9.607951488
    2.760793544   -2.792526803  -48.877517491  -57.424129982   14.262156244
    2.951193099   -2.792526803  -60.041718545  -58.152914292   18.811682903

   -3.141592654   -2.443460953  -62.326049519  -43.194983107   22.023161241
   -2.951193099   -2.443460953  -69.302972066  -29.454316410   24.136629155
   -2.760793544   -2.443460953  -73.356540441  -13.149100278   25.029623545
   -2.570393989   -2.443460953  -74.409776044    1.459779947   24.978936109
   -2.379994435   -2.443460953  -73.103516551   11.318963289   24.473153610
   -2.189594880   -2.443460953  -70.457236728   15.600793797   24.016349858
   -1.999195325   -2.443460953  -67.427798972   15.737204104   23.916254948
   -1.808795770   -2.443460953  -64.554730487   14.444984842   24.137961322
   -1.618396215   -2.443460953  -61.850279843   14.311405146   24.295678441
   -1.427996661   -2.443460953  -58.945290910   16.610075189   23.800618498
   -1.237597106   -2.443460953  -55.395277868   20.871984735   22.120754183
   -1.047197551   -2.443460953  -50.983288211   25.285583929   19.024508750
   -0.856797996   -2.443460953  -45.886793154   27.663940204   14.693136731
   -0.666398442   -2.443460953  -40.674815730   26.216452196    9.634019631
   -0.475998887   -2.443460953  -36.185856263   19.986833971    4.474939943
   -0.285599332   -2.443460953  -33.360253535    8.824637522   -0.296760796
   -0.095199777   -2.443460953  -33.078823218   -6.500027032   -4.454870679
    0.095199777   -2.443460953  -35.953650822  -23.825046628   -8.015771580
    0.285599332   -2.443460953  -42.018402731  -39.191412647  -11.067127540
    0.475998887   -2.443460953  -50.407087385  -47.332075360  -13.597625857
    0.666398442   -2.443460953  -59.266389338  -43.543698648  -15.416567439
    0.856797996   -2.443460953  -66.123464168  -26.495818606  -16.239210758
    1.047197551   -2.443460953  -68.733805595    0.031286546  -15.850728114
    1.237597106   -2.443460953  -66.016278357   27.921714399  -14.278081531
    1.427996661   -2.443460953  -58.587816997   48.172226138  -11.791455681
    1.618396215   -2.443460953  -48.544523653   54.813056640   -8.774032844
    1.808795770   -2.443460953  -38.642860287   46.956831075   -5.519933506
    1.999195325   -2.443460953  -31.357451853   28.192675715   -2.111162493
    2.189594880   -2.443460953  -28.236473586    4.215754470    1.554722524
    2.379994435   -2.443460953  -29.721746514  -19.341006430    5.609932706
    2.570393989   -2.443460953  -35.288450272  -38.027937793   10.032301550
    2.760793544   -2.443460953  -43.700058600  -48.872467209   14.556256136
    2.951193099   -2.443460953  -53.299123158  -50.445612092   18.717086963

   -3.141592654   -2.094395102  -55.761406507  -38.917528908   15.426102673
   -2.951193099   -2.094395102  -62.102672253  -27.064275940   16.612844061
   -2.760793544   -2.094395102  -65.869518064  -12.475612378   17.024275190
   -2.570393989   -2.094395102  -66.920744050    0.902917888   16.894827858
   -2.379994435   -2.094395102  -65.790838059   10.118713830   16.481922213
   -2.189594880   -2.094395102  -63.396158859   14.211972126   15.959108718
   -1.999195325   -2.094395102  -60.635625634   14.287287264   15.355464524
   -1.808795770   -2.094395102  -58.063518468   12.656301774   14.544795547
   -1.618396215   -2.094395102  -55.776975002   11.601401869   13.292525723
   -1.427996661   -2.094395102  -53.525701374   12.373060461   11.352846385
   -1.237597106   -2.094395102  -50.956300773   14.811684352    8.596371631
   -1.047197551   -2.094395102  -47.857966884   17.652451790    5.108938349
   -0.856797996   -2.094395102  -44.307355458   19.230354567    1.200218206
   -0.666398442   -2.094395102  -40.695641367   18.029158202   -2.697578158
   -0.475998887   -2.094395102  -37.668604837   12.944280899   -6.177636450
   -0.285599332   -2.094395102  -36.036273804    3.371097068   -9.015780523
   -0.095199777   -2.094395102  -36.646548540  -10.460292459  -11.211086535
    0.095199777   -2.094395102  -40.166095517  -26.707814010  -12.931800239
    0.285599332   -2.094395102  -46.711094630  -41.392192092  -14.362962935
    0.475998887   -2.094395102  -55.464766473  -48.938706826  -15.571112903
    0.666398442   -2.094395102  -64.555362796  -44.298862354  -16.440394393
    0.856797996   -2.094395102  -71.443033185  -25.987091685  -16.735935952
    1.047197551   -2.094395102  -73.814744090    2.048744794  -16.221733435
    1.237597106   -2.094395102  -70.574278330   31.354272875  -14.816933601
    1.427996661   -2.094395102  -62.386857194   52.629856709  -12.624943786
    1.618396215   -2.094395102  -51.432089277   59.861065338   -9.880587662
    1.808795770   -2.094395102  -40.533612078   52.355389316   -6.814164346
    1.999195325   -2.094395102  -32.184371948   33.987208287   -3.556199371
    2.189594880   -2.094395102  -27.907975482   10.579986439   -0.131877565
    2.379994435   -2.094395102  -28.121098249  -12.365534701    3.447030045
    2.570393989   -2.094395102  -32.321130862  -30.732422744    7.067207429
    2.760793544   -2.094395102  -39.359932119  -41.879466723   10.476902909
    2.951193099   -2.094395102  -47.715879917  -44.508100494   13.349560691

   -3.141592654   -1.745329252  -52.094361109  -37.296699214    7.632719533
   -2.951193099   -1.745329252  -58.242978169  -26.613740265    7.675949400
   -2.760793544   -1.745329252  -62.005734397  -12.824989876    7.372844145
   -2.570393989   -1.745329252  -63.169739235    0.111691130    6.914546514
   -2.379994435   -1.745329252  -62.218668079    9.035027818    6.351563345
   -2.189594880   -1.745329252  -60.066244147   12.708041534    5.571570848
   -1.999195325   -1.745329252  -57.658806943   12.010182616    4.379083115
   -1.808795770   -1.745329252  -55.627970685    9.182214739    2.613151270
   -1.618396215   -1.745329252  -54.141914239    6.644209908    0.242189117
   -1.427996661   -1.745329252  -52.974550697    5.994981263   -2.606063042
   -1.237597106   -1.745329252  -51.718368543    7.527316340   -5.674122305
   -1.047197551   -1.745329252  -50.025175289   10.357424274   -8.637336336
   -0.856797996   -1.745329252  -47.784444881   12.932135023  -11.184895641
   -0.666398442   -1.745329252  -45.211134558   13.523907589  -13.094229640
   -0.475998887   -1.745329252  -42.842949205   10.533195435  -14.275324795
   -0.285599332   -1.745329252  -41.486912438    2.803246961  -14.804017865
   -0.095199777   -1.745329252  -42.081179538   -9.852873032  -14.887366572
    0.095199777   -1.745329252  -45.436348610  -25.708212701  -14.803984327
    0.285599332   -1.745329252  -51.804794838  -40.604524898  -14.789322868
    0.475998887   -1.745329252  -60.450261097  -48.582825070  -14.944626623
    0.666398442   -1.745329252  -69.501532070  -44.180860707  -15.187695981
    0.856797996   -1.745329252  -76.352528440  -25.619806417  -15.289006627
    1.047197551   -1.745329252  -78.588836987    3.174977898  -14.957448590
    1.237597106   -1.745329252  -75.033021738   33.564682721  -13.980657285
    1.427996661   -1.745329252  -66.316467917   55.945286791  -12.298250608
    1.618396215   -1.745329252  -54.640055870   64.070893122  -10.019050318
    1.808795770   -1.745329252  -42.877348723   57.168675951   -7.343416762
    1.999195325   -1.745329252  -33.571902821   39.178230950   -4.477040731
    2.189594880   -1.745329252  -28.283914214   15.982010328   -1.581573436
    2.379994435   -1.745329252  -27.464286703   -6.971444467    1.199449850
    2.570393989   -1.745329252  -30.665204806  -25.708186912    3.690967881
    2.760793544   -1.745329252  -36.818419524  -37.684675535    5.685417157
    2.951193099   -1.745329252  -44.487043500  -41.532043876    7.011253829

   -3.141592654   -1.396263402  -52.374227449  -39.037877177    4.691411543
   -2.951193099   -1.396263402  -58.865342356  -28.363454725    4.076690821
   -2.760793544   -1.396263402  -62.915949845  -14.052199541    3.200484107
   -2.570393989   -1.396263402  -64.252874802   -0.516768832    2.216702372
   -2.379994435   -1.396263402  -63.397780531    8.540305509    1.098874598
   -2.189594880   -1.396263402  -61.389221757   11.552218787   -0.357138485
   -1.999195325   -1.396263402  -59.325298084    9.462171092   -2.402414827
   -1.808795770   -1.396263402  -57.939959812    4.951463697   -5.159204742
   -1.618396215   -1.396263402  -57.398642125    1.058778589   -8.494332409
   -1.427996661   -1.396263402  -57.358303162   -0.079842413  -12.017475189
   -1.237597106   -1.396263402  -57.218097326    2.071806427  -15.203326151
   -1.047197551   -1.396263402  -56.424610888    6.504706492  -17.567734458
   -0.856797996   -1.396263402  -54.716271966   11.240816315  -18.825267327
   -0.666398442   -1.396263402  -52.252459222   14.022743943  -18.953952749
   -0.475998887   -1.396263402  -49.613377476   12.763952614  -18.161917039
   -0.285599332   -1.396263402  -47.727018880    6.001274337  -16.803974707
   -0.095199777   -1.396263402  -47.689961861   -6.563302360  -15.262572785
    0.095199777   -1.396263402  -50.473208696  -23.099406869  -13.869557030
    0.285599332   -1.396263402  -56.452576431  -39.176757601  -12.821042499
    0.475998887   -1.396263402  -64.949768604  -48.428954419  -12.150287629
    0.666398442   -1.396263402  -74.067257470  -44.935859388  -11.732449589
    0.856797996   -1.396263402  -81.091559666  -26.547159218  -11.345150304
    1.047197551   -1.396263402  -83.451050955    2.934136277  -10.744185654
    1.237597106   -1.396263402  -79.819029774   34.674596244   -9.764837490
    1.427996661   -1.396263402  -70.740384445   58.618516040   -8.359344381
    1.618396215   -1.396263402  -58.423754238   68.034003048   -6.597967518
    1.808795770   -1.396263402  -45.829671256   61.815405612   -4.609541942
    1.999195325   -1.396263402  -35.628427558   43.824989107   -2.524382070
    2.189594880   -1.396263402  -29.503562428   20.033794687   -0.451610410
    2.379994435   -1.396263402  -28.005961906   -3.968859520    1.490138596
    2.570393989   -1.396263402  -30.760342580  -24.059113549    3.137178407
    2.760793544   -1.396263402  -36.738098275  -37.483034317    4.294302617
    2.951193099   -1.396263402  -44.492487218  -42.568723066    4.814747338

   -3.141592654   -1.047197551  -54.095859383  -42.168903335    4.163759113
   -2.951193099   -1.047197551  -61.178456551  -31.347531633    2.718840754
   -2.760793544   -1.047197551  -65.743064726  -16.431140049    0.984653884
   -2.570393989   -1.047197551  -67.472172818   -2.309748516   -0.838658162
   -2.379994435   -1.047197551  -66.943135514    6.782647587   -2.743808301
   -2.189594880   -1.047197551  -65.330117600    9.024632486   -4.927326046
   -1.999195325   -1.047197551  -63.871413417    5.578016794   -7.641421811
   -1.808795770   -1.047197551  -63.356693624   -0.235160243  -10.969659350
   -1.618396215   -1.047197551  -63.867915677   -4.619587262  -14.660136190
   -1.427996661   -1.047197551  -64.854698464   -4.960229301  -18.140741585
   -1.237597106   -1.047197551  -65.466388582   -0.767660537  -20.722129160
   -1.047197551   -1.047197551  -64.958817925    6.394349780  -21.878552526
   -0.856797996   -1.047197551  -63.013095330   13.764830036  -21.461907436
   -0.666398442   -1.047197551  -59.873864653   18.421341498  -19.735610624
   -0.475998887   -1.047197551  -56.303867469   17.943807203  -17.238478709
   -0.285599332   -1.047197551  -53.442523132   10.905327334  -14.572066310
   -0.095199777   -1.047197551  -52.563059686   -2.723700444  -12.190999000
    0.095199777   -1.047197551  -54.749578116  -20.699669335  -10.308561772
    0.285599332   -1.047197551  -60.408995687  -38.175673786   -8.881263785
    0.475998887   -1.047197551  -68.818898170  -48.421669696   -7.709303333
    0.666398442   -1.047197551  -77.978976164  -45.281429402   -6.568826892
    0.856797996   -1.047197551  -85.046247332  -26.556233999   -5.334538960
    1.047197551   -1.047197551  -87.330316838    3.782354948   -4.013378507
    1.237597106   -1.047197551  -83.435319303   36.579816877   -2.704138939
    1.427996661   -1.047197551  -73.902720286   61.418949257   -1.497513955
    1.618396215   -1.047197551  -60.998790913   71.313892033   -0.411805738
    1.808795770   -1.047197551  -47.774488547   65.068698962    0.614367082
    1.999195325   -1.047197551  -36.992123404   46.607177379    1.667978748
    2.189594880   -1.047197551  -30.409504536   22.007692602    2.786409420
    2.379994435   -1.047197551  -28.633604803   -3.056764798    3.896384399
    2.570393989   -1.047197551  -31.330475154  -24.388268596    4.806434196
    2.760793544   -1.047197551  -37.493146984  -39.079273479    5.262053249
    2.951193099   -1.047197551  -45.655924810  -45.196175524    5.062071629

   -3.141592654   -0.698131701  -54.186863629  -45.690878706    2.345808548
   -2.951193099   -0.698131701  -61.990985870  -35.317964987    0.049927142
   -2.760793544   -0.698131701  -67.317256267  -20.402419380   -2.533029858
   -2.570393989   -0.698131701  -69.787020323   -6.126456362   -5.153086119
   -2.379994435   -0.698131701  -69.986934876    2.872815498   -7.746764052
   -2.189594880   -0.698131701  -69.165130302    4.547142369  -10.461896098
   -1.999195325   -0.698131701  -68.640233921    0.236248484  -13.497789494
   -1.808795770   -0.698131701  -69.208487049   -6.161948409  -16.852376797
   -1.618396215   -0.698131701  -70.832532675  -10.172758485  -20.149744876
   -1.427996661   -0.698131701  -72.736285470   -8.810111084  -22.700994736
   -1.237597106   -0.698131701  -73.825384345   -1.787363543  -23.790834330
   -1.047197551   -0.698131701  -73.203526101    8.606027920  -23.025622313
   -0.856797996   -0.698131701  -70.563411637   18.691431826  -20.543040870
   -0.666398442   -0.698131701  -66.321077046   24.841299933  -16.956824657
   -0.475998887   -0.698131701  -61.502182816   24.401693024  -13.096875107
   -0.285599332   -0.698131701  -57.505874984   16.212838371   -9.678496588
   -0.095199777   -0.698131701  -55.778218277    0.829173328   -7.046294816
    0.095199777   -0.698131701  -57.453114766  -18.812877429   -5.113136891
    0.285599332   -0.698131701  -62.865272100  -37.332956526   -3.466265771
    0.475998887   -0.698131701  -71.146797210  -47.779370329   -1.637042529
    0.666398442   -0.698131701  -80.144862534  -44.146459403    0.618766318
    0.856797996   -0.698131701  -86.920924045  -24.637757063    3.156771610
    1.047197551   -0.698131701  -88.772812401    6.331911855    5.516045896
    1.237597106   -0.698131701  -84.363074323   39.349561495    7.180571220
    1.427996661   -0.698131701  -74.315119297   63.998673443    7.876810774
    1.618396215   -0.698131701  -60.957492996   73.476847492    7.706584532
    1.808795770   -0.698131701  -47.364259479   66.787955708    7.056009595
    1.999195325   -0.698131701  -36.291781294   47.944465931    6.367530844
    2.189594880   -0.698131701  -29.489618097   22.964265690    5.920890670
    2.379994435   -0.698131701  -27.578724818   -2.632268221    5.730170782
    2.570393989   -0.698131701  -30.267418696  -24.777821188    5.575258229
    2.760793544   -0.698131701  -36.603905705  -40.546980175    5.120299466
    2.951193099   -0.698131701  -45.156348204  -47.809878446    4.079210154

   -3.141592654   -0.349065850  -53.745998676  -49.996845754    0.699756647
   -2.951193099   -0.349065850  -62.450630716  -40.365058234   -1.828223191
   -2.760793544   -0.349065850  -68.763903549  -25.622957270   -4.571390162
   -2.570393989   -0.349065850  -72.210632567  -11.130201799   -7.315377788
   -2.379994435   -0.349065850  -73.339017112   -1.906273608   -9.986982334
   -2.189594880   -0.349065850  -73.426545641   -0.272378343  -12.667198406
   -1.999195325   -0.349065850  -73.838013453   -4.767518220  -15.444132230
   -1.808795770   -0.349065850  -75.351286236  -10.963468469  -18.194098218
   -1.618396215   -0.349065850  -77.795399692  -13.779886703  -20.462860126
   -1.427996661   -0.349065850  -80.175215006  -10.009915214  -21.582000503
   -1.237597106   -0.349065850  -81.194328623    0.218572032  -20.988032997
   -1.047197551   -0.349065850  -79.885646253   13.706998323  -18.553389721
   -0.856797996   -0.349065850  -76.059254449   25.807630972  -14.720459658
   -0.666398442   -0.349065850  -70.399239651   32.327967316  -10.340308006
   -0.475998887   -0.349065850  -64.246399630   30.704145518   -6.324674169
   -0.285599332   -0.349065850  -59.239477354   20.451935122   -3.268279515
   -0.095199777   -0.349065850  -56.902190289    3.077553150   -1.228298709
    0.095199777   -0.349065850  -58.269513056  -17.626886774    0.253577777
    0.285599332   -0.349065850  -63.453045196  -35.903395013    1.902037301
    0.475998887   -0.349065850  -71.351043521  -45.067919025    4.308892639
    0.666398442   -0.349065850  -79.684444485  -39.936903844    7.578767384
    0.856797996   -0.349065850  -85.567019024  -19.664837516   11.203360559
    1.047197551   -0.349065850  -86.499720010   10.770929295   14.280964940
    1.237597106   -0.349065850  -81.390238931   42.110042965   15.972780510
    1.427996661   -0.349065850  -71.016653867   64.662201027   15.931347701
    1.618396215   -0.349065850  -57.704572351   72.462050936   14.434585449
    1.808795770   -0.349065850  -44.394629220   64.992668912   12.176181158
    1.999195325   -0.349065850  -33.669220241   46.206423112    9.887183626
    2.189594880   -0.349065850  -27.156559991   21.680842098    8.021978776
    2.379994435   -0.349065850  -25.454322874   -3.600004392    6.652445274
    2.570393989   -0.349065850  -28.336837990  -25.948013167    5.552237602
    2.760793544   -0.349065850  -34.963710884  -42.517696707    4.366813203
    2.951193099   -0.349065850  -44.000438966  -50.963628062    2.793222604

   -3.141592654    0.000000000  -53.691007494  -54.086785170   -1.201354948
   -2.951193099    0.000000000  -63.232504701  -44.989711021   -3.467079922
   -2.760793544    0.000000000  -70.450699703  -30.431480402   -5.815242472
   -2.570393989    0.000000000  -74.808745110  -15.864127067   -8.118906987
   -2.379994435    0.000000000  -76.826202691   -6.519006625  -10.345103560
   -2.189594880    0.000000000  -77.784913346   -4.808604183  -12.539912184
   -1.999195325    0.000000000  -79.042273719   -9.048221327  -14.694601681
   -1.808795770    0.000000000  -81.297933933  -14.325776491  -16.582735260
   -1.618396215    0.000000000  -84.212134372  -15.162860232  -17.719225419
   -1.427996661    0.000000000  -86.586108093   -8.440092746  -17.532242867
   -1.237597106    0.000000000  -86.995746437    5.013569553  -15.681076739
   -1.047197551    0.000000000  -84.518609655   20.969166341  -12.315642019
   -0.856797996    0.000000000  -79.197263853   33.941790814   -8.096506403
   -0.666398442    0.000000000  -72.050848136   39.528257056   -3.930781001
   -0.475998887    0.000000000  -64.723423295   35.704953737   -0.589433400
   -0.285599332    0.000000000  -59.000501400   23.024016744    1.633140623
   -0.095199777    0.000000000  -56.342468886    4.089239679    3.026058509
    0.095199777    0.000000000  -57.542947700  -16.601950086    4.323164518
    0.285599332    0.000000000  -62.401964357  -33.307909453    6.345510259
    0.475998887    0.000000000  -69.585437980  -40.136783136    9.566204375
    0.666398442    0.000000000  -76.786737878  -33.185039965   13.792979910
    0.856797996    0.000000000  -81.334400440  -12.750150210   18.153045111
    1.047197551    0.000000000  -81.097183712   15.816133689   21.446397828
    1.237597106    0.000000000  -75.325725209   43.874938085   22.712936509
    1.427996661    0.000000000  -64.951919530   62.990475344   21.682617684
    1.618396215    0.000000000  -52.211853625   68.367903401   18.850033437
    1.808795770    0.000000000  -39.791021180   60.007883565   15.156325059
    1.999195325    0.000000000  -29.993660178   41.608373256   11.519712647
    2.189594880    0.000000000  -24.266829835   18.059315246    8.489497840
    2.379994435    0.000000000  -23.165359410   -6.350180144    6.165120584
    2.570393989    0.000000000  -26.528954433  -28.354945572    4.329755426
    2.760793544    0.000000000  -33.630200850  -45.186618659    2.650785214
    2.951193099    0.000000000  -43.234867350  -54.304384796    0.850734656

   -3.141592654    0.349065850  -53.081099572  -56.305835410   -1.611930209
   -2.951193099    0.349065850  -63.098709815  -47.758117394   -2.830516675
   -2.760793544    0.349065850  -70.898087649  -33.737427917   -4.024409521
   -2.570393989    0.349065850  -75.929265380  -19.599838510   -5.252926295
   -2.379994435    0.349065850  -78.687103633  -10.528993251   -6.579509533
   -2.189594880    0.349065850  -80.416510124   -8.834602794   -8.024007765
   -1.999195325    0.349065850  -82.405563932  -12.597809848   -9.479619172
   -1.808795770    0.349065850  -85.231808578  -16.619694885  -10.656032555
   -1.618396215    0.349065850  -88.393036017  -15.329756825  -11.126139554
   -1.427996661    0.349065850  -90.548649881   -5.941293512  -10.500193114
   -1.237597106    0.349065850  -90.237763395    9.972805935   -8.656123855
   -1.047197551    0.349065850  -86.657926873   27.356196783   -5.870234941
   -0.856797996    0.349065850  -80.102925720   40.256731575   -2.745780322
   -0.666398442    0.349065850  -71.872154352   44.428874915    0.056526479
   -0.475998887    0.349065850  -63.800372722   38.612427578    2.119968277
   -0.285599332    0.349065850  -57.686056939   24.379040283    3.491288178
   -0.095199777    0.349065850  -54.819015783    5.188528427    4.663646827
    0.095199777    0.349065850  -55.706397996  -14.160020320    6.374555375
    0.285599332    0.349065850  -59.873304152  -28.365453049    9.240571422
    0.475998887    0.349065850  -65.861533383  -32.635199154   13.398450825
    0.666398442    0.349065850  -71.482820584  -24.418812118   18.309106090
    0.856797996    0.349065850  -74.415155562   -4.972646686   22.868458213
    1.047197551    0.349065850  -72.975489770   20.341250273   25.828501847
    1.237597106    0.349065850  -66.763384606   43.893151404   26.350739339
    1.427996661    0.349065850  -56.806196976   58.774714967   24.367129595
    1.618396215    0.349065850  -45.157584987   61.446195503   20.557636730
    1.808795770    0.349065850  -34.154569626   52.358295191   15.971935527
    1.999195325    0.349065850  -25.751322833   34.817751822   11.558934896
    2.189594880    0.349065850  -21.167522833   12.900093366    7.866713979
    2.379994435    0.349065850  -20.888354856   -9.877075595    5.012112074
    2.570393989    0.349065850  -24.803589518  -30.721072718    2.843690448
    2.760793544    0.349065850  -32.294110657  -47.013870668    1.132196364
    2.951193099    0.349065850  -42.240524956  -56.143195709   -0.312575274

   -3.141592654    0.698131701  -52.347731984  -57.048707708   -1.892470253
   -2.951193099    0.698131701  -62.520907028  -48.663289181   -1.953660968
   -2.760793544    0.698131701  -70.524714226  -34.982245999   -1.862959474
   -2.570393989    0.698131701  -75.831345084  -21.240759553   -1.844410824
   -2.379994435    0.698131701  -78.934751929  -12.494819917   -2.062910422
   -2.189594880    0.698131701  -81.054222571  -10.917629984   -2.559378341
   -1.999195325    0.698131701  -83.423916528  -14.438451549   -3.223988099
   -1.808795770    0.698131701  -86.540060358  -17.738840417   -3.823115478
   -1.618396215    0.698131701  -89.808883710  -15.278205446   -4.083472872
   -1.427996661    0.698131701  -91.825178326   -4.532458688   -3.805211858
   -1.237597106    0.698131701  -91.132638192   12.485516250   -2.960367892
   -1.047197551    0.698131701  -87.018356509   30.316942705   -1.712195423
   -0.856797996    0.698131701  -79.919682041   42.888199400   -0.331878514
   -0.666398442    0.698131701  -71.263505064   46.226789264    0.963753620
   -0.475998887    0.698131701  -62.926679918   39.680342633    2.150499273
   -0.285599332    0.698131701  -56.621563728   25.484594047    3.475616013
   -0.095199777    0.698131701  -53.446330886    7.531720179    5.370116284
    0.095199777    0.698131701  -53.678974933   -9.482519899    8.273097913
    0.285599332    0.698131701  -56.693118497  -20.957007769   12.356814465
    0.475998887    0.698131701  -61.059512245  -23.239248649   17.317731266
    0.666398442    0.698131701  -64.844139075  -14.910759870   22.333171908
    0.856797996    0.698131701  -66.146654941    2.232637171   26.275686295
    1.047197551    0.698131701  -63.718957189   23.271942437   28.119984882
    1.237597106    0.698131701  -57.422596038   41.867784786   27.381482923
    1.427996661    0.698131701  -48.266027028   52.651157676   24.306096916
    1.618396215    0.698131701  -38.027779254   53.117044609   19.732078395
    1.808795770    0.698131701  -28.654693262   43.872717832   14.695515295
    1.999195325    0.698131701  -21.760234958   27.623280243   10.029115119
    2.189594880    0.698131701  -18.370773266    7.576338698    6.166343082
    2.379994435    0.698131701  -18.931370811  -13.429500497    3.184765993
    2.570393989    0.698131701  -23.387086279  -32.925068679    0.988243964
    2.760793544    0.698131701  -31.206724038  -48.342640433   -0.535495403
    2.951193099    0.698131701  -41.356542159  -57.006932042   -1.466511579

   -3.141592654    1.047197551  -53.814909520  -57.245233307   -6.406253961
   -2.951193099    1.047197551  -63.946256259  -48.063607562   -5.854766285
   -2.760793544    1.047197551  -71.792147742  -33.986226667   -4.812118473
   -2.570393989    1.047197551  -76.906384849  -20.276662383   -3.623980993
   -2.379994435    1.047197551  -79.855036082  -11.867371879   -2.584023279
   -2.189594880    1.047197551  -81.895774364  -10.712592080   -1.845824133
   -1.999195325    1.047197551  -84.257837663  -14.525237280   -1.416568568
   -1.808795770    1.047197551  -87.398523312  -17.864198882   -1.215512969
   -1.618396215    1.047197551  -90.675098200  -15.203898491   -1.147109277
   -1.427996661    1.047197551  -92.648164743   -4.154690173   -1.136531702
   -1.237597106    1.047197551  -91.857612578   13.107743390   -1.122982504
   -1.047197551    1.047197551  -87.612001112   31.038827698   -1.030598859
   -0.856797996    1.047197551  -80.372834271   43.642415603   -0.743211521
   -0.666398442    1.047197551  -71.559488086   47.171232063   -0.092339380
   -0.475998887    1.047197551  -62.990234582   41.284439086    1.125757819
   -0.285599332    1.047197551  -56.263827414   28.419596935    3.144010738
   -0.095199777    1.047197551  -52.350891929   12.429248087    6.148612988
    0.095199777    1.047197551  -51.443379117   -2.424956129   10.192797002
    0.285599332    1.047197551  -52.944250302  -12.283458241   15.041717938
    0.475998887    1.047197551  -55.607555516  -14.314281733   20.096661338
    0.666398442    1.047197551  -57.816968524   -7.615756972   24.453296845
    0.856797996    1.047197551  -58.030483120    6.125071701   27.157536225
    1.047197551    1.047197551  -55.269574181   22.819699119   27.540556723
    1.237597106    1.047197551  -49.461921011   37.330563051   25.510611891
    1.427996661    1.047197551  -41.459810368   45.342118498   21.570395871
    1.618396215    1.047197551  -32.739394732   44.769937369   16.593256078
    1.808795770    1.047197551  -24.933220266   35.948203063   11.458971669
    1.999195325    1.047197551  -19.439780967   20.896582415    6.765407850
    2.189594880    1.047197551  -17.203083919    2.176045863    2.758936859
    2.379994435    1.047197551  -18.679559671  -17.687120712   -0.548402147
    2.570393989    1.047197551  -23.851052487  -36.196976106   -3.184147145
    2.760793544    1.047197551  -32.201474977  -50.629629335   -5.099360334
    2.951193099    1.047197551  -42.687810501  -58.235027424   -6.189043143

   -3.141592654    1.396263402  -58.517054537  -57.459564547  -11.488696074
   -2.951193099    1.396263402  -68.486295794  -46.207070869  -10.721237544
   -2.760793544    1.396263402  -75.829188764  -30.685526739   -9.208812259
   -2.570393989    1.396263402  -80.246366554  -16.397119983   -7.338206951
   -2.379994435    1.396263402  -82.464973227   -8.188279956   -5.440982942
   -2.189594880    1.396263402  -83.866735613   -7.739462584   -3.704028046
   -1.999195325    1.396263402  -85.750095363  -12.491431589   -2.193511141
   -1.808795770    1.396263402  -88.599755554  -16.847636552   -0.940219636
   -1.618396215    1.396263402  -91.779590576  -15.198361995    0.002353875
   -1.427996661    1.396263402  -93.838125703   -5.027070698    0.585620875
   -1.237597106    1.396263402  -93.269024911   11.725421467    0.846611031
   -1.047197551    1.396263402  -89.285634510   29.776333800    0.962453752
   -0.856797996    1.396263402  -82.211948478   43.292726312    1.227210015
   -0.666398442    1.396263402  -73.317431137   48.471206288    1.966547595
   -0.475998887    1.396263402  -64.300882018   44.742201656    3.433424036
   -0.285599332    1.396263402  -56.696179003   34.171637345    5.762721696
   -0.095199777    1.396263402  -51.488322054   20.197273597    8.920308224
    0.095199777    1.396263402  -48.967124095    6.584245066   12.681551782
    0.285599332    1.396263402  -48.729667546   -3.278439914   16.577520576
    0.475998887    1.396263402  -49.800775887   -6.865391205   19.936357532
    0.666398442    1.396263402  -50.859433283   -3.179253453   22.028934783
    0.856797996    1.396263402  -50.591427567    6.669544889   22.327597541
    1.047197551    1.396263402  -48.100089733   19.539827030   20.707443763
    1.237597106    1.396263402  -43.211156986   31.169920508   17.526311500
    1.427996661    1.396263402  -36.545095038   37.704147426   13.445835227
    1.618396215    1.396263402  -29.315626846   36.917760720    9.155979469
    1.808795770    1.396263402  -22.961968831   28.600861480    5.117876091
    1.999195325    1.396263402  -18.805931205   14.176480987    1.476545059
    2.189594880    1.396263402  -17.804479900   -4.117116745   -1.837320134
    2.379994435    1.396263402  -20.450115500  -23.667790706   -4.910023921
    2.570393989    1.396263402  -26.714547441  -41.617549047   -7.676001688
    2.760793544    1.396263402  -35.998973758  -54.893989504   -9.886733801
    2.951193099    1.396263402  -47.133509164  -60.666761272  -11.224101500

   -3.141592654    1.745329252  -64.618305446  -57.840940150  -16.679342892
   -2.951193099    1.745329252  -74.441319813  -44.356652595  -16.116138517
   -2.760793544    1.745329252  -81.263794230  -27.199154833  -14.484600281
   -2.570393989    1.745329252  -84.926314696  -12.093153416  -12.130253525
   -2.379994435    1.745329252  -86.307120832   -3.796002714   -9.388246020
   -2.189594880    1.745329252  -86.905218731   -3.754646797   -6.487626039
   -1.999195325    1.745329252  -88.093559742   -9.216562763   -3.580197372
   -1.808795770    1.745329252  -90.403793639  -14.486034045   -0.829559483
   -1.618396215    1.745329252  -93.229642410  -13.848784834    1.540431087
   -1.427996661    1.745329252  -95.119424336   -4.566210330    3.309965041
   -1.237597106    1.745329252  -94.512432824   11.753000535    4.396342651
   -1.047197551    1.745329252  -90.507378592   30.096947942    4.947816837
   -0.856797996    1.745329252  -83.280861151   44.685656223    5.316150972
   -0.666398442    1.745329252  -73.972154471   51.477862069    5.916839727
   -0.475998887    1.745329252  -64.214629692   49.502362917    7.052398227
   -0.285599332    1.745329252  -55.557657139   40.370359403    8.815419057
   -0.095199777    1.745329252  -49.086598897   27.118256820   11.043990522
    0.095199777    1.745329252  -45.261560571   13.152629968   13.361530730
    0.285599332    1.745329252  -43.906695316    1.673287040   15.228905378
    0.475998887    1.745329252  -44.282599877   -4.678242142   16.087604669
    0.666398442    1.745329252  -45.241927995   -4.346623527   15.544700290
    0.856797996    1.745329252  -45.501790343    2.411827136   13.568399016
    1.047197551    1.745329252  -44.033211863   13.288798414   10.519803991
    1.237597106    1.745329252  -40.409243433   24.363615360    7.035198026
    1.427996661    1.745329252  -34.994452745   31.503989515    3.724882530
    1.618396215    1.745329252  -28.846772741   31.758460381    0.924836246
    1.808795770    1.745329252  -23.395286163   24.187877436   -1.403430486
    1.999195325    1.745329252  -20.061694850    9.836069008   -3.568570733
    2.189594880    1.745329252  -19.927476751   -8.943233469   -5.918566656
    2.379994435    1.745329252  -23.548930794  -29.048331273   -8.610585556
    2.570393989    1.745329252  -30.853419613  -47.026170117  -11.487289935
    2.760793544    1.745329252  -41.099805665  -59.411298437  -14.118859318
    2.951193099    1.745329252  -52.935692323  -63.373716714  -15.979059789

   -3.141592654    2.094395102  -71.212548171  -58.620342616  -17.797235914
   -2.951193099    2.094395102  -80.959682417  -42.830390609  -17.302959378
   -2.760793544    2.094395102  -87.304036563  -23.809152885  -15.669488106
   -2.570393989    2.094395102  -90.194897515   -7.490500736  -13.171152123
   -2.379994435    2.094395102  -90.631086230    1.438324888  -10.080498317
   -2.189594880    2.094395102  -90.206944938    1.686161202   -6.575724719
   -1.999195325    2.094395102  -90.367501979   -3.922409858   -2.782553761
   -1.808795770    2.094395102  -91.714199338   -9.730899497    1.113687040
   -1.618396215    2.094395102  -93.717741746  -10.027845131    4.798061504
   -1.427996661    2.094395102  -94.987702887   -1.892595998    7.887908581
   -1.237597106    2.094395102  -93.970047135   13.444831289   10.093773167
   -1.047197551    2.094395102  -89.694423674   31.349392620   11.366157246
   -0.856797996    2.094395102  -82.214423293   46.198707239   11.920775775
   -0.666398442    2.094395102  -72.548517440   53.759402779   12.119468845
   -0.475998887    2.094395102  -62.272359033   52.633365258   12.279769236
   -0.285599332    2.094395102  -52.967770768   43.926659635   12.529584512
   -0.095199777    2.094395102  -45.841553199   30.283391231   12.734046249
    0.095199777    2.094395102  -41.530779674   14.914339074   12.545461001
    0.285599332    2.094395102  -40.047102196    1.140208953   11.523368066
    0.475998887    2.094395102  -40.781131268   -7.921311125    9.352822276
    0.666398442    2.094395102  -42.594749662   -9.936128733    6.049989309
    0.856797996    2.094395102  -44.057635541   -4.395390818    2.071878598
    1.047197551    2.094395102  -43.880210521    6.795855494   -1.819958643
    1.237597106    2.094395102  -41.356924359   19.449291143   -4.860953018
    1.427996661    2.094395102  -36.682347388   28.637473355   -6.649554542
    1.618396215    2.094395102  -30.917315601   30.459167783   -7.314615103
    1.808795770    2.094395102  -25.650135249   23.346315853   -7.421079589
    1.999195325    2.094395102  -22.529669184    8.272486770   -7.676952561
    2.189594880    2.094395102  -22.825007409  -11.948851313   -8.618906815
    2.379994435    2.094395102  -27.160783553  -33.472020215  -10.406033407
    2.570393989    2.094395102  -35.388497993  -52.124899509  -12.784364448
    2.760793544    2.094395102  -46.580605867  -64.033297671  -15.205160750
    2.951193099    2.094395102  -59.160868201  -66.408368847  -17.036390193

   -3.141592654    2.443460953  -77.090965566  -59.450272064  -11.634856622
   -2.951193099    2.443460953  -86.810641662  -41.741050762  -10.510933325
   -2.760793544    2.443460953  -92.777472842  -20.991840380   -8.585196632
   -2.570393989    2.443460953  -94.991497915   -3.250862221   -6.112700606
   -2.379994435    2.443460953  -94.503479631    6.877157292   -3.286200332
   -2.189594880    2.443460953  -92.941290612    8.171414273   -0.148395363
   -1.999195325    2.443460953  -91.785832463    3.351952997    3.338756378
   -1.808795770    2.443460953  -91.712077311   -2.200846272    7.127314235
   -1.618396215    2.443460953  -92.317909529   -3.018991168   10.948688281
   -1.427996661    2.443460953  -92.365348753    3.823758707   14.336183014
   -1.237597106    2.443460953  -90.420604080   17.424592561   16.804349862
   -1.047197551    2.443460953  -85.552896806   33.629304335   18.069385518
   -0.856797996    2.443460953  -77.767695647   47.206100918   18.166305639
   -0.666398442    2.443460953  -67.988309859   54.010134160   17.382390556
   -0.475998887    2.443460953  -57.709233297   52.424863222   16.064748400
   -0.285599332    2.443460953  -48.493132579   43.146749938   14.418201773
   -0.095199777    2.443460953  -41.607041232   28.430654607   12.392932216
    0.095199777    2.443460953  -37.804540983   11.312675397    9.736095665
    0.285599332    2.443460953  -37.213457965   -4.674398198    6.170043322
    0.475998887    2.443460953  -39.259394981  -15.793391016    1.655685427
    0.666398442    2.443460953  -42.694980301  -18.855021123   -3.422571510
    0.856797996    2.443460953  -45.827493073  -12.704852568   -8.265430422
    1.047197551    2.443460953  -47.036965417    0.790663772  -11.938039965
    1.237597106    2.443460953  -45.353373618   16.709115445  -13.777272093
    1.427996661    2.443460953  -40.897226800   28.953203889  -13.716831010
    1.618396215    2.443460953  -34.874650233   32.586900166  -12.308607215
    1.808795770    2.443460953  -29.163975080   25.609237544  -10.452516484
    1.999195325    2.443460953  -25.717707397    9.255028668   -9.002182795
    2.189594880    2.443460953  -26.009683857  -12.932120367   -8.467137034
    2.379994435    2.443460953  -30.714477048  -36.271713399   -8.900397927
    2.570393989    2.443460953  -39.587972601  -55.934453449   -9.968808125
    2.760793544    2.443460953  -51.514667223  -67.744060879  -11.123489630
    2.951193099    2.443460953  -64.708560380  -68.998046261  -11.805885259

   -3.141592654    2.792526803  -79.954814685  -58.448573396    0.828161158
   -2.951193099    2.792526803  -89.364024427  -39.533103668    2.771947547
   -2.760793544    2.792526803  -94.815149400  -17.846450539    4.726063409
   -2.570393989    2.792526803  -96.364875122    0.542062252    6.574120872
   -2.379994435    2.792526803  -95.102425581   11.223294442    8.402617712
   -2.189594880    2.792526803  -92.651214720   13.191381232   10.485944181
   -1.999195325    2.792526803  -90.463886538    9.175258312   13.109346594
   -1.808795770    2.792526803  -89.213915585    4.267260031   16.328799296
   -1.618396215    2.792526803  -88.570493465    3.499851554   19.820893150
   -1.427996661    2.792526803  -87.442190135    9.494631605   22.943292067
   -1.237597106    2.792526803  -84.568262127   21.393455213   24.990808837
   -1.047197551    2.792526803  -79.148720170   35.422506339   25.496587641
   -0.856797996    2.792526803  -71.230224244   46.849462988   24.411969245
   -0.666398442    2.792526803  -61.695521933   51.861545830   22.053180039
   -0.475998887    2.792526803  -51.965049851   48.854491434   18.890020869
   -0.285599332    2.792526803  -43.552297993   38.272324279   15.284557157
   -0.095199777    2.792526803  -37.730114960   22.091290644   11.350820179
    0.095199777    2.792526803  -35.291903978    3.300561433    6.990038388
    0.285599332    2.792526803  -36.378456205  -14.211258357    2.085690868
    0.475998887    2.792526803  -40.326322681  -26.032774735   -3.244283102
    0.666398442    2.792526803  -45.663403103  -28.291505765   -8.502054800
    0.856797996    2.792526803  -50.377309018  -19.595139502  -12.886298011
    1.047197551    2.792526803  -52.550672219   -2.299439667  -15.596095659
    1.237597106    2.792526803  -51.072120565   17.577303394  -16.216215725
    1.427996661    2.792526803  -46.148783608   32.746241898  -14.933396039
    1.618396215    2.792526803  -39.262355265   37.561526552  -12.449213577
    1.808795770    2.792526803  -32.632262238   30.055099057   -9.645374131
    1.999195325    2.792526803  -28.483746248   12.079528977   -7.210853474
    2.189594880    2.792526803  -28.420488715  -11.999544316   -5.440180959
    2.379994435    2.792526803  -33.099915241  -36.825104422   -4.241309098
    2.570393989    2.792526803  -42.159186508  -57.184777704   -3.297976493
    2.760793544    2.792526803  -54.320876625  -68.825827642   -2.260034988
    2.951193099    2.792526803  -67.646478101  -69.216663000   -0.897308843
