#! FIELDS phi psi file.free der_phi der_psi
#! SET min_phi -pi
#! SET max_phi pi
#! SET nbins_phi  33
#! SET periodic_phi true
#! SET min_psi -pi
#! SET max_psi pi
#! SET nbins_psi  18
#! SET periodic_psi true
   -3.141592654   -3.141592654  -72.050628088  -54.366457515   13.986913276
   -2.951193099   -3.141592654  -80.790700748  -36.607118693   16.816711042
   -2.760793544   -3.141592654  -85.786427252  -15.939164124   18.866990568
   -2.570393989   -3.141592654  -87.034617709    1.908096721   20.125128112
   -2.379994435   -3.141592654  -85.507337706   12.772940394   20.901461804
   -2.189594880   -3.141592654  -82.682530862   15.679657069   21.711486278
   -1.999195325   -3.141592654  -79.890416623   13.076039643   23.016007456
   -1.808795770   -3.141592654  -77.766052985    9.478588454   24.944865307
   -1.618396215   -3.141592654  -76.064430475    9.216747392   27.163461199
   -1.427996661   -3.141592654  -73.903077839   14.390434539   28.974040735
   -1.237597106   -3.141592654  -70.290987242   24.042370200   29.619159902
   -1.047197551   -3.141592654  -64.668239503   34.810716506   28.613003659
   -0.856797996   -3.141592654  -57.206212135   42.693823101   25.935689449
   -0.666398442   -3.141592654  -48.769820714   44.614904629   21.978040818
   -0.475998887   -3.141592654  -40.645144189   39.406954196   17.321110685
   -0.285599332   -3.141592654  -34.164583871   27.583363240   12.447935970
   -0.095199777   -3.141592654  -30.432726223   10.945296993    7.590681555
    0.095199777   -3.141592654  -30.111425338   -7.684825339    2.742880800
    0.285599332   -3.141592654  -33.227259967  -24.422084396   -2.148895244
    0.475998887   -3.141592654  -38.987007051  -34.701489676   -6.956682429
    0.666398442   -3.141592654  -45.759834344  -34.556501195  -11.245568457
    0.856797996   -3.141592654  -51.382074928  -22.776429776  -14.372550680
    1.047197551   -3.141592654  -53.854776913   -2.285545752  -15.765708336
    1.237597106   -3.141592654  -52.113331581   20.196295397  -15.248618609
    1.427996661   -3.141592654  -46.528606754   36.892866802  -13.154998197
    1.618396215   -3.141592654  -38.793832474   42.188979160  -10.170900369
    1.808795770   -3.141592654  -31.289500217   34.576507839   -7.000602460
    1.999195325   -3.141592654  -26.296036210   16.476924294   -4.061938447
    2.189594880   -3.141592654  -25.383299437   -7.408829704   -1.397302020
    2.379994435   -3.141592654  -29.146963345  -31.771824668    1.219420871
    2.570393989   -3.141592654  -37.200351172  -51.711275900    4.058455937
    2.760793544   -3.141592654  -48.307045588  -63.302820901    7.244485017
    2.951193099   -3.141592654  -60.618151787  -64.182685958   10.661562245

   -3.141592654   -2.792526803  -65.528682067  -48.500944038   21.418018349
   -2.951193099   -2.792526803  -73.324113187  -32.647720160   24.352083458
   -2.760793544   -2.792526803  -77.767659624  -14.078323767   26.048722899
   -2.570393989   -2.792526803  -78.826573392    2.173013979   26.643865189
   -2.379994435   -2.792526803  -77.320078521   12.492113874   26.613685873
   -2.189594880   -2.792526803  -74.505823033   16.025077062   26.577875296
   -1.999195325   -2.792526803  -71.523289969   14.791840508   27.011505496
   -1.808795770   -2.792526803  -68.942101057   12.465026453   27.997377270
   -1.618396215   -2.792526803  -66.623846686   12.481043180   29.153083883
   -1.427996661   -2.792526803  -63.932952458   16.430979801   29.780696504
   -1.237597106   -2.792526803  -60.163201182   23.480179813   29.180348863
   -1.047197551   -2.792526803  -54.957807186   30.966157061   26.957673135
   -0.856797996   -2.792526803  -48.529660853   35.797860943   23.179231667
   -0.666398442   -2.792526803  -41.626763153   35.610881733   18.295132915
   -0.475998887   -2.792526803  -35.325488429   29.450297953   12.921548167
   -0.285599332   -2.792526803  -30.755689053   17.598525822    7.564355545
   -0.095199777   -2.792526803  -28.886752784    1.414107014    2.490635097
    0.095199777   -2.792526803  -30.322334191  -16.581874324   -2.256161190
    0.285599332   -2.792526803  -35.058794269  -32.491769975   -6.675920627
    0.475998887   -2.792526803  -42.241883656  -41.465891765  -10.629082280
    0.666398442   -2.792526803  -50.120402902  -39.263827945  -13.756322868
    0.856797996   -2.792526803  -56.385179642  -24.706731320  -15.597827113
    1.047197551   -2.792526803  -58.938743631   -1.207497049  -15.821852563
    1.237597106   -2.792526803  -56.738750736   23.811404826  -14.455804120
    1.427996661   -2.792526803  -50.303425966   42.028537044  -11.901617029
    1.618396215   -2.792526803  -41.533745678   47.768550961   -8.747209329
    1.808795770   -2.792526803  -32.982236642   39.940956982   -5.480148905
    1.999195325   -2.792526803  -26.995491489   21.586270663   -2.281422010
    2.189594880   -2.792526803  -25.103055170   -2.137629714    0.971232442
    2.379994435   -2.792526803  -27.806979158  -25.849821984    4.538551750
    2.570393989   -2.792526803  -34.651844225  -44.950835453    8.585607009
    2.760793544   -2.792526803  -44.411476191  -56.016711320   13.022351220
    2.951193099   -2.792526803  -55.342439997  -57.135843109   17.476664934

   -3.141592654   -2.443460953  -57.860452495  -42.382462176   20.933918675
   -2.951193099   -2.443460953  -64.692528832  -28.713105622   23.210554558
   -2.760793544   -2.443460953  -68.600851731  -12.343738763   24.295490844
   -2.570393989   -2.443460953  -69.493990535    2.325776303   24.402326929
   -2.379994435   -2.443460953  -68.030212833   12.071843506   23.970705170
   -2.189594880   -2.443460953  -65.271169053   15.996690172   23.480795977
   -1.999195325   -2.443460953  -62.214770163   15.608425680   23.243508559
   -1.808795770   -2.443460953  -59.417486869   13.796515888   23.249904118
   -1.618396215   -2.443460953  -56.874439274   13.300344315   23.160306934
   -1.427996661   -2.443460953  -54.179416833   15.453991570   22.449154416
   -1.237597106   -2.443460953  -50.849681796   19.737606594   20.653847997
   -1.047197551   -2.443460953  -46.645933020   24.239820073   17.599335130
   -0.856797996   -2.443460953  -41.741383183   26.690111867   13.483891878
   -0.666398442   -2.443460953  -36.710844711   25.283773356    8.778638354
   -0.475998887   -2.443460953  -32.394212037   19.125709345    4.029852036
   -0.285599332   -2.443460953  -29.716674513    8.165655228   -0.371500139
   -0.095199777   -2.443460953  -29.526007721   -6.751483274   -4.271788541
    0.095199777   -2.443460953  -32.394071444  -23.469916875   -7.713657099
    0.285599332   -2.443460953  -38.326744331  -38.159134399  -10.762678493
    0.475998887   -2.443460953  -46.464106872  -45.761379702  -13.354101380
    0.666398442   -2.443460953  -55.000731569  -41.796857885  -15.236665721
    0.856797996   -2.443460953  -61.546919098  -25.057913915  -16.081495271
    1.047197551   -2.443460953  -63.949860564    0.712346704  -15.659594307
    1.237597106   -2.443460953  -61.196370995   27.610489639  -14.017413098
    1.427996661   -2.443460953  -53.917814830   46.953456695  -11.470673607
    1.618396215   -2.443460953  -44.163086647   53.089860586   -8.454938626
    1.808795770   -2.443460953  -34.592706170   45.304317006   -5.304777087
    1.999195325   -2.443460953  -27.572803163   27.127979319   -2.110320265
    2.189594880   -2.443460953  -24.574550202    4.008693031    1.256031060
    2.379994435   -2.443460953  -26.019985655  -18.751128501    4.982545100
    2.570393989   -2.443460953  -31.422481555  -36.958091259    9.115727583
    2.760793544   -2.443460953  -39.615994382  -47.702354181   13.450298618
    2.951193099   -2.443460953  -49.005450629  -49.436995827   17.554959271

   -3.141592654   -2.094395102  -51.582883046  -37.931508217   14.854963581
   -2.951193099   -2.094395102  -57.738776301  -26.088609015   16.120774059
   -2.760793544   -2.094395102  -61.318084843  -11.475001293   16.600291508
   -2.570393989   -2.094395102  -62.182025408    1.850674347   16.490898379
   -2.379994435   -2.094395102  -60.892832325   10.807392862   16.034726887
   -2.189594880   -2.094395102  -58.410989596   14.408485773   15.412844553
   -1.999195325   -2.094395102  -55.671180185   13.865755255   14.676903695
   -1.808795770   -2.094395102  -53.234489538   11.686303527   13.728567739
   -1.618396215   -2.094395102  -51.166542909   10.327472820   12.364190768
   -1.427996661   -2.094395102  -49.161306352   11.118073996   10.374464045
   -1.237597106   -2.094395102  -46.807090643   13.843244217    7.668030981
   -1.047197551   -2.094395102  -43.855736815   17.084617653    4.357981276
   -0.856797996   -2.094395102  -40.379392696   18.997041345    0.747433101
   -0.666398442   -2.094395102  -36.794492373   17.948209559   -2.783282828
   -0.475998887   -2.094395102  -33.783316236   12.839826233   -5.913729952
   -0.285599332   -2.094395102  -32.178783216    3.196281280   -8.508681548
   -0.095199777   -2.094395102  -32.821048932  -10.581656598  -10.619564821
    0.095199777   -2.094395102  -36.340452769  -26.537295298  -12.410771954
    0.285599332   -2.094395102  -42.808381389  -40.726922176  -14.011852372
    0.475998887   -2.094395102  -51.384778881  -47.751217082  -15.406664079
    0.666398442   -2.094395102  -60.215666977  -42.812120990  -16.401106159
    0.856797996   -2.094395102  -66.823973395  -24.616409497  -16.713979696
    1.047197551   -2.094395102  -68.983263529    2.839162963  -16.108167521
    1.237597106   -2.094395102  -65.675796414   31.239135053  -14.544732413
    1.427996661   -2.094395102  -57.602685201   51.567201950  -12.196116597
    1.618396215   -2.094395102  -46.919993374   58.138450132   -9.366486589
    1.808795770   -2.094395102  -36.372993427   50.488989802   -6.332886463
    1.999195325   -2.094395102  -28.350019125   32.507452691   -3.230338865
    2.189594880   -2.094395102  -24.288204968    9.842351061   -0.050559306
    2.379994435   -2.094395102  -24.563848891  -12.298171125    3.256522701
    2.570393989   -2.094395102  -28.688674135  -30.057823060    6.644060867
    2.760793544   -2.094395102  -35.566081419  -40.902558517    9.908576074
    2.951193099   -2.094395102  -43.728728604  -43.481751969   12.738437104

   -3.141592654   -1.745329252  -48.066642191  -36.304723481    7.387956196
   -2.951193099   -1.745329252  -54.026535594  -25.619731252    7.422583257
   -2.760793544   -1.745329252  -57.601564953  -11.846589346    7.079229577
   -2.570393989   -1.745329252  -58.588401190    0.974995509    6.537978140
   -2.379994435   -1.745329252  -57.499304023    9.590111670    5.862844680
   -2.189594880   -1.745329252  -55.287004739   12.759702482    4.972097723
   -1.999195325   -1.745329252  -52.925387988   11.477041835    3.702335993
   -1.808795770   -1.745329252  -51.044697291    8.175327949    1.913561302
   -1.618396215   -1.745329252  -49.773919615    5.449411231   -0.416520451
   -1.427996661   -1.745329252  -48.822931898    4.978539189   -3.154473685
   -1.237597106   -1.745329252  -47.718400101    6.990604816   -6.037563963
   -1.047197551   -1.745329252  -46.072035039   10.401867333   -8.741114687
   -0.856797996   -1.745329252  -43.778107202   13.403958963  -10.976376639
   -0.666398442   -1.745329252  -41.100585658   14.084712111  -12.574040364
   -0.475998887   -1.745329252  -38.646007735   10.834468310  -13.518115630
   -0.285599332   -1.745329252  -37.272660726    2.686830911  -13.951715822
   -0.095199777   -1.745329252  -37.921882917  -10.263465108  -14.108893742
    0.095199777   -1.745329252  -41.356663224  -26.060618396  -14.240138256
    0.285599332   -1.745329252  -47.755583120  -40.514483555  -14.506598108
    0.475998887   -1.745329252  -56.323685812  -47.842673492  -14.916264079
    0.666398442   -1.745329252  -65.177996516  -42.893033361  -15.308376092
    0.856797996   -1.745329252  -71.760772411  -24.171375543  -15.415415215
    1.047197551   -1.745329252  -73.747916049    4.255676790  -14.958799959
    1.237597106   -1.745329252  -70.059459302   33.823728843  -13.780593564
    1.427996661   -1.745329252  -61.389787749   55.193950299  -11.895734008
    1.618396215   -1.745329252  -49.941758065   62.480907141   -9.482006475
    1.808795770   -1.745329252  -38.526931796   55.208706060   -6.782291610
    1.999195325   -1.745329252  -29.585789487   37.403395763   -4.004472156
    2.189594880   -1.745329252  -24.581269980   14.833704932   -1.279372839
    2.379994435   -1.745329252  -23.904702986   -7.321225390    1.302521758
    2.570393989   -1.745329252  -27.102754309  -25.364243788    3.620109380
    2.760793544   -1.745329252  -33.145081325  -36.905368304    5.500697403
    2.951193099   -1.745329252  -40.645481278  -40.576827451    6.776519076

   -3.141592654   -1.396263402  -48.335271967  -38.128621545    4.583427934
   -2.951193099   -1.396263402  -54.657113795  -27.496781124    3.910806919
   -2.760793544   -1.396263402  -58.549905715  -13.258370812    2.930905552
   -2.570393989   -1.396263402  -59.748266591    0.133321326    1.808375472
   -2.379994435   -1.396263402  -58.794029887    8.911719518    0.550600413
   -2.189594880   -1.396263402  -56.752829785   11.511527424   -1.002879389
   -1.999195325   -1.396263402  -54.740134269    8.968950302   -3.069213361
   -1.808795770   -1.396263402  -53.483640057    4.127520656   -5.759229576
   -1.618396215   -1.396263402  -53.110034297    0.177850590   -8.949573283
   -1.427996661   -1.396263402  -53.215550647   -0.674291384  -12.268767570
   -1.237597106   -1.396263402  -53.138489508    2.037211287  -15.210604405
   -1.047197551   -1.396263402  -52.292182394    7.083560115  -17.308870244
   -0.856797996   -1.396263402  -50.431862924   12.199571869  -18.304787061
   -0.666398442   -1.396263402  -47.784031004   14.917023778  -18.218609516
   -0.475998887   -1.396263402  -45.017833676   13.145653699  -17.308804913
   -0.285599332   -1.396263402  -43.127072436    5.667876762  -15.969908875
   -0.095199777   -1.396263402  -43.212094269   -7.447414156  -14.590548131
    0.095199777   -1.396263402  -46.180178803  -24.058596719  -13.466995166
    0.285599332   -1.396263402  -52.304884257  -39.658144464  -12.728727680
    0.475998887   -1.396263402  -60.817373737  -48.068523743  -12.334112630
    0.666398442   -1.396263402  -69.783785488  -43.741717555  -12.100691940
    0.856797996   -1.396263402  -76.529481590  -24.903824519  -11.781094397
    1.047197551   -1.396263402  -78.581436229    4.412836052  -11.141570633
    1.237597106   -1.396263402  -74.732635138   35.394123205  -10.053008468
    1.427996661   -1.396263402  -65.619115561   58.244042683   -8.513008827
    1.618396215   -1.396263402  -53.475780281   66.633969820   -6.632311278
    1.808795770   -1.396263402  -41.214497170   59.827497589   -4.567132282
    1.999195325   -1.396263402  -31.401185617   41.842284776   -2.456086441
    2.189594880   -1.396263402  -25.609831985   18.584526399   -0.401309244
    2.379994435   -1.396263402  -24.313745421   -4.616949181    1.498184763
    2.570393989   -1.396263402  -27.116055689  -23.943324049    3.101937336
    2.760793544   -1.396263402  -33.017821818  -36.845115932    4.229815946
    2.951193099   -1.396263402  -40.624702701  -41.697954405    4.732224991

   -3.141592654   -1.047197551  -49.873640322  -41.406619091    3.947226416
   -2.951193099   -1.047197551  -56.826745798  -30.750076135    2.517826422
   -2.760793544   -1.047197551  -61.294295729  -15.997169251    0.730228674
   -2.570393989   -1.047197551  -62.956216406   -2.034832125   -1.201086200
   -2.379994435   -1.047197551  -62.393223853    6.860585271   -3.227843944
   -2.189594880   -1.047197551  -60.788827025    8.854967441   -5.495262113
   -1.999195325   -1.047197551  -59.386782725    5.158763817   -8.216621202
   -1.808795770   -1.047197551  -58.968302351   -0.796911379  -11.462209972
   -1.618396215   -1.047197551  -59.583635578   -5.105500640  -14.993343755
   -1.427996661   -1.047197551  -60.634178862   -5.099860827  -18.265982398
   -1.237597106   -1.047197551  -61.222404945   -0.358586487  -20.623629307
   -1.047197551   -1.047197551  -60.583667047    7.343280497  -21.570772912
   -0.856797996   -1.047197551  -58.427073347   14.963668847  -20.987412981
   -0.666398442   -1.047197551  -55.074438452   19.378475787  -19.163785863
   -0.475998887   -1.047197551  -51.384683800   18.183388482  -16.659384174
   -0.285599332   -1.047197551  -48.565034075   10.234979908  -14.084178622
   -0.095199777   -1.047197551  -47.886233834   -4.083482005  -11.881748795
    0.095199777   -1.047197551  -50.354170704  -22.181241871  -10.235029265
    0.285599332   -1.047197551  -56.254589424  -39.123781844   -9.060273083
    0.475998887   -1.047197551  -64.756688909  -48.392691354   -8.118737790
    0.666398442   -1.047197551  -73.812620397  -44.246689807   -7.160002635
    0.856797996   -1.047197551  -80.615751443  -24.910427495   -6.047407610
    1.047197551   -1.047197551  -82.579587735    5.383665529   -4.790554219
    1.237597106   -1.047197551  -78.437018488   37.493008763   -3.498134829
    1.427996661   -1.047197551  -68.829193826   61.270030319   -2.273522809
    1.618396215   -1.047197551  -56.054501649   70.148414900   -1.147917644
    1.808795770   -1.047197551  -43.118644480   63.312060196   -0.072537659
    1.999195325   -1.047197551  -32.681483949   44.841047917    1.030774049
    2.189594880   -1.047197551  -26.393436001   20.749420112    2.197439396
    2.379994435   -1.047197551  -24.785854462   -3.548515255    3.360733689
    2.570393989   -1.047197551  -27.504845039  -24.159771441    4.339564415
    2.760793544   -1.047197551  -33.575299294  -38.388587564    4.882789095
    2.951193099   -1.047197551  -41.588178507  -44.358222229    4.775662740

   -3.141592654   -0.698131701  -49.939159827  -44.741748766    2.287685006
   -2.951193099   -0.698131701  -57.592048403  -34.683094178    0.070790085
   -2.760793544   -0.698131701  -62.828635707  -20.078561658   -2.521256391
   -2.570393989   -0.698131701  -65.261690006   -6.048562477   -5.221754143
   -2.379994435   -0.698131701  -65.465811954    2.763383664   -7.923424331
   -2.189594880   -0.698131701  -64.679935827    4.290144276  -10.720023740
   -1.999195325   -0.698131701  -64.214489630   -0.121101635  -13.769752471
   -1.808795770   -0.698131701  -64.852996467   -6.518359915  -17.056019552
   -1.618396215   -0.698131701  -66.532102333  -10.359641875  -20.218266448
   -1.427996661   -0.698131701  -68.439441449   -8.629745443  -22.603095299
   -1.237597106   -0.698131701  -69.447918012   -1.109474065  -23.538662319
   -1.047197551   -0.698131701  -68.653281161    9.715605141  -22.669425621
   -0.856797996   -0.698131701  -65.785052800   19.907405628  -20.156450029
   -0.666398442   -0.698131701  -61.340757540   25.663111679  -16.618732386
   -0.475998887   -0.698131701  -56.441246645   24.371059625  -12.873329533
   -0.285599332   -0.698131701  -52.547714191   15.179186961   -9.613334475
   -0.095199777   -0.698131701  -51.094198018   -0.929085302   -7.160948004
    0.095199777   -0.698131701  -53.125088225  -20.670979017   -5.413949538
    0.285599332   -0.698131701  -58.844330042  -38.593771489   -3.955631593
    0.475998887   -0.698131701  -67.270142888  -47.985480607   -2.319827487
    0.666398442   -0.698131701  -76.202201666  -43.280497389   -0.264703313
    0.856797996   -0.698131701  -82.741950141  -23.119739274    2.072041229
    1.047197551   -0.698131701  -84.295715987    7.827311092    4.246738666
    1.237597106   -0.698131701  -79.656667284   40.178858478    5.769479833
    1.427996661   -0.698131701  -69.546104215   63.805130298    6.391975083
    1.618396215   -0.698131701  -56.320844867   72.326222427    6.230103382
    1.808795770   -0.698131701  -43.006735615   65.115174685    5.666713688
    1.999195325   -0.698131701  -32.257101862   46.328590945    5.125755404
    2.189594880   -0.698131701  -25.715168310   21.915553676    4.864739005
    2.379994435   -0.698131701  -23.927448139   -2.860195839    4.880257898
    2.570393989   -0.698131701  -26.583470278  -24.240478839    4.942401115
    2.760793544   -0.698131701  -32.766572541  -39.530617240    4.705953803
    2.951193099   -0.698131701  -41.109503466  -46.682518868    3.866075055

   -3.141592654   -0.349065850  -49.478738028  -48.741642378    0.858530232
   -2.951193099   -0.349065850  -57.989069435  -39.588440056   -1.523663058
   -2.760793544   -0.349065850  -64.201629300  -25.321258873   -4.224829685
   -2.570393989   -0.349065850  -67.627308251  -11.182856450   -7.014984412
   -2.379994435   -0.349065850  -68.787817520   -2.163099699   -9.778101598
   -2.189594880   -0.349065850  -68.933797805   -0.607346952  -12.541726100
   -1.999195325   -0.349065850  -69.408825072   -5.086494962  -15.352144302
   -1.808795770   -0.349065850  -70.974164785  -11.173514547  -18.069570844
   -1.618396215   -0.349065850  -73.439258161  -13.767589475  -20.255253903
   -1.427996661   -0.349065850  -75.786027411   -9.658358669  -21.280052672
   -1.237597106   -0.349065850  -76.700856883    0.962412292  -20.628836183
   -1.047197551   -0.349065850  -75.220907667   14.731111748  -18.212411550
   -0.856797996   -0.349065850  -71.197391607   26.788746254  -14.484921556
   -0.666398442   -0.349065850  -65.390716376   32.817228101  -10.277679457
   -0.475998887   -0.349065850  -59.223668759   30.323127404   -6.459091999
   -0.285599332   -0.349065850  -54.381841807   19.123311946   -3.579566075
   -0.095199777   -0.349065850  -52.366365838    1.114963142   -1.672767710
    0.095199777   -0.349065850  -54.121055510  -19.617556220   -0.287386101
    0.285599332   -0.349065850  -59.634548283  -37.283378870    1.268991643
    0.475998887   -0.349065850  -67.703727916  -45.447864862    3.550636059
    0.666398442   -0.349065850  -76.013036798  -39.340067473    6.638938651
    0.856797996   -0.349065850  -81.719403054  -18.503117272   10.031260814
    1.047197551   -0.349065850  -82.425823683   11.881682808   12.858548693
    1.237597106   -0.349065850  -77.156098159   42.613707934   14.331792229
    1.427996661   -0.349065850  -66.769664656   64.282939055   14.151400952
    1.618396215   -0.349065850  -53.608216642   71.308899713   12.625260323
    1.808795770   -0.349065850  -40.560434290   63.494900337   10.451492694
    1.999195325   -0.349065850  -30.110493823   44.905499153    8.342108876
    2.189594880   -0.349065850  -23.788607839   21.039378797    6.725038402
    2.379994435   -0.349065850  -22.126225910   -3.365364239    5.646712237
    2.570393989   -0.349065850  -24.884930486  -24.920595393    4.861117208
    2.760793544   -0.349065850  -31.265032336  -41.017713981    3.994111960
    2.951193099   -0.349065850  -40.004702933  -49.410543423    2.715353049

   -3.141592654    0.000000000  -49.353071064  -52.427849013   -0.843792792
   -2.951193099    0.000000000  -58.639402810  -43.982523316   -2.961523301
   -2.760793544    0.000000000  -65.730094248  -30.076575378   -5.261323242
   -2.570393989    0.000000000  -70.070369335  -15.994106614   -7.600388479
   -2.379994435    0.000000000  -72.140663888   -6.902569997   -9.907257403
   -2.189594880    0.000000000  -73.180159191   -5.241335059  -12.181251997
   -1.999195325    0.000000000  -74.513018598   -9.391268397  -14.377148396
   -1.808795770    0.000000000  -76.818339053  -14.492140882  -16.255272269
   -1.618396215    0.000000000  -79.742516521  -15.090753456  -17.346924993
   -1.427996661    0.000000000  -82.076543051   -8.089260632  -17.119627496
   -1.237597106    0.000000000  -82.393462458    5.627899600  -15.278495128
   -1.047197551    0.000000000  -79.784312764   21.712350532  -12.004513568
   -0.856797996    0.000000000  -74.330950369   34.533091580   -7.956057272
   -0.666398442    0.000000000  -67.115067682   39.617034366   -4.002681544
   -0.475998887    0.000000000  -59.841874137   35.022635302   -0.857770822
   -0.285599332    0.000000000  -54.326193307   21.558385636    1.231686583
   -0.095199777    0.000000000  -52.000904987    2.139272564    2.566531123
    0.095199777    0.000000000  -53.579007034  -18.522478099    3.850956841
    0.285599332    0.000000000  -58.759072285  -34.684399337    5.850031049
    0.475998887    0.000000000  -66.127727609  -40.679551135    8.983923617
    0.666398442    0.000000000  -73.354855554  -32.947438938   13.034452657
    0.856797996    0.000000000  -77.810061995  -12.094417779   17.142252019
    1.047197551    0.000000000  -77.448495309   16.384129018   20.152841395
    1.237597106    0.000000000  -71.613378984   43.927155163   21.168058891
    1.427996661    0.000000000  -61.295516996   62.352867160   19.974185060
    1.618396215    0.000000000  -48.732801581   67.195518607   17.100191400
    1.808795770    0.000000000  -36.555582143   58.715643435   13.493532007
    1.999195325    0.000000000  -26.976836300   40.689565541   10.052390075
    2.189594880    0.000000000  -21.355952177   17.917632867    7.296956431
    2.379994435    0.000000000  -20.191838617   -5.545381323    5.295378482
    2.570393989    0.000000000  -23.319363441  -26.724493910    3.803817422
    2.760793544    0.000000000  -30.059044704  -43.091920068    2.463803596
    2.951193099    0.000000000  -39.258487804  -52.220357251    0.968665493

   -3.141592654    0.349065850  -48.640620744  -54.273475282   -1.271714451
   -2.951193099    0.349065850  -58.345973336  -46.527121429   -2.416942886
   -2.760793544    0.349065850  -65.989470378  -33.306766509   -3.610820857
   -2.570393989    0.349065850  -71.000043596  -19.768820834   -4.890667340
   -2.379994435    0.349065850  -73.824609723  -11.010622710   -6.286494921
   -2.189594880    0.349065850  -75.654479987   -9.369102852   -7.784389878
   -1.999195325    0.349065850  -77.735805419  -13.012461206   -9.254758778
   -1.808795770    0.349065850  -80.622315785  -16.829559622  -10.403427056
   -1.618396215    0.349065850  -83.801684992  -15.308404170  -10.821939515
   -1.427996661    0.349065850  -85.931740910   -5.699016111  -10.155399062
   -1.237597106    0.349065850  -85.557537186   10.383445788   -8.318077416
   -1.047197551    0.349065850  -81.893493410   27.806919447   -5.606819482
   -0.856797996    0.349065850  -75.266402185   40.525184699   -2.615653157
   -0.666398442    0.349065850  -67.023463498   44.255361028    0.032385667
   -0.475998887    0.349065850  -59.043658457   37.805653240    1.969957257
   -0.285599332    0.349065850  -53.145217885   22.943332601    3.278555295
   -0.095199777    0.349065850  -50.594861640    3.361263346    4.450889601
    0.095199777    0.349065850  -51.836934754  -15.984074454    6.187423854
    0.285599332    0.349065850  -56.319060449  -29.794708060    9.048394166
    0.475998887    0.349065850  -62.523189123  -33.454315058   13.122123211
    0.666398442    0.349065850  -68.244539077  -24.676525662   17.850283796
    0.856797996    0.349065850  -71.193668355   -4.950197141   22.147852824
    1.047197551    0.349065850  -69.753271610   20.268064192   24.816105097
    1.237597106    0.349065850  -63.589242702   43.433930853   25.079660225
    1.427996661    0.349065850  -53.764259146   57.860267679   22.926694160
    1.618396215    0.349065850  -42.319283304   60.277215846   19.070981561
    1.808795770    0.349065850  -31.533417137   51.330645605   14.568428936
    1.999195325    0.349065850  -23.278103517   34.364791632   10.347378046
    2.189594880    0.349065850  -18.698692741   13.346402500    6.923893964
    2.379994435    0.349065850  -18.239076453   -8.432940786    4.376813043
    2.570393989    0.349065850  -21.796172167  -28.455520436    2.519139829
    2.760793544    0.349065850  -28.808110151  -44.332108186    1.090101851
    2.951193099    0.349065850  -38.245269905  -53.560137729   -0.126897145

   -3.141592654    0.698131701  -47.893752185  -54.818504287   -1.795173264
   -2.951193099    0.698131701  -57.725647352  -47.324238164   -1.873228666
   -2.760793544    0.698131701  -65.560382680  -34.519059419   -1.824063317
   -2.570393989    0.698131701  -70.845522917  -21.428777291   -1.846303627
   -2.379994435    0.698131701  -74.021739838  -13.016943219   -2.083173535
   -2.189594880    0.698131701  -76.248942637  -11.484238944   -2.563115085
   -1.999195325    0.698131701  -78.714445994  -14.856087340   -3.174629704
   -1.808795770    0.698131701  -81.888299043  -17.920826968   -3.692606581
   -1.618396215    0.698131701  -85.168365121  -15.217606985   -3.861814024
   -1.427996661    0.698131701  -87.152993407   -4.270489560   -3.506844237
   -1.237597106    0.698131701  -86.397381906   12.872022668   -2.623311302
   -1.047197551    0.698131701  -82.207786011   30.701748053   -1.388349857
   -0.856797996    0.698131701  -75.051111092   43.082523907   -0.068415361
   -0.666398442    0.698131701  -66.393768296   46.019942399    1.143254684
   -0.475998887    0.698131701  -58.148476106   38.914419403    2.254727096
   -0.285599332    0.698131701  -52.044923961   24.152145697    3.537529753
   -0.095199777    0.698131701  -49.165386445    5.808091066    5.423966352
    0.095199777    0.698131701  -49.740036549  -11.291872487    8.329966582
    0.285599332    0.698131701  -53.081360303  -22.535632593   12.391476145
    0.475998887    0.698131701  -57.710213499  -24.397352748   17.273634360
    0.666398442    0.698131701  -61.675037995  -15.660002204   22.142719053
    0.856797996    0.698131701  -63.095947358    1.696490383   25.886446017
    1.047197551    0.698131701  -60.771935212   22.678232376   27.515624936
    1.237597106    0.698131701  -54.611649066   41.017064677   26.590422654
    1.427996661    0.698131701  -45.644877024   51.528317977   23.395395288
    1.618396215    0.698131701  -35.631439877   51.933238027   18.790455906
    1.808795770    0.698131701  -26.461556142   42.998721284   13.814020030
    1.999195325    0.698131701  -19.672787922   27.454014073    9.281981978
    2.189594880    0.698131701  -16.224926050    8.391566780    5.602975276
    2.379994435    0.698131701  -16.530238161  -11.574908551    2.823149034
    2.570393989    0.698131701  -20.549254604  -30.251752545    0.815272480
    2.760793544    0.698131701  -27.816246528  -45.297005528   -0.560092658
    2.951193099    0.698131701  -37.394288008  -54.135042066   -1.400168819

   -3.141592654    1.047197551  -49.290796384  -55.116993478   -6.363063177
   -2.951193099    1.047197551  -59.104545306  -46.862333948   -5.959435149
   -2.760793544    1.047197551  -66.806317143  -33.638731609   -5.033173046
   -2.570393989    1.047197551  -71.915404350  -20.515656861   -3.898964528
   -2.379994435    1.047197551  -74.938797747  -12.358494647   -2.842231088
   -2.189594880    1.047197551  -77.073995189  -11.173834428   -2.027103147
   -1.999195325    1.047197551  -79.506372691  -14.784706948   -1.479005562
   -1.808795770    1.047197551  -82.671752696  -17.862226031   -1.134622050
   -1.618396215    1.047197551  -85.924322381  -14.961983283   -0.913641446
   -1.427996661    1.047197551  -87.833632001   -3.740921586   -0.758479640
   -1.237597106    1.047197551  -86.955804189   13.594371329   -0.629155500
   -1.047197551    1.047197551  -82.621667904   31.462762649   -0.470456080
   -0.856797996    1.047197551  -75.322299196   43.823747004   -0.176843822
   -0.666398442    1.047197551  -66.513389583   46.922455147    0.426861112
   -0.475998887    1.047197551  -58.044339937   40.472555867    1.566604095
   -0.285599332    1.047197551  -51.527737414   27.046056030    3.502106094
   -0.095199777    1.047197551  -47.918761405   10.655768221    6.435640201
    0.095199777    1.047197551  -47.365804327   -4.321010638   10.418802548
    0.285599332    1.047197551  -49.215933764  -14.009802191   15.201215990
    0.475998887    1.047197551  -52.175999496  -15.682548626   20.166054695
    0.666398442    1.047197551  -54.609738579   -8.612030569   24.401311824
    0.856797996    1.047197551  -54.988804821    5.348431532   26.962404406
    1.047197551    1.047197551  -52.373281533   22.034803357   27.205692900
    1.237597106    1.047197551  -46.731213531   36.363968561   25.071248310
    1.427996661    1.047197551  -38.933224305   44.184135476   21.088944223
    1.618396215    1.047197551  -30.437220133   43.624741172   16.144871810
    1.808795770    1.047197551  -22.820697550   35.175396106   11.115227125
    1.999195325    1.047197551  -17.408402253   20.883259961    6.576598908
    2.189594880    1.047197551  -15.079610744    3.185616998    2.744164982
    2.379994435    1.047197551  -16.262451523  -15.630116178   -0.409223624
    2.570393989    1.047197551  -20.961541794  -33.358933243   -2.948720227
    2.760793544    1.047197551  -28.735157752  -47.500755236   -4.851057679
    2.951193099    1.047197551  -38.643473468  -55.381132118   -6.013304874

   -3.141592654    1.396263402  -53.856110489  -55.777837620  -11.262058428
   -2.951193099    1.396263402  -63.591109592  -45.415809601  -10.703782880
   -2.760793544    1.396263402  -70.856241922  -30.612799039   -9.334989334
   -2.570393989    1.396263402  -75.303593268  -16.730031410   -7.508111375
   -2.379994435    1.396263402  -77.598062761   -8.603010179   -5.556733363
   -2.189594880    1.396263402  -79.066875955   -7.997021781   -3.696698655
   -1.999195325    1.396263402  -80.973419846  -12.466183580   -2.029866917
   -1.808795770    1.396263402  -83.788622764  -16.513281132   -0.613002514
   -1.618396215    1.396263402  -86.878836660  -14.604420761    0.486729285
   -1.427996661    1.396263402  -88.807506237   -4.277487040    1.209808395
   -1.237597106    1.396263402  -88.092786571   12.480919848    1.576732971
   -1.047197551    1.396263402  -83.980394581   30.349374600    1.742504381
   -0.856797996    1.396263402  -76.832241528   43.472103428    1.985309684
   -0.666398442    1.396263402  -67.956604704   48.076233290    2.633350726
   -0.475998887    1.396263402  -59.078508634   43.683896454    3.963015535
   -0.285599332    1.396263402  -51.735249015   32.511824082    6.145101943
   -0.095199777    1.396263402  -46.885290427   18.150253252    9.177263990
    0.095199777    1.396263402  -44.766915106    4.457980061   12.851949116
    0.285599332    1.396263402  -44.917702504   -5.183998667   16.701346395
    0.475998887    1.396263402  -46.315019768   -8.364575604   20.043662100
    0.666398442    1.396263402  -47.618505292   -4.260117577   22.137600742
    0.856797996    1.396263402  -47.527489671    5.858771012   22.446394249
    1.047197551    1.396263402  -45.182635802   18.779399376   20.841918221
    1.237597106    1.396263402  -40.448568565   30.293242473   17.683552006
    1.427996661    1.396263402  -33.963185946   36.702212449   13.638614247
    1.618396215    1.396263402  -26.922632467   35.988722608    9.403740425
    1.808795770    1.396263402  -20.712931897   28.087841379    5.446385186
    1.999195325    1.396263402  -16.586522778   14.438852339    1.909333506
    2.189594880    1.396263402  -15.442574182   -2.863333247   -1.291602306
    2.379994435    1.396263402  -17.756071952  -21.461643344   -4.274367356
    2.570393989    1.396263402  -23.533997711  -38.789370141   -7.012903675
    2.760793544    1.396263402  -32.261619330  -51.966574100   -9.288460582
    2.951193099    1.396263402  -42.873193709  -58.179974220  -10.783409957

   -3.141592654    1.745329252  -59.764860343  -56.659994053  -16.175280985
   -2.951193099    1.745329252  -69.443465200  -43.986462419  -15.835202595
   -2.760793544    1.745329252  -76.251941174  -27.362599192  -14.345483317
   -2.570393989    1.745329252  -79.968693971  -12.443168073  -12.022518809
   -2.379994435    1.745329252  -81.410169954   -4.044156249   -9.214046084
   -2.189594880    1.745329252  -82.031724672   -3.733240580   -6.189888465
   -1.999195325    1.745329252  -83.184832676   -8.865504129   -3.145165781
   -1.808795770    1.745329252  -85.397476388  -13.818307271   -0.270337548
   -1.618396215    1.745329252  -88.071432239  -12.937170355    2.201838453
   -1.427996661    1.745329252  -89.774620667   -3.543586529    4.045946356
   -1.237597106    1.745329252  -88.977965332   12.689955051    5.165428522
   -1.047197551    1.745329252  -84.822296503   30.708443957    5.685831016
   -0.856797996    1.745329252  -77.530083401   44.732793132    5.943081432
   -0.666398442    1.745329252  -68.280644047   50.796466412    6.360308429
   -0.475998887    1.745329252  -58.726109919   48.065057489    7.275449169
   -0.285599332    1.745329252  -50.404930004   38.322681351    8.834237635
   -0.095199777    1.745329252  -44.359978698   24.754099680   10.923967990
    0.095199777    1.745329252  -40.986761467   10.836081473   13.197180696
    0.285599332    1.745329252  -40.042261390   -0.273340874   15.118692715
    0.475998887    1.745329252  -40.738593070   -6.079954990   16.112160692
    0.666398442    1.745329252  -41.913925891   -5.230749842   15.754510759
    0.856797996    1.745329252  -42.308214447    1.842033869   13.979701978
    1.047197551    1.745329252  -40.940433426   12.759991124   11.118335126
    1.237597106    1.745329252  -37.431098005   23.676535701    7.784760277
    1.427996661    1.745329252  -32.165262024   30.648506556    4.581613228
    1.618396215    1.745329252  -26.180732026   30.960331537    1.851412545
    1.808795770    1.745329252  -20.847062960   23.822745577   -0.426429658
    1.999195325    1.745329252  -17.512246297   10.272824609   -2.544612378
    2.189594880    1.745329252  -17.202212832   -7.523817003   -4.849160058
    2.379994435    1.745329252  -20.466553223  -26.759706743   -7.516941156
    2.570393989    1.745329252  -27.283309503  -44.278715522  -10.425155872
    2.760793544    1.745329252  -37.007336994  -56.765607724  -13.172332450
    2.951193099    1.745329252  -48.390704529  -61.332325636  -15.231561859

   -3.141592654    2.094395102  -66.151601235  -57.897788199  -17.092386931
   -2.951193099    2.094395102  -75.833875439  -42.818563951  -16.785378479
   -2.760793544    2.094395102  -82.215666589  -24.145076327  -15.263274432
   -2.570393989    2.094395102  -85.174088736   -7.810795540  -12.781242283
   -2.379994435    2.094395102  -85.649663452    1.372680039   -9.630631908
   -2.189594880    2.094395102  -85.205914496    1.964713536   -6.033400725
   -1.999195325    2.094395102  -85.280581563   -3.304551962   -2.159625542
   -1.808795770    2.094395102  -86.480910850   -8.820117220    1.778556473
   -1.618396215    2.094395102  -88.289906502   -8.913544916    5.459365600
   -1.427996661    2.094395102  -89.340425021   -0.732295219    8.500105795
   -1.237597106    2.094395102  -88.116706528   14.408111640   10.607802420
   -1.047197551    2.094395102  -83.700149733   31.826393189   11.724606981
   -0.856797996    2.094395102  -76.197136721   45.933188406   12.066605477
   -0.666398442    2.094395102  -66.664138104   52.627781901   12.017766514
   -0.475998887    2.094395102  -56.682291060   50.706293722   11.940579280
   -0.285599332    2.094395102  -47.800804917   41.471650515   12.019901967
   -0.095199777    2.094395102  -41.161750781   27.699074874   12.168821420
    0.095199777    2.094395102  -37.322030448   12.620815709   12.063295532
    0.285599332    2.094395102  -36.221234053   -0.546176531   11.257000992
    0.475998887    2.094395102  -37.207842483   -8.883800001    9.401826856
    0.666398442    2.094395102  -39.143883435  -10.293338385    6.462996881
    0.856797996    2.094395102  -40.640419860   -4.448783225    2.839811890
    1.047197551    2.094395102  -40.473230652    6.691290256   -0.757133392
    1.237597106    2.094395102  -37.996661291   19.048814514   -3.596719255
    1.427996661    2.094395102  -33.429994559   27.930332881   -5.283736763
    1.618396215    2.094395102  -27.810190289   29.710186586   -5.927215653
    1.808795770    2.094395102  -22.656505323   22.985924515   -6.054805111
    1.999195325    2.094395102  -19.534664839    8.708615409   -6.339377295
    2.189594880    2.094395102  -19.654579668  -10.537815820   -7.302656181
    2.379994435    2.094395102  -23.639021067  -31.246410742   -9.115879141
    2.570393989    2.094395102  -31.401200579  -49.556691380  -11.555985014
    2.760793544    2.094395102  -42.119078420  -61.714027560  -14.100594179
    2.951193099    2.094395102  -54.320927622  -64.807507858  -16.117535664

   -3.141592654    2.443460953  -71.816822657  -59.032898277  -11.175002882
   -2.951193099    2.443460953  -81.519864780  -41.918416885  -10.176120311
   -2.760793544    2.443460953  -87.545191997  -21.356071821   -8.306724208
   -2.570393989    2.443460953  -89.817744498   -3.454909286   -5.818823230
   -2.379994435    2.443460953  -89.338645077    7.001073517   -2.929127366
   -2.189594880    2.443460953  -87.721118037    8.621511510    0.278613375
   -1.999195325    2.443460953  -86.454766094    4.052538709    3.802558209
   -1.808795770    2.443460953  -86.229995902   -1.324244846    7.570185543
   -1.618396215    2.443460953  -86.658746171   -2.051375282   11.307980622
   -1.427996661    2.443460953  -86.524417878    4.737671358   14.555459663
   -1.237597106    2.443460953  -84.429727035   18.044885821   16.837075151
   -1.047197551    2.443460953  -79.495408204   33.670432149   17.878663983
   -0.856797996    2.443460953  -71.777076093   46.440050118   17.731536107
   -0.666398442    2.443460953  -62.226826611   52.382100467   16.712871341
   -0.475998887    2.443460953  -52.328140875   50.108381454   15.212329859
   -0.285599332    2.443460953  -43.590593143   40.514151275   13.482385408
   -0.095199777    2.443460953  -37.199187349   25.952464538   11.509834067
    0.095199777    2.443460953  -33.818947068    9.423306168    9.054917695
    0.285599332    2.443460953  -33.509061009   -5.709693685    5.823632493
    0.475998887    2.443460953  -35.667946703  -15.960425785    1.732043671
    0.666398442    2.443460953  -39.071038052  -18.403003711   -2.898658077
    0.856797996    2.443460953  -42.091973742  -12.060448006   -7.336393027
    1.047197551    2.443460953  -43.197022191    1.182132470  -10.700052618
    1.237597106    2.443460953  -41.488156707   16.569217939  -12.355169732
    1.427996661    2.443460953  -37.110978758   28.298282896  -12.232458779
    1.618396215    2.443460953  -31.238046542   31.752886239  -10.855017389
    1.808795770    2.443460953  -25.663520114   25.107393640   -9.081452954
    1.999195325    2.443460953  -22.243364466    9.547708176   -7.729446424
    2.189594880    2.443460953  -22.386297049  -11.657942553   -7.292329083
    2.379994435    2.443460953  -26.767452390  -34.207946213   -7.827320918
    2.570393989    2.443460953  -35.211851790  -53.592443499   -9.017297507
    2.760793544    2.443460953  -46.714818694  -65.726380224  -10.323508745
    2.951193099    2.443460953  -59.592460361  -67.738468355  -11.178852882

   -3.141592654    2.792526803  -74.511049770  -58.149465863    0.527929804
   -2.951193099    2.792526803  -83.919575326  -39.755677455    2.442796260
   -2.760793544    2.792526803  -89.430306742  -18.178669471    4.452858883
   -2.570393989    2.792526803  -91.027309963    0.417345954    6.414744899
   -2.379994435    2.792526803  -89.758615151   11.416889385    8.369542039
   -2.189594880    2.792526803  -87.244674773   13.640483468   10.541153242
   -1.999195325    2.792526803  -84.956965044    9.761954492   13.175376569
   -1.808795770    2.792526803  -83.589522587    4.907122965   16.310016676
   -1.618396215    2.792526803  -82.824659609    4.124154640   19.628840291
   -1.427996661    2.792526803  -81.587939056    9.987130908   22.515995482
   -1.237597106    2.792526803  -78.649386685   21.543831518   24.303696514
   -1.047197551    2.792526803  -73.254563467   34.980972966   24.563285196
   -0.856797996    2.792526803  -65.492110403   45.639880756   23.280178675
   -0.666398442    2.792526803  -56.261705298   49.900112122   20.799190553
   -0.475998887    2.792526803  -46.958377027   46.392921305   17.611392062
   -0.285599332    2.792526803  -39.028860848   35.742703506   14.093189595
   -0.095199777    2.792526803  -33.656260363   19.982660164   10.362397893
    0.095199777    2.792526803  -31.546974472    2.012111636    6.309450281
    0.285599332    2.792526803  -32.784862978  -14.500929690    1.789990207
    0.475998887    2.792526803  -36.699191043  -25.427692978   -3.123261662
    0.666398442    2.792526803  -41.864014096  -27.162523394   -7.987396781
    0.856797996    2.792526803  -46.354155759  -18.460391856  -12.053352284
    1.047197551    2.792526803  -48.351049789   -1.643078914  -14.554721252
    1.237597106    2.792526803  -46.817040723   17.497476684  -15.085503214
    1.427996661    2.792526803  -41.975725972   32.011881753  -13.816250674
    1.618396215    2.792526803  -35.260901550   36.588301423  -11.417401444
    1.808795770    2.792526803  -28.793799634   29.417292310   -8.739768412
    1.999195325    2.792526803  -24.694507064   12.264506976   -6.452649995
    2.189594880    2.792526803  -24.500585391  -10.815285393   -4.847111259
    2.379994435    2.792526803  -28.874052304  -34.862769555   -3.834297593
    2.570393989    2.792526803  -37.526440534  -54.976404970   -3.096430806
    2.760793544    2.792526803  -49.292893037  -66.969418335   -2.266462318
    2.951193099    2.792526803  -62.333495255  -68.117553702   -1.082326659
