#! FIELDS phi psi file.free der_phi der_psi
#! SET min_phi -pi
#! SET max_phi pi
#! SET nbins_phi  33
#! SET periodic_phi true
#! SET min_psi -pi
#! SET max_psi pi
#! SET nbins_psi  18
#! SET periodic_psi true
   -3.141592654   -3.141592654 -102.124239586  -52.111083619   16.939171228
   -2.951193099   -3.141592654 -110.329382935  -33.519268967   19.349607757
   -2.760793544   -3.141592654 -114.774794482  -13.502179532   20.819138136
   -2.570393989   -3.141592654 -115.702750987    2.703747742   21.503876499
   -2.379994435   -3.141592654 -114.189283890   11.857481609   21.868906702
   -2.189594880   -3.141592654 -111.646173651   13.773168582   22.539445525
   -1.999195325   -3.141592654 -109.229623320   11.194295437   24.039337376
   -1.808795770   -3.141592654 -107.391806991    8.430071053   26.527126176
   -1.618396215   -3.141592654 -105.772907718    9.398327589   29.656196723
   -1.427996661   -3.141592654 -103.450534425   15.868234342   32.654428542
   -1.237597106   -3.141592654  -99.433501830   26.783216129   34.601767826
   -1.047197551   -3.141592654  -93.163820232   38.843712130   34.768627896
   -0.856797996   -3.141592654  -84.807730690   48.010458116   32.851205861
   -0.666398442   -3.141592654  -75.258527113   50.878211704   28.999546420
   -0.475998887   -3.141592654  -65.916293279   45.713741204   23.684279974
   -0.285599332   -3.141592654  -58.337476952   32.534070693   17.463591813
   -0.095199777   -3.141592654  -53.911500904   13.027398956   10.829996390
    0.095199777   -3.141592654  -53.553837226   -9.523606363    4.153987279
    0.285599332   -3.141592654  -57.410819421  -30.335822068   -2.234964139
    0.475998887   -3.141592654  -64.619410980  -43.807097030   -7.938244294
    0.666398442   -3.141592654  -73.295610751  -45.125229210  -12.442189866
    0.856797996   -3.141592654  -80.895422563  -32.629375383  -15.231255432
    1.047197551   -3.141592654  -85.004809368   -9.337799482  -16.001977790
    1.237597106   -3.141592654  -84.218545368   17.328264956  -14.869018298
    1.427996661   -3.141592654  -78.755468077   38.366381282  -12.361336605
    1.618396215   -3.141592654  -70.413787722   46.746937506   -9.198655986
    1.808795770   -3.141592654  -61.921408331   39.957138762   -5.973565068
    1.999195325   -3.141592654  -56.013685502   20.356225195   -2.932564416
    2.189594880   -3.141592654  -54.622549860   -6.369219524    0.009294152
    2.379994435   -3.141592654  -58.451400095  -33.336781036    3.092209790
    2.570393989   -3.141592654  -66.933035811  -54.336330627    6.479803809
    2.760793544   -3.141592654  -78.484384097  -65.084409120   10.121821332
    2.951193099   -3.141592654  -90.946249266  -63.910552302   13.741093419

   -3.141592654   -2.792526803  -94.448439447  -47.654779664   25.158584505
   -2.951193099   -2.792526803 -102.012714043  -31.274901506   27.341161630
   -2.760793544   -2.792526803 -106.229506538  -13.261797866   28.245645299
   -2.570393989   -2.792526803 -107.240196206    1.777512092   28.210630187
   -2.379994435   -2.792526803 -105.916803640   11.012695028   27.854192789
   -2.189594880   -2.792526803 -103.424662735   14.262985898   27.858570133
   -1.999195325   -2.792526803 -100.720762482   13.785933867   28.699358274
   -1.808795770   -2.792526803  -98.190829111   13.007808401   30.426223501
   -1.618396215   -2.792526803  -95.591232771   14.872469979   32.586987604
   -1.427996661   -2.792526803  -92.278921617   20.476311443   34.355512239
   -1.237597106   -2.792526803  -87.617021101   28.681734723   34.822455975
   -1.047197551   -2.792526803  -81.354852449   36.738414012   33.325922032
   -0.856797996   -2.792526803  -73.818384770   41.542278235   29.668603030
   -0.666398442   -2.792526803  -65.876325827   40.646323429   24.141637829
   -0.475998887   -2.792526803  -58.746641635   32.947288850   17.388627166
   -0.285599332   -2.792526803  -53.725371890   18.685214651   10.154194715
   -0.095199777   -2.792526803  -51.932273814   -0.571432554    3.103579451
    0.095199777   -2.792526803  -54.051818327  -21.776057282   -3.278856487
    0.285599332   -2.792526803  -60.042061103  -40.350760219   -8.646073774
    0.475998887   -2.792526803  -68.884626302  -50.836925000  -12.714097995
    0.666398442   -2.792526803  -78.570609920  -48.634162451  -15.219382793
    0.856797996   -2.792526803  -86.490410615  -32.486333681  -15.992991618
    1.047197551   -2.792526803  -90.259787100   -6.024150527  -15.072265155
    1.237597106   -2.792526803  -88.621152657   22.779386943  -12.792230102
    1.427996661   -2.792526803  -82.017559330   44.710335816   -9.693510873
    1.618396215   -2.792526803  -72.463734800   53.030660082   -6.307830643
    1.808795770   -2.792526803  -62.813221419   45.846832143   -2.932667479
    1.999195325   -2.792526803  -55.804025485   26.114437208    0.455080700
    2.189594880   -2.792526803  -53.288252585   -0.232887249    4.083600534
    2.379994435   -2.792526803  -55.883714186  -26.505846648    8.167960525
    2.570393989   -2.792526803  -63.005909094  -46.965697672   12.702353466
    2.760793544   -2.792526803  -73.148831257  -57.811810755   17.390039078
    2.951193099   -2.792526803  -84.305056345  -57.636863785   21.720277647

   -3.141592654   -2.443460953  -85.940728648  -42.881251596   22.840441920
   -2.951193099   -2.443460953  -92.807881261  -28.726950749   24.414414448
   -2.760793544   -2.443460953  -96.728522306  -12.601837546   24.914309202
   -2.570393989   -2.443460953  -97.728030018    1.408904186   24.696743963
   -2.379994435   -2.443460953  -96.486334899   10.709085064   24.256960359
   -2.189594880   -2.443460953  -93.968334854   14.956265451   24.052783937
   -1.999195325   -2.443460953  -91.002145014   15.844562359   24.332834193
   -1.808795770   -2.443460953  -87.979503429   15.982607529   25.020553545
   -1.618396215   -2.443460953  -84.818752003   17.545070335   25.695735078
   -1.427996661   -2.443460953  -81.154006828   21.239436025   25.711869750
   -1.237597106   -2.443460953  -76.647122566   26.112523333   24.425769546
   -1.047197551   -2.443460953  -71.256775961   30.127371553   21.455163393
   -0.856797996   -2.443460953  -65.351738236   31.154169501   16.831753956
   -0.666398442   -2.443460953  -59.661779993   27.644854824   10.994499987
   -0.475998887   -2.443460953  -55.127857809   18.981236457    4.643102738
   -0.285599332   -2.443460953  -52.724755189    5.414909853   -1.507552390
   -0.095199777   -2.443460953  -53.288008559  -11.879705816   -6.899839341
    0.095199777   -2.443460953  -57.312562434  -30.392306269  -11.221608010
    0.285599332   -2.443460953  -64.664474692  -46.016356664  -14.351606111
    0.475998887   -2.443460953  -74.306576780  -53.578605778  -16.267624857
    0.666398442   -2.443460953  -84.250943296  -48.643655995  -16.968381596
    0.856797996   -2.443460953  -91.940063011  -30.106650038  -16.487950331
    1.047197551   -2.443460953  -95.074049233   -1.829715676  -14.937783919
    1.237597106   -2.443460953  -92.523497555   28.046536887  -12.567676929
    1.427996661   -2.443460953  -84.874771538   50.326212902   -9.704177432
    1.618396215   -2.443460953  -74.255181437   58.580164991   -6.632515653
    1.808795770   -2.443460953  -63.554744952   51.369741039   -3.469247954
    1.999195325   -2.443460953  -55.465311421   32.013613706   -0.135893368
    2.189594880   -2.443460953  -51.753286976    6.482415559    3.535686331
    2.379994435   -2.443460953  -52.977844901  -18.850023259    7.633809471
    2.570393989   -2.443460953  -58.578092973  -38.750894500   12.023712304
    2.760793544   -2.443460953  -67.164584869  -49.849607527   16.336302220
    2.951193099   -2.443460953  -76.904934977  -50.890418417   20.081426658

   -3.141592654   -2.094395102  -79.604059610  -39.428188918   13.901936802
   -2.951193099   -2.094395102  -85.965030871  -26.842444643   14.835674554
   -2.760793544   -2.094395102  -89.655201035  -12.009285371   15.233752150
   -2.570393989   -2.094395102  -90.629039564    1.168228924   15.317012349
   -2.379994435   -2.094395102  -89.475779134   10.093526245   15.259455100
   -2.189594880   -2.094395102  -87.084406720   14.272304758   15.125298641
   -1.999195325   -2.094395102  -84.250457534   15.111873997   14.856330805
   -1.808795770   -2.094395102  -81.397022662   14.851945165   14.285499060
   -1.618396215   -2.094395102  -78.541051572   15.351562071   13.168287946
   -1.427996661   -2.094395102  -75.456102328   17.230755675   11.249173198
   -1.237597106   -2.094395102  -71.929641720   19.790812651    8.363408194
   -1.047197551   -2.094395102  -67.965440309   21.546330162    4.549829059
   -0.856797996   -2.094395102  -63.859060994   21.017796463    0.084330568
   -0.666398442   -2.094395102  -60.154519807   17.161346984   -4.572039453
   -0.475998887   -2.094395102  -57.544727070    9.465927732   -8.898620464
   -0.285599332   -2.094395102  -56.776793210   -2.105667270  -12.481672694
   -0.095199777   -2.094395102  -58.540583528  -16.935125312  -15.108272797
    0.095199777   -2.094395102  -63.296070338  -33.055607015  -16.790000648
    0.285599332   -2.094395102  -70.959326813  -46.697305677  -17.679569723
    0.475998887   -2.094395102  -80.580504272  -52.738403403  -17.960786220
    0.666398442   -2.094395102  -90.248403732  -46.620697612  -17.747900131
    0.856797996   -2.094395102  -97.457077637  -27.097220214  -17.067290309
    1.047197551   -2.094395102  -99.938667573    1.986239298  -15.876484354
    1.237597106   -2.094395102  -96.602949350   32.437997242  -14.161984547
    1.427996661   -2.094395102  -88.084226121   55.031786170  -11.964394268
    1.618396215   -2.094395102  -76.552108217   63.443559320   -9.378910493
    1.808795770   -2.094395102  -64.908236967   56.430956623   -6.496712094
    1.999195325   -2.094395102  -55.819164338   37.480623881   -3.372146239
    2.189594880   -2.094395102  -51.011146722   12.534365180   -0.041803766
    2.379994435   -2.094395102  -51.029290504  -12.278495514    3.410387319
    2.570393989   -2.094395102  -55.357791861  -32.065546279    6.792689743
    2.760793544   -2.094395102  -62.709559980  -43.689686038    9.827315475
    2.951193099   -2.094395102  -71.378156678  -45.888876731   12.243783831

   -3.141592654   -1.745329252  -76.870187947  -37.949734890    4.825881924
   -2.951193099   -1.745329252  -83.027171310  -26.127547143    4.924342766
   -2.760793544   -1.745329252  -86.628045616  -11.751653132    4.934155934
   -2.570393989   -1.745329252  -87.579576385    1.154058858    4.952382326
   -2.379994435   -1.745329252  -86.458129666    9.744815616    4.882109401
   -2.189594880   -1.745329252  -84.187219951   13.289483861    4.467935998
   -1.999195325   -1.745329252  -81.635369122   13.049641042    3.425488153
   -1.808795770   -1.745329252  -79.314387072   11.254377710    1.575857180
   -1.618396215   -1.745329252  -77.315730456    9.920952201   -1.079038055
   -1.427996661   -1.745329252  -75.439044217   10.015179722   -4.358067908
   -1.237597106   -1.745329252  -73.419320737   11.316804032   -7.958705060
   -1.047197551   -1.745329252  -71.114833993   12.784870064  -11.515567144
   -0.856797996   -1.745329252  -68.610154985   13.159137182  -14.672403004
   -0.666398442   -1.745329252  -66.228018117   11.284505387  -17.130369356
   -0.475998887   -1.745329252  -64.494075276    6.199611031  -18.689827811
   -0.285599332   -1.745329252  -64.093362520   -2.737071177  -19.303579287
   -0.095199777   -1.745329252  -65.766316094  -15.473879863  -19.092068305
    0.095199777   -1.745329252  -70.113143192  -30.379181578  -18.335336337
    0.285599332   -1.745329252  -77.225879205  -43.727114262  -17.384105532
    0.475998887   -1.745329252  -86.311265480  -50.155561280  -16.544763912
    0.666398442   -1.745329252  -95.548768113  -44.691561321  -15.960605410
    0.856797996   -1.745329252 -102.441692053  -25.639849244  -15.566382821
    1.047197551   -1.745329252 -104.655607449    3.423939621  -15.112294562
    1.237597106   -1.745329252 -101.006711311   34.357678844  -14.304580023
    1.427996661   -1.745329252  -92.048160004   57.750209807  -12.928086785
    1.618396215   -1.745329252  -79.914764409   67.019625527  -10.941983105
    1.808795770   -1.745329252  -67.518121371   60.715244286   -8.465923663
    1.999195325   -1.745329252  -57.562872144   42.239449921   -5.716336194
    2.189594880   -1.745329252  -51.823523248   17.503501773   -2.931335817
    2.379994435   -1.745329252  -50.899171271   -7.412764643   -0.341243806
    2.570393989   -1.745329252  -54.339938549  -27.677187944    1.838863072
    2.760793544   -1.745329252  -60.930310521  -40.137725747    3.440880958
    2.951193099   -1.745329252  -69.021277840  -43.388840338    4.404105179

   -3.141592654   -1.396263402  -78.471620516  -39.161905865    2.731368608
   -2.951193099   -1.396263402  -84.831298849  -26.955422938    2.230210486
   -2.760793544   -1.396263402  -88.519977136  -11.840961951    1.707316182
   -2.570393989   -1.396263402  -89.427448155    1.620210410    1.202397046
   -2.379994435   -1.396263402  -88.218396208   10.045437835    0.526525489
   -2.189594880   -1.396263402  -85.983314466   12.450417631   -0.674514613
   -1.999195325   -1.396263402  -83.766873578   10.264537063   -2.739817858
   -1.808795770   -1.396263402  -82.188662747    6.246728711   -5.801573852
   -1.618396215   -1.396263402  -81.328011144    3.100274837   -9.672474701
   -1.427996661   -1.396263402  -80.846461586    2.383244382  -13.870097601
   -1.237597106   -1.396263402  -80.254111591    4.184280445  -17.767446169
   -1.047197551   -1.396263402  -79.159588254    7.395312094  -20.776794955
   -0.856797996   -1.396263402  -77.442924937   10.368531972  -22.516140990
   -0.666398442   -1.396263402  -75.315027046   11.401937356  -22.871805912
   -0.475998887   -1.396263402  -73.298265359    8.956868153  -21.977710598
   -0.285599332   -1.396263402  -72.177392864    1.915136546  -20.153596891
   -0.095199777   -1.396263402  -72.867708754   -9.999596496  -17.819023865
    0.095199777   -1.396263402  -76.188192929  -25.264236358  -15.430324120
    0.285599332   -1.396263402  -82.446299435  -40.008028639  -13.379036017
    0.475998887   -1.396263402  -91.009434066  -48.438499515  -11.908983414
    0.666398442   -1.396263402 -100.112364124  -44.931473152  -11.048010207
    0.856797996   -1.396263402 -107.183728980  -27.109590599  -10.614909452
    1.047197551   -1.396263402 -109.702846233    1.882635907  -10.282437534
    1.237597106   -1.396263402 -106.259627901   33.889979110   -9.722110468
    1.427996661   -1.396263402  -97.227899541   59.028118532   -8.711505274
    1.618396215   -1.396263402  -84.679393207   70.033169463   -7.205294616
    1.808795770   -1.396263402  -71.587035207   64.863685483   -5.312142640
    1.999195325   -1.396263402  -60.801189389   46.657651840   -3.230165917
    2.189594880   -1.396263402  -54.260899131   21.371801692   -1.179222088
    2.379994435   -1.396263402  -52.700446791   -4.675750834    0.627544396
    2.570393989   -1.396263402  -55.751689154  -26.342504316    1.998153089
    2.760793544   -1.396263402  -62.219027218  -40.136350387    2.795592204
    2.951193099   -1.396263402  -70.407769570  -44.319025150    2.997419368

   -3.141592654   -1.047197551  -81.093018431  -41.944445555    4.068079756
   -2.951193099   -1.047197551  -87.941059064  -29.218544915    2.574273211
   -2.760793544   -1.047197551  -91.982220846  -13.284905098    1.000354649
   -2.570393989   -1.047197551  -93.104104752    0.710697815   -0.539551079
   -2.379994435   -1.047197551  -92.079933948    8.845372642   -2.173183887
   -2.189594880   -1.047197551  -90.181173240    9.965613644   -4.229822327
   -1.999195325   -1.047197551  -88.616338520    5.851399677   -7.049438470
   -1.808795770   -1.047197551  -88.058699824    0.034561495  -10.740161676
   -1.618396215   -1.047197551  -88.479415165   -3.919655232  -15.011591114
   -1.427996661   -1.047197551  -89.291301967   -3.910731454  -19.201305180
   -1.237597106   -1.047197551  -89.705120173    0.131963542  -22.497480591
   -1.047197551   -1.047197551  -89.087425557    6.530300619  -24.237020363
   -0.856797996   -1.047197551  -87.216496526   12.799995260  -24.144516043
   -0.666398442   -1.047197551  -84.357917515   16.480188324  -22.389461528
   -0.475998887   -1.047197551  -81.208178965   15.562944218  -19.476276400
   -0.285599332   -1.047197551  -78.783933254    8.795387044  -16.050531334
   -0.095199777   -1.047197551  -78.231087257   -3.998642220  -12.697573347
    0.095199777   -1.047197551  -80.562964196  -20.990964712   -9.823884349
    0.285599332   -1.047197551  -86.208495429  -37.871146489   -7.590527366
    0.475998887   -1.047197551  -94.562156767  -48.306863069   -5.946239726
    0.666398442   -1.047197551 -103.781573800  -46.150747633   -4.710192635
    0.856797996   -1.047197551 -111.134974596  -28.686694656   -3.685343679
    1.047197551   -1.047197551 -113.905500731    0.949660358   -2.726524953
    1.237597106   -1.047197551 -110.519392006   34.282689339   -1.763033903
    1.427996661   -1.047197551 -101.269005254   60.899938093   -0.758115484
    1.618396215   -1.047197551  -88.247313673   73.029624938    0.316285829
    1.808795770   -1.047197551  -74.529206696   68.307477358    1.482256755
    1.999195325   -1.047197551  -63.103831401   49.809149060    2.724928855
    2.189594880   -1.047197551  -56.041334961   23.615347228    3.961782857
    2.379994435   -1.047197551  -54.173760213   -3.738926975    5.027688308
    2.570393989   -1.047197551  -57.184890668  -26.856378867    5.705910156
    2.760793544   -1.047197551  -63.878966386  -41.945968029    5.798359262
    2.951193099   -1.047197551  -72.501345775  -46.959848442    5.222491465

   -3.141592654   -0.698131701  -81.206997116  -46.011673275    3.884011527
   -2.951193099   -0.698131701  -88.845391431  -33.361669358    1.225566401
   -2.760793544   -0.698131701  -93.648675500  -17.112308110   -1.532401365
   -2.570393989   -0.698131701  -95.468609873   -2.841442672   -4.172001990
   -2.379994435   -0.698131701  -95.131003084    5.078605544   -6.722034468
   -2.189594880   -0.698131701  -94.023682754    5.320732906   -9.439836037
   -1.999195325   -0.698131701  -93.460851300   -0.040892145  -12.609821781
   -1.808795770   -0.698131701  -94.123704887   -6.766601570  -16.266622644
   -1.618396215   -0.698131701  -95.841950508  -10.501963839  -20.010683266
   -1.427996661   -0.698131701  -97.763428204   -8.711735954  -23.073249163
   -1.237597106   -0.698131701  -98.808800851   -1.516507446  -24.620477274
   -1.047197551   -0.698131701  -98.149403705    8.634228423  -24.132379989
   -0.856797996   -0.698131701  -95.545607551   18.244742438  -21.647722868
   -0.666398442   -0.698131701  -91.426077025   24.023175598  -17.742228587
   -0.475998887   -0.698131701  -86.768046585   23.584300786  -13.288039423
   -0.285599332   -0.698131701  -82.892011395   15.809815940   -9.120614812
   -0.095199777   -0.698131701  -81.181503630    1.035996353   -5.759605869
    0.095199777   -0.698131701  -82.768674335  -18.184736052   -3.295612053
    0.285599332   -0.698131701  -88.061601800  -36.853521161   -1.437504545
    0.475998887   -0.698131701  -96.322664149  -48.187234227    0.266603690
    0.666398442   -0.698131701 -105.526318858  -45.972755117    2.156561602
    0.856797996   -0.698131701 -112.782454500  -27.786185597    4.261155913
    1.047197551   -0.698131701 -115.292182605    2.763044993    6.303326579
    1.237597106   -0.698131701 -111.486954829   36.802534337    7.897023339
    1.427996661   -0.698131701 -101.719010962   63.741455222    8.809620090
    1.618396215   -0.698131701  -88.154339415   75.835339855    9.092952136
    1.808795770   -0.698131701  -73.926253716   70.820540469    9.018994105
    1.999195325   -0.698131701  -62.066095060   51.829877180    8.887198520
    2.189594880   -0.698131701  -54.683110031   24.919389747    8.842195065
    2.379994435   -0.698131701  -52.657433412   -3.426281850    8.800103648
    2.570393989   -0.698131701  -55.724863049  -27.790949050    8.506329145
    2.760793544   -0.698131701  -62.725063003  -44.216679587    7.669291114
    2.951193099   -0.698131701  -71.893886982  -50.370683272    6.115629706

   -3.141592654   -0.349065850  -80.147742381  -51.501018934    3.010918694
   -2.951193099   -0.349065850  -88.885460204  -39.288392108   -0.163783094
   -2.760793544   -0.349065850  -94.806906187  -22.831712400   -3.371353848
   -2.570393989   -0.349065850  -97.667872878   -8.041719129   -6.391686545
   -2.379994435   -0.349065850  -98.280828803    0.232909296   -9.210927106
   -2.189594880   -0.349065850  -98.098125411    0.382708828  -11.995855542
   -1.999195325   -0.349065850  -98.509338323   -5.332999896  -14.906539000
   -1.808795770   -0.349065850 -100.189912072  -12.034303117  -17.851714107
   -1.618396215   -0.349065850 -102.826344287  -14.644992141  -20.356078946
   -1.427996661   -0.349065850 -105.317960854  -10.323261440  -21.683803711
   -1.237597106   -0.349065850 -106.342951229    0.415003865  -21.178898641
   -1.047197551   -0.349065850 -104.965798262   14.151243398  -18.636280341
   -0.856797996   -0.349065850 -101.046943986   26.285690736  -14.467864424
   -0.666398442   -0.349065850  -95.295643603   32.793603120   -9.565022070
   -0.475998887   -0.349065850  -89.047972019   31.231174418   -4.948289299
   -0.285599332   -0.349065850  -83.928917576   21.084291527   -1.363332300
   -0.095199777   -0.349065850  -81.467267651    3.693712670    0.981322327
    0.095199777   -0.349065850  -82.741641241  -17.357617681    2.446901058
    0.285599332   -0.349065850  -87.940932570  -36.443242056    3.755979323
    0.475998887   -0.349065850  -96.050278736  -46.821960054    5.608363335
    0.666398442   -0.349065850 -104.841380330  -42.990515908    8.296310594
    0.856797996   -0.349065850 -111.393786719  -23.526842724   11.519327172
    1.047197551   -0.349065850 -113.052488614    7.214738597   14.529618182
    1.237597106   -0.349065850 -108.475151313   40.290976246   16.540984577
    1.427996661   -0.349065850  -98.188923971   65.658222386   17.151091720
    1.618396215   -0.349065850  -84.403015747   76.320114374   16.505216039
    1.808795770   -0.349065850  -70.172259328   70.483288716   15.133324211
    1.999195325   -0.349065850  -58.406188689   51.255273878   13.609106203
    2.189594880   -0.349065850  -51.135834296   24.305600916   12.260236012
    2.379994435   -0.349065850  -49.248865286   -4.338592226   11.073945552
    2.570393989   -0.349065850  -52.559531346  -29.522549927    9.796352641
    2.760793544   -0.349065850  -60.005929697  -47.227418048    8.117422434
    2.951193099   -0.349065850  -69.882691817  -54.784695429    5.847927122

   -3.141592654    0.000000000  -79.308499671  -57.179411135    1.388373027
   -2.951193099    0.000000000  -89.164536976  -45.249751272   -1.598567932
   -2.760793544    0.000000000  -96.210068633  -28.595213310   -4.497093412
   -2.570393989    0.000000000 -100.127982109  -13.361145651   -7.161578276
   -2.379994435    0.000000000 -101.714514729   -4.703233035   -9.599073590
   -2.189594880    0.000000000 -102.450487055   -4.345723577  -11.920940488
   -1.999195325    0.000000000 -103.739300661   -9.760623378  -14.173999189
   -1.808795770    0.000000000 -106.186615006  -15.496192857  -16.155597005
   -1.618396215    0.000000000 -109.301394306  -15.994498731  -17.363491568
   -1.427996661    0.000000000 -111.758974294   -8.466177304  -17.178562990
   -1.237597106    0.000000000 -112.089204735    5.825768596  -15.206567425
   -1.047197551    0.000000000 -109.396667971   22.325452403  -11.576417014
   -0.856797996    0.000000000 -103.793055828   35.462983683   -6.978117827
   -0.666398442    0.000000000  -96.364425321   40.907489466   -2.402973099
   -0.475998887    0.000000000  -88.802962287   36.738708428    1.262026199
   -0.285599332    0.000000000  -82.927199298   23.553550850    3.610868417
   -0.095199777    0.000000000  -80.227859187    3.941732361    4.860713943
    0.095199777    0.000000000  -81.534348203  -17.622046171    5.744933865
    0.285599332    0.000000000  -86.681421148  -35.355816157    7.167893175
    0.475998887    0.000000000  -94.352372535  -43.214080799    9.760981105
    0.666398442    0.000000000 -102.214159030  -36.988810351   13.524081391
    0.856797996    0.000000000 -107.498249056  -16.537873179   17.755687136
    1.047197551    0.000000000 -107.889550411   13.195814356   21.344972967
    1.237597106    0.000000000 -102.402507535   43.678922753   23.308752144
    1.427996661    0.000000000  -91.765820614   65.985529570   23.252608830
    1.618396215    0.000000000  -78.163203380   74.256529985   21.491192134
    1.808795770    0.000000000  -64.456234748   67.262275212   18.786959869
    1.999195325    0.000000000  -53.326095683   47.934451842   15.917651704
    2.189594880    0.000000000  -46.657083569   21.328078344   13.343911598
    2.379994435    0.000000000  -45.315031900   -7.150881890   11.120893617
    2.570393989    0.000000000  -49.184984979  -32.675424473    9.031773137
    2.760793544    0.000000000  -57.302838684  -51.187291947    6.796713017
    2.951193099    0.000000000  -68.026065286  -59.713680311    4.245053084

   -3.141592654    0.349065850  -77.687467389  -61.067501437    0.850598771
   -2.951193099    0.349065850  -88.318157656  -49.454670173   -0.928562184
   -2.760793544    0.349065850  -96.185103264  -32.975735541   -2.561735629
   -2.570393989    0.349065850 -100.945232864  -17.804291066   -4.098008917
   -2.379994435    0.349065850 -103.377522275   -9.125956012   -5.620358983
   -2.189594880    0.349065850 -104.942161067   -8.576746547   -7.180075252
   -1.999195325    0.349065850 -106.986497545  -13.356273351   -8.698692999
   -1.808795770    0.349065850 -109.997863970  -17.668420131   -9.901932714
   -1.618396215    0.349065850 -113.317310040  -15.828564545  -10.361973389
   -1.427996661    0.349065850 -115.471177766   -5.398265418   -9.678456836
   -1.237597106    0.349065850 -114.953781117   11.536393421   -7.721526963
   -1.047197551    0.349065850 -111.009537375   29.493916416   -4.784446211
   -0.856797996    0.349065850 -104.038245240   42.362522610   -1.511311974
   -0.666398442    0.349065850  -95.451168562   45.967238849    1.379735216
   -0.475998887    0.349065850  -87.168096906   39.234982215    3.419945743
   -0.285599332    0.349065850  -81.034873300   23.925658807    4.628486282
   -0.095199777    0.349065850  -78.356600032    3.645238531    5.504153877
    0.095199777    0.349065850  -79.632721961  -16.699243331    6.828630617
    0.285599332    0.349065850  -84.360351732  -31.696532134    9.299608371
    0.475998887    0.349065850  -91.029924605  -36.414988459   13.166166362
    0.666398442    0.349065850  -97.369394825  -28.097472057   18.010237242
    0.856797996    0.349065850 -100.927907393   -7.732920049   22.824961919
    1.047197551    0.349065850  -99.843877261   19.522051051   26.391031700
    1.237597106    0.349065850  -93.522413940   45.973559597   27.805978158
    1.427996661    0.349065850  -82.853628764   64.145142310   26.853952893
    1.618396215    0.349065850  -69.909013695   69.464105536   24.029253543
    1.808795770    0.349065850  -57.257859118   61.257124171   20.218640522
    1.999195325    0.349065850  -47.265629944   42.179602485   16.273476655
    2.189594880    0.349065850  -41.604622767   16.548037562   12.720365333
    2.379994435    0.349065850  -41.075858716  -10.960428454    9.707614606
    2.570393989    0.349065850  -45.611231794  -35.941505568    7.143544613
    2.760793544    0.349065850  -54.339249511  -54.406314501    4.872691774
    2.951193099    0.349065850  -65.699189953  -63.217583945    2.787112382

   -3.141592654    0.698131701  -76.046068223  -62.807407670    0.224364738
   -2.951193099    0.698131701  -87.012251326  -51.243242427    0.039985219
   -2.760793544    0.698131701  -95.236842686  -34.935855286    0.014594097
   -2.570393989    0.698131701 -100.389767670  -19.956193808   -0.089238332
   -2.379994435    0.698131701 -103.244127576  -11.380744722   -0.427674666
   -2.189594880    0.698131701 -105.233973304  -10.740335219   -1.019986495
   -1.999195325    0.698131701 -107.658135870  -15.115179088   -1.743257921
   -1.808795770    0.698131701 -110.933862158  -18.613189707   -2.374994565
   -1.618396215    0.698131701 -114.325462401  -15.592625094   -2.675785333
   -1.427996661    0.698131701 -116.311108809   -3.880268954   -2.488670342
   -1.237597106    0.698131701 -115.405469126   13.996372831   -1.815762437
   -1.047197551    0.698131701 -110.958128713   32.169249238   -0.825931838
   -0.856797996    0.698131701 -103.523070819   44.437536100    0.241989297
   -0.666398442    0.698131701  -94.641365127   46.956922413    1.230238966
   -0.475998887    0.698131701  -86.264391162   39.334622819    2.181511675
   -0.285599332    0.698131701  -80.128221479   24.054716887    3.391195453
   -0.095199777    0.698131701  -77.313901192    5.186970450    5.301973486
    0.095199777    0.698131701  -78.056686876  -12.469127892    8.332750473
    0.285599332    0.698131701  -81.671304198  -24.237648646   12.625924344
    0.475998887    0.698131701  -86.654744875  -26.385316983   17.865429387
    0.666398442    0.698131701  -90.979870722  -17.360790302   23.242905226
    0.856797996    0.698131701  -92.623474518    1.216040731   27.660164787
    1.047197551    0.698131701  -90.184238096   24.527386685   30.099308172
    1.237597106    0.698131701  -83.373319303   46.080188976   30.031461667
    1.427996661    0.698131701  -73.118330673   59.903803295   27.600467426
    1.618396215    0.698131701  -61.270730687   62.510094506   23.516536539
    1.808795770    0.698131701  -50.047601768   53.506674599   18.715274771
    1.999195325    0.698131701  -41.485005049   35.095368459   14.000143677
    2.189594880    0.698131701  -37.047531190   10.832061587    9.858824431
    2.379994435    0.698131701  -37.468063229  -15.246736885    6.474719831
    2.570393989    0.698131701  -42.704473131  -39.078544137    3.864609388
    2.760793544    0.698131701  -51.949707373  -56.763664621    1.995730957
    2.951193099    0.698131701  -63.711684426  -65.128116176    0.816638729

   -3.141592654    1.047197551  -77.243446400  -62.756651633   -4.724930855
   -2.951193099    1.047197551  -88.125347519  -50.465353473   -3.706624391
   -2.760793544    1.047197551  -96.171669445  -33.904801586   -2.371719508
   -2.570393989    1.047197551 -101.138007550  -19.075605313   -1.094855523
   -2.379994435    1.047197551 -103.857273725  -10.856372354   -0.114329791
   -2.189594880    1.047197551 -105.782385305  -10.565558422    0.506323292
   -1.999195325    1.047197551 -108.195834534  -15.144346994    0.820453921
   -1.808795770    1.047197551 -111.482973960  -18.682045265    0.900521986
   -1.618396215    1.047197551 -114.884175068  -15.625527576    0.775656088
   -1.427996661    1.047197551 -116.875735441   -3.931519450    0.441089554
   -1.237597106    1.047197551 -115.991046522   13.796425227   -0.074401250
   -1.047197551    1.047197551 -111.601296542   31.755779982   -0.645478106
   -0.856797996    1.047197551 -104.254890145   43.967034107   -1.019927026
   -0.666398442    1.047197551  -95.434286347   46.884893497   -0.857563609
   -0.475998887    1.047197551  -86.976603796   40.397791806    0.187881576
   -0.285599332    1.047197551  -80.464585332   27.061602116    2.403613645
   -0.095199777    1.047197551  -76.841968129   10.733882513    5.922828166
    0.095199777    1.047197551  -76.279286098   -4.362595890   10.664890530
    0.285599332    1.047197551  -78.162025748  -14.356538762   16.235347254
    0.475998887    1.047197551  -81.214657757  -16.303680521   21.907549135
    0.666398442    1.047197551  -83.759455133   -9.076726818   26.714399549
    0.856797996    1.047197551  -84.143713188    5.912443076   29.707473343
    1.047197551    1.047197551  -81.233621832   24.722917222   30.258976566
    1.237597106    1.047197551  -74.802018170   42.040936900   28.311386794
    1.427996661    1.047197551  -65.624404561   52.892610717   24.361522682
    1.618396215    1.047197551  -55.263377503   54.178287623   19.240328410
    1.808795770    1.047197551  -45.635097652   45.270297677   13.788208291
    1.999195325    1.047197551  -38.560549806   27.784261145    8.617222453
    2.189594880    1.047197551  -35.401101718    4.731641389    4.071152318
    2.379994435    1.047197551  -36.865540478  -20.116554778    0.317389805
    2.570393989    1.047197551  -42.912401063  -42.713324922   -2.520174431
    2.760793544    1.047197551  -52.728708880  -59.112755066   -4.319887152
    2.951193099    1.047197551  -64.815293924  -66.188531687   -5.022436406

   -3.141592654    1.396263402  -82.263683529  -61.226142241  -10.281967576
   -2.951193099    1.396263402  -92.668494762  -47.105885922   -8.650614900
   -2.760793544    1.396263402  -99.971600419  -29.605177320   -6.645227520
   -2.570393989    1.396263402 -104.102778352  -14.732604834   -4.663717731
   -2.379994435    1.396263402 -106.043866515   -7.104934899   -2.917694248
   -2.189594880    1.396263402 -107.339287591   -7.735640770   -1.425328923
   -1.999195325    1.396263402 -109.314341698  -13.388739737   -0.133011027
   -1.808795770    1.396263402 -112.379538529  -18.134377283    0.942057895
   -1.618396215    1.396263402 -115.801922014  -16.418105633    1.669437515
   -1.427996661    1.396263402 -118.070637235   -6.028286931    1.899933087
   -1.237597106    1.396263402 -117.677467245   10.826270045    1.633447204
   -1.047197551    1.396263402 -113.866370782   28.820515376    1.118794987
   -0.856797996    1.396263402 -106.978692643   42.287909777    0.826276464
   -0.666398442    1.396263402  -98.262990214   47.623062774    1.285128065
   -0.475998887    1.396263402  -89.370243927   44.308241725    2.889441736
   -0.285599332    1.396263402  -81.798007038   34.239628072    5.784146255
   -0.095199777    1.396263402  -76.540393719   20.575132636    9.807669907
    0.095199777    1.396263402  -73.946378171    6.872197775   14.519040640
    0.285599332    1.396263402  -73.693134604   -3.474226437   19.220458016
    0.475998887    1.396263402  -74.859154772   -7.678816922   23.068093262
    0.666398442    1.396263402  -76.107692907   -4.283926337   25.257874592
    0.856797996    1.396263402  -76.013171413    6.106505054   25.288982354
    1.047197551    1.396263402  -73.487378546   20.634722732   23.132836794
    1.237597106    1.396263402  -68.151904408   34.857457297   19.265692063
    1.427996661    1.396263402  -60.513636064   44.148672210   14.441668588
    1.618396215    1.396263402  -51.860520150   45.142917918    9.400655150
    1.808795770    1.396263402  -43.919923281   36.630769320    4.631813445
    1.999195325    1.396263402  -38.435475114   19.724786465    0.329704146
    2.189594880    1.396263402  -36.754353177   -2.726963655   -3.472467797
    2.379994435    1.396263402  -39.567367964  -26.759495118   -6.720927146
    2.570393989    1.396263402  -46.762333508  -48.018037037   -9.233622428
    2.760793544    1.396263402  -57.410003078  -62.427685834  -10.749288338
    2.951193099    1.396263402  -69.900729119  -67.062642289  -11.083020921

   -3.141592654    1.745329252  -88.623206552  -59.100937133  -16.385792422
   -2.951193099    1.745329252  -98.453919734  -43.339238425  -14.793648769
   -2.760793544    1.745329252 -104.952675294  -25.068671010  -12.577594229
   -2.570393989    1.745329252 -108.209956899  -10.195775428  -10.076696263
   -2.379994435    1.745329252 -109.324946891   -3.015176761   -7.482092319
   -2.189594880    1.745329252 -109.899413203   -4.272204713   -4.832919059
   -1.999195325    1.745329252 -111.283741308  -10.676986863   -2.145007914
   -1.808795770    1.745329252 -113.920207224  -16.391372077    0.446850607
   -1.618396215    1.745329252 -117.121338228  -15.872742573    2.658911920
   -1.427996661    1.745329252 -119.399518030   -6.640949457    4.191997629
   -1.237597106    1.745329252 -119.192290351    9.606857348    4.946186522
   -1.047197551    1.745329252 -115.590003623   28.034519046    5.150198020
   -0.856797996    1.745329252 -108.713675343   43.134593850    5.316631687
   -0.666398442    1.745329252  -99.606527774   50.979758486    6.020852217
   -0.475998887    1.745329252  -89.812097406   50.394452480    7.640407894
   -0.285599332    1.745329252  -80.858733423   42.503704753   10.205761068
   -0.095199777    1.745329252  -73.911413615   29.818735443   13.370474391
    0.095199777    1.745329252  -69.591606987   15.459556197   16.513861821
    0.285599332    1.745329252  -67.904266114    2.721873750   18.874564700
    0.475998887    1.745329252  -68.234510478   -5.279588422   19.756516592
    0.666398442    1.745329252  -69.444173359   -6.275474642   18.742857617
    0.856797996    1.745329252  -70.117092767    0.207635691   15.884704663
    1.047197551    1.745329252  -68.977368313   12.270080615   11.694881503
    1.237597106    1.745329252  -65.326391868   25.806896813    6.981087034
    1.427996661    1.745329252  -59.358588751   35.814730933    2.494831145
    1.618396215    1.745329252  -52.172529322   38.077669431   -1.339541351
    1.808795770    1.745329252  -45.470765836   30.595018469   -4.513414338
    1.999195325    1.745329252  -41.083976134   14.141008908   -7.291409919
    2.189594880    1.745329252  -40.455929872   -8.220178410   -9.947527736
    2.379994435    1.745329252  -44.296832690  -31.978087641  -12.539171712
    2.570393989    1.745329252  -52.408006559  -52.275391384  -14.836379518
    2.760793544    1.745329252  -63.709010187  -64.893054926  -16.439079004
    2.951193099    1.745329252  -76.453482513  -67.203444571  -16.992812834

   -3.141592654    2.094395102  -95.423357732  -57.623294054  -18.810404613
   -2.951193099    2.094395102 -104.813177020  -40.286084744  -17.369125173
   -2.760793544    2.094395102 -110.626707915  -21.026680829  -15.181387610
   -2.570393989    2.094395102 -113.061018812   -5.663585357  -12.511010401
   -2.379994435    2.094395102 -113.287380072    1.757087362   -9.504458657
   -2.189594880    2.094395102 -112.938134085    0.637261108   -6.174627765
   -1.999195325    2.094395102 -113.387281502   -5.813252281   -2.520180460
   -1.808795770    2.094395102 -115.131681837  -11.972930801    1.323669069
   -1.618396215    2.094395102 -117.572946754  -12.393752857    5.028703451
   -1.427996661    2.094395102 -119.301717392   -4.367233871    8.181300832
   -1.237597106    2.094395102 -118.759595201   10.928252965   10.493947273
   -1.047197551    2.094395102 -114.936787207   29.179778029   11.965599393
   -0.856797996    2.094395102 -107.780733279   45.072670280   12.885179361
   -0.666398442    2.094395102  -98.171722100   54.367159989   13.655853941
   -0.475998887    2.094395102  -87.588407300   55.222733863   14.557539968
   -0.285599332    2.094395102  -77.633021210   48.013498612   15.586990672
   -0.095199777    2.094395102  -69.672225719   34.709840718   16.422040938
    0.095199777    2.094395102  -64.597955494   18.249874337   16.533355059
    0.285599332    2.094395102  -62.678962463    2.206826132   15.365642224
    0.475998887    2.094395102  -63.468060020   -9.589351411   12.584879415
    0.666398442    2.094395102  -65.827662518  -13.858523745    8.280374287
    0.856797996    2.094395102  -68.146400864   -9.193932481    3.042897700
    1.047197551    2.094395102  -68.817863720    2.974186824   -2.212383217
    1.237597106    2.094395102  -66.792243670   18.233868746   -6.581108238
    1.427996661    2.094395102  -62.036495335   30.677622374   -9.559435243
    1.618396215    2.094395102  -55.617815189   35.017002189  -11.214357171
    1.808795770    2.094395102  -49.383594810   28.545295089  -12.075934758
    1.999195325    2.094395102  -45.384247218   11.967218147  -12.818289732
    2.189594880    2.094395102  -45.237927568  -11.141232189  -13.927397649
    2.379994435    2.094395102  -49.701729903  -35.507703635  -15.498304099
    2.570393989    2.094395102  -58.486232324  -55.652344489  -17.240088977
    2.760793544    2.094395102  -70.339889549  -67.159684320  -18.649877313
    2.951193099    2.094395102  -83.352025255  -67.669567888  -19.253896748

   -3.141592654    2.443460953 -101.792016203  -56.822070435  -12.888553075
   -2.951193099    2.443460953 -110.896984315  -38.152385217  -11.175871433
   -2.760793544    2.443460953 -116.196016253  -17.806270848   -8.929792634
   -2.570393989    2.443460953 -117.927106263   -1.515435655   -6.376595955
   -2.379994435    2.443460953 -117.273230389    6.865858379   -3.612627359
   -2.189594880    2.443460953 -115.850731891    6.803059619   -0.564778784
   -1.999195325    2.443460953 -115.029983005    1.311671556    2.900809147
   -1.808795770    2.443460953 -115.360741604   -4.363699684    6.795933926
   -1.618396215    2.443460953 -116.366732908   -5.075173425   10.879323558
   -1.427996661    2.443460953 -116.791433149    1.896482950   14.691516114
   -1.237597106    2.443460953 -115.192598839   15.729126707   17.742639489
   -1.047197551    2.443460953 -110.591402460   32.602501676   19.727632093
   -0.856797996    2.443460953 -102.881666826   47.540257373   20.629783847
   -0.666398442    2.443460953  -92.859695618   56.274217294   20.642242940
   -0.475998887    2.443460953  -81.959193555   56.606254969   19.980091209
   -0.285599332    2.443460953  -71.822423033   48.417014191   18.704464311
   -0.095199777    2.443460953  -63.942012071   33.305058883   16.658101565
    0.095199777    2.443460953  -59.377818218   14.164946121   13.556119447
    0.285599332    2.443460953  -58.533891695   -5.025355004    9.181006990
    0.475998887    2.443460953  -60.980292361  -19.628901637    3.622879479
    0.666398442    2.443460953  -65.422900967  -25.397840746   -2.581211869
    0.856797996    2.443460953  -69.927654777  -20.256425417   -8.508410686
    1.047197551    2.443460953  -72.500502859   -5.642823164  -13.157964671
    1.237597106    2.443460953  -71.782280478   13.217624785  -15.853011620
    1.427996661    2.443460953  -67.636337845   29.172062333  -16.538700177
    1.618396215    2.443460953  -61.258219189   35.841926829  -15.769677290
    1.808795770    2.443460953  -54.776804714   30.056028951  -14.421455921
    1.999195325    2.443460953  -50.540835672   12.772090724  -13.295760310
    2.189594880    2.443460953  -50.368250868  -11.698499938  -12.840507582
    2.379994435    2.443460953  -55.061573549  -37.267302698  -13.059900134
    2.570393989    2.443460953  -64.239962442  -57.874680391  -13.615712340
    2.760793544    2.443460953  -76.488535511  -68.934667964  -14.021965772
    2.951193099    2.443460953  -89.737364790  -68.297093939  -13.851360137

   -3.141592654    2.792526803 -105.005792243  -55.245156377    0.931539286
   -2.951193099    2.792526803 -113.720117129  -35.676822183    3.013467474
   -2.760793544    2.792526803 -118.477931658  -14.645510247    4.933226500
   -2.570393989    2.792526803 -119.556103532    2.164501576    6.638252534
   -2.379994435    2.792526803 -118.150554764   11.103835643    8.303254668
   -2.189594880    2.792526803 -115.849623191   11.832892874   10.286403452
   -1.999195325    2.792526803 -113.976503681    7.353142159   12.942663373
   -1.808795770    2.792526803 -113.063202144    2.612208152   16.386193829
   -1.618396215    2.792526803 -112.689459644    2.316099017   20.337412231
   -1.427996661    2.792526803 -111.733432759    8.848883450   24.167848709
   -1.237597106    2.792526803 -108.924242393   21.355425896   27.132103469
   -1.047197551    2.792526803 -103.430918435   36.277259356   28.654234870
   -0.856797996    2.792526803  -95.229538473   49.011539322   28.511533128
   -0.666398442    2.792526803  -85.137711931   55.539749540   26.818367103
   -0.475998887    2.792526803  -74.584598515   53.682557652   23.871301244
   -0.285599332    2.792526803  -65.220498580   43.196677035   19.946799903
   -0.095199777    2.792526803  -58.566821396   25.621454883   15.202543902
    0.095199777    2.792526803  -55.700791441    4.048713151    9.707619445
    0.285599332    2.792526803  -56.975459406  -17.014087028    3.590356876
    0.475998887    2.792526803  -61.787707504  -32.221455686   -2.791590269
    0.666398442    2.792526803  -68.543016920  -36.762420535   -8.784484584
    0.856797996    2.792526803  -74.944808767  -28.533663620  -13.563517810
    1.047197551    2.792526803  -78.699228014   -9.657124783  -16.425437661
    1.237597106    2.792526803  -78.331714567   13.450142205  -17.110860250
    1.427996661    2.792526803  -73.824652183   32.470779329  -15.938784387
    1.618396215    2.792526803  -66.668007159   40.419506026  -13.657982091
    1.808795770    2.792526803  -59.330075551   34.257866830  -11.102771568
    1.999195325    2.792526803  -54.416279048   15.603022736   -8.857593480
    2.189594880    2.792526803  -53.857366352  -10.436044912   -7.116573691
    2.379994435    2.792526803  -58.431344236  -37.168946009   -5.737664441
    2.570393989    2.792526803  -67.647376610  -58.242839989   -4.427687687
    2.760793544    2.792526803  -79.953391155  -69.066463781   -2.923761234
    2.951193099    2.792526803  -93.161056031  -67.682035484   -1.114367902
