#! FIELDS phi psi file.free der_phi der_psi
#! SET min_phi -pi
#! SET max_phi pi
#! SET nbins_phi  33
#! SET periodic_phi true
#! SET min_psi -pi
#! SET max_psi pi
#! SET nbins_psi  18
#! SET periodic_psi true
   -3.141592654   -3.141592654  -48.974616454  -52.002012675   10.247127019
   -2.951193099   -3.141592654  -57.677645112  -38.227502511   12.866828729
   -2.760793544   -3.141592654  -63.194633694  -19.371161485   15.062544378
   -2.570393989   -3.141592654  -65.101546568   -1.285443325   16.737028428
   -2.379994435   -3.141592654  -64.068164307   10.858936443   18.043185261
   -2.189594880   -3.141592654  -61.485341705   14.971881670   19.304115692
   -1.999195325   -3.141592654  -58.768980687   12.846718034   20.802612916
   -1.808795770   -3.141592654  -56.706975060    8.938605482   22.551383854
   -1.618396215   -3.141592654  -55.180446326    7.860060768   24.197065565
   -1.427996661   -3.141592654  -53.374099350   12.023285863   25.137224315
   -1.237597106   -3.141592654  -50.317306979   20.615683887   24.804330655
   -1.047197551   -3.141592654  -45.451587840   30.311940565   22.949612037
   -0.856797996   -3.141592654  -38.944200187   37.220108950   19.772506726
   -0.666398442   -3.141592654  -31.615389215   38.579770363   15.807701812
   -0.475998887   -3.141592654  -24.622542500   33.779297086   11.668639471
   -0.285599332   -3.141592654  -19.055578222   23.934067235    7.764598548
   -0.095199777   -3.141592654  -15.684459353   11.124385572    4.182919893
    0.095199777   -3.141592654  -14.845041107   -2.227551364    0.752150903
    0.285599332   -3.141592654  -16.393681768  -13.508955495   -2.734407947
    0.475998887   -3.141592654  -19.675280019  -20.021900868   -6.281550969
    0.666398442   -3.141592654  -23.563140461  -19.616802733   -9.570330715
    0.856797996   -3.141592654  -26.667703920  -11.971168402  -12.046057609
    1.047197551   -3.141592654  -27.782953433    0.724369774  -13.172695647
    1.237597106   -3.141592654  -26.340427633   14.090466582  -12.730358463
    1.427996661   -3.141592654  -22.671138610   23.446605144  -10.945805567
    1.618396215   -3.141592654  -17.865893433   25.741869246   -8.386236552
    1.808795770   -3.141592654  -13.355861973   20.449083854   -5.684205292
    1.999195325   -3.141592654  -10.472461391    8.989767216   -3.260460813
    2.189594880   -3.141592654  -10.186243841   -6.454984344   -1.208721042
    2.379994435   -3.141592654  -13.039840038  -23.593602878    0.652339430
    2.570393989   -3.141592654  -19.118386226  -39.853069692    2.608640099
    2.760793544   -3.141592654  -27.961168923  -52.051625451    4.875784970
    2.951193099   -3.141592654  -38.464937306  -56.809314849    7.480398313

   -3.141592654   -2.792526803  -44.255276862  -46.355124453   16.018756323
   -2.951193099   -2.792526803  -51.980507237  -33.722257065   19.100033399
   -2.760793544   -2.792526803  -56.784486977  -16.414303713   21.262910855
   -2.570393989   -2.792526803  -58.267209988    0.290438507   22.472855251
   -2.379994435   -2.792526803  -57.014157154   11.730958040   23.028673925
   -2.189594880   -2.792526803  -54.264708337   15.976846035   23.398267203
   -1.999195325   -2.792526803  -51.299009356   14.495489822   23.949963653
   -1.808795770   -2.792526803  -48.869142799   11.062729273   24.720039360
   -1.618396215   -2.792526803  -46.956421804    9.607248020   25.358867720
   -1.427996661   -2.792526803  -44.945483435   12.237447441   25.292340379
   -1.237597106   -2.792526803  -42.070174749   18.398760004   24.018564793
   -1.047197551   -2.792526803  -37.880275677   25.478271448   21.366962910
   -0.856797996   -2.792526803  -32.500738490   30.366883456   17.591311765
   -0.666398442   -2.792526803  -26.586597865   30.777677886   13.230059088
   -0.475998887   -2.792526803  -21.087711733   26.035094412    8.857156037
   -0.285599332   -2.792526803  -16.942162389   16.799502345    4.818515432
   -0.095199777   -2.792526803  -14.868423206    4.599737040    1.152856137
    0.095199777   -2.792526803  -15.236123169   -8.427914024   -2.324265721
    0.285599332   -2.792526803  -17.950500087  -19.542911851   -5.787631137
    0.475998887   -2.792526803  -22.347094182  -25.599072640   -9.187768255
    0.666398442   -2.792526803  -27.197573780  -23.994132981  -12.165071491
    0.856797996   -2.792526803  -30.951952821  -14.273179563  -14.176236216
    1.047197551   -2.792526803  -32.263955799    1.006186451  -14.751419271
    1.237597106   -2.792526803  -30.530454599   16.784076474  -13.766631444
    1.427996661   -2.792526803  -26.180031133   27.739969367  -11.523836853
    1.618396215   -2.792526803  -20.488780665   30.584258393   -8.609070911
    1.808795770   -2.792526803  -15.072395432   25.034321196   -5.607351537
    1.999195325   -2.792526803  -11.365355947   13.061258035   -2.843819816
    2.189594880   -2.792526803  -10.333777624   -2.618280839   -0.301626077
    2.379994435   -2.792526803  -12.436500326  -19.452573844    2.285174124
    2.570393989   -2.792526803  -17.660340816  -34.972224027    5.218719043
    2.760793544   -2.792526803  -25.494812317  -46.380530306    8.629953396
    2.951193099   -2.792526803  -34.873118146  -50.772475547   12.363910771

   -3.141592654   -2.443460953  -38.447374175  -40.096826960   16.161723764
   -2.951193099   -2.443460953  -45.116611911  -29.006271668   18.748849035
   -2.760793544   -2.443460953  -49.201528095  -13.588039978   20.336427405
   -2.570393989   -2.443460953  -50.307598945    1.518143892   20.965514116
   -2.379994435   -2.443460953  -48.914318417   12.123443231   20.954537327
   -2.189594880   -2.443460953  -46.102951461   16.347936643   20.720064701
   -1.999195325   -2.443460953  -43.032657791   15.233436011   20.550394465
   -1.808795770   -2.443460953  -40.445381964   11.872541384   20.444415954
   -1.618396215   -2.443460953  -38.437312112    9.626667714   20.110355368
   -1.427996661   -2.443460953  -36.578336818   10.475836016   19.124040851
   -1.237597106   -2.443460953  -34.261387320   14.252639905   17.167736269
   -1.047197551   -2.443460953  -31.085935853   19.062978146   14.212293742
   -0.856797996   -2.443460953  -27.086764686   22.462112666   10.556549912
   -0.666398442   -2.443460953  -22.734023690   22.481403131    6.678625852
   -0.475998887   -2.443460953  -18.777359086   18.257515955    3.023345239
   -0.285599332   -2.443460953  -16.026778294    9.955365050   -0.208365850
   -0.095199777   -2.443460953  -15.174129252   -1.430482117   -3.090853403
    0.095199777   -2.443460953  -16.642128287  -14.011366930   -5.867433570
    0.285599332   -2.443460953  -20.398118870  -24.898221391   -8.722903304
    0.475998887   -2.443460953  -25.779638555  -30.495441034  -11.591835350
    0.666398442   -2.443460953  -31.467934003  -27.750584496  -14.100050088
    0.856797996   -2.443460953  -35.762892079  -16.052814920  -15.704605866
    1.047197551   -2.443460953  -37.181601149    1.710581391  -15.942884572
    1.237597106   -2.443460953  -35.082740124   19.844421486  -14.690403501
    1.427996661   -2.443460953  -29.981695775   32.403911573  -12.230001577
    1.618396215   -2.443460953  -23.328784243   35.856983450   -9.118444835
    1.808795770   -2.443460953  -16.914940395   30.151573561   -5.912985513
    1.999195325   -2.443460953  -12.270347507   17.801936562   -2.926057837
    2.189594880   -2.443460953  -10.350032858    2.057218730   -0.145323695
    2.379994435   -2.443460953  -11.524761689  -14.293794234    2.669988814
    2.570393989   -2.443460953  -15.686477393  -28.947343440    5.774559072
    2.760793544   -2.443460953  -22.292605997  -39.570667029    9.235068609
    2.951193099   -2.443460953  -30.343462452  -43.782535279   12.838329855

   -3.141592654   -2.094395102  -33.351578008  -35.337215509   12.483204853
   -2.951193099   -2.094395102  -39.254620398  -25.801612867   14.085780692
   -2.760793544   -2.094395102  -42.896989053  -12.144211181   14.907375185
   -2.570393989   -2.094395102  -43.878093578    1.462437918   15.031412415
   -2.379994435   -2.094395102  -42.596053643   11.109765910   14.683755005
   -2.189594880   -2.094395102  -40.025918964   14.896357655   14.095830612
   -1.999195325   -2.094395102  -37.252799652   13.567466943   13.381572364
   -1.808795770   -2.094395102  -35.013545097    9.828074663   12.484102978
   -1.618396215   -2.094395102  -33.462583172    6.795257747   11.225427966
   -1.427996661   -2.094395102  -32.248120964    6.499746732    9.429763908
   -1.237597106   -2.094395102  -30.803535138    9.100124657    7.057031883
   -1.047197551   -2.094395102  -28.693037021   13.141746673    4.266326543
   -0.856797996   -2.094395102  -25.841132116   16.467645446    1.377643727
   -0.666398442   -2.094395102  -22.580947234   17.111132621   -1.276012743
   -0.475998887   -2.094395102  -19.556351143   13.864253092   -3.491836145
   -0.285599332   -2.094395102  -17.556218868    6.415520883   -5.306001472
   -0.095199777   -2.094395102  -17.335483711   -4.625197193   -6.951016417
    0.095199777   -2.094395102  -19.424721379  -17.412965146   -8.726406443
    0.285599332   -2.094395102  -23.870006388  -28.722917326  -10.801708898
    0.475998887   -2.094395102  -29.997472102  -34.387396676  -13.070658847
    0.666398442   -2.094395102  -36.368498390  -30.857607315  -15.128723894
    0.856797996   -2.094395102  -41.100534717  -17.379985223  -16.419527247
    1.047197551   -2.094395102  -42.547910518    2.791514306  -16.464038804
    1.237597106   -2.094395102  -40.012691264   23.276021592  -15.108124431
    1.427996661   -2.094395102  -34.087686825   37.463714016  -12.588809193
    1.618396215   -2.094395102  -26.395534557   41.541718993   -9.423786234
    1.808795770   -2.094395102  -18.906850682   35.657312180   -6.158424081
    1.999195325   -2.094395102  -13.257762531   22.844253333   -3.134158167
    2.189594880   -2.094395102  -10.406135326    6.863155814   -0.402502376
    2.379994435   -2.094395102  -10.652085606   -9.273854513    2.195182930
    2.570393989   -2.094395102  -13.811455113  -23.424223770    4.840601926
    2.760793544   -2.094395102  -19.323963743  -33.674019444    7.570742571
    2.951193099   -2.094395102  -26.257960701  -38.073891072   10.217241679

   -3.141592654   -1.745329252  -30.207737681  -33.309775086    7.211798529
   -2.951193099   -1.745329252  -35.829279381  -24.885827396    7.535005974
   -2.760793544   -1.745329252  -39.395506446  -12.227760253    7.360091162
   -2.570393989   -1.745329252  -40.464570496    0.675451458    6.823048745
   -2.379994435   -1.745329252  -39.376988558    9.887211007    6.055421753
   -2.189594880   -1.745329252  -37.073621642   13.306618988    5.099431895
   -1.999195325   -1.745329252  -34.650787377   11.431420220    3.899183593
   -1.808795770   -1.745329252  -32.894570823    6.841628906    2.363198325
   -1.618396215   -1.745329252  -32.010573079    2.766923725    0.459535438
   -1.427996661   -1.745329252  -31.654560056    1.570268912   -1.718506534
   -1.237597106   -1.745329252  -31.194621478    3.808096596   -3.952865707
   -1.047197551   -1.745329252  -30.065058618    8.277480664   -5.966453998
   -0.856797996   -1.745329252  -28.040272113   12.746241348   -7.516789428
   -0.666398442   -1.745329252  -25.349177947   14.877593424   -8.497103047
   -0.475998887   -1.745329252  -22.619951481   12.919535139   -8.972787615
   -0.285599332   -1.745329252  -20.725863953    6.120426968   -9.185602146
   -0.095199777   -1.745329252  -20.565012178   -5.089173278   -9.462930687
    0.095199777   -1.745329252  -22.812045707  -18.678672974  -10.106478338
    0.285599332   -1.745329252  -27.592517798  -30.952337307  -11.247523355
    0.475998887   -1.745329252  -34.207885587  -37.157664748  -12.753359183
    0.666398442   -1.745329252  -41.090251910  -33.288840257  -14.230457694
    0.856797996   -1.745329252  -46.171577852  -18.457059728  -15.155186315
    1.047197551   -1.745329252  -47.635481586    3.759224819  -15.072242637
    1.237597106   -1.745329252  -44.709151584   26.366026149  -13.805383448
    1.427996661   -1.745329252  -38.033441567   42.116892484  -11.523416601
    1.618396215   -1.745329252  -29.375880828   46.869866237   -8.658027923
    1.808795770   -1.745329252  -20.874079445   40.863173510   -5.694075718
    1.999195325   -1.745329252  -14.280431603   27.528773751   -2.971002633
    2.189594880   -1.745329252  -10.586513077   11.054327043   -0.600374987
    2.379994435   -1.745329252  -10.062899856   -5.344735628    1.475901527
    2.570393989   -1.745329252  -12.485899620  -19.617892464    3.344725374
    2.760793544   -1.745329252  -17.292158715  -30.109361405    5.003893864
    2.951193099   -1.745329252  -23.596637757  -35.095500933    6.341582863

   -3.141592654   -1.396263402  -29.909257249  -34.747996246    5.077943830
   -2.951193099   -1.396263402  -35.846127593  -26.690921258    4.793936205
   -2.760793544   -1.396263402  -39.753375353  -13.943365983    4.018897228
   -2.570393989   -1.396263402  -41.116712213   -0.685305378    2.881969456
   -2.379994435   -1.396263402  -40.260258541    8.769767237    1.482021517
   -2.189594880   -1.396263402  -38.180080325   11.989834778   -0.181160061
   -1.999195325   -1.396263402  -36.069178115    9.397281146   -2.181896390
   -1.808795770   -1.396263402  -34.792989680    3.825596960   -4.562132054
   -1.618396215   -1.396263402  -34.564763716   -1.028938810   -7.213844893
   -1.427996661   -1.396263402  -34.957654668   -2.365929716   -9.839075523
   -1.237597106   -1.396263402  -35.194715456    0.561940994  -12.028400485
   -1.047197551   -1.396263402  -34.561221891    6.406650080  -13.417028843
   -0.856797996   -1.396263402  -32.737048657   12.512849409  -13.832099117
   -0.666398442   -1.396263402  -29.948818443   16.054962007  -13.366658573
   -0.475998887   -1.396263402  -26.908652874   14.871319055  -12.333853634
   -0.285599332   -1.396263402  -24.633515013    8.032302302  -11.168394881
   -0.095199777   -1.396263402  -24.174314604   -3.975689553  -10.274325648
    0.095199777   -1.396263402  -26.325198095  -18.825286350   -9.923330097
    0.285599332   -1.396263402  -31.257934153  -32.361040118  -10.164011765
    0.475998887   -1.396263402  -38.225828533  -39.327491891  -10.806561240
    0.666398442   -1.396263402  -45.525403279  -35.337266337  -11.478364066
    0.856797996   -1.396263402  -50.906028908  -19.407425767  -11.757128875
    1.047197551   -1.396263402  -52.386613472    4.598303050  -11.321344169
    1.237597106   -1.396263402  -49.113783261   29.127871021  -10.083877184
    1.427996661   -1.396263402  -41.761492123   46.337130393   -8.201642913
    1.618396215   -1.396263402  -32.224759051   51.732495071   -5.991421310
    1.808795770   -1.396263402  -22.801799604   45.555623727   -3.776863574
    1.999195325   -1.396263402  -15.375945271   31.515214662   -1.763399422
    2.189594880   -1.396263402  -11.008394887   14.129348593   -0.004128343
    2.379994435   -1.396263402   -9.987513175   -3.194202829    1.541799348
    2.570393989   -1.396263402  -12.088042791  -18.386709942    2.906340776
    2.760793544   -1.396263402  -16.750104564  -29.832342618    4.038175807
    2.951193099   -1.396263402  -23.093308071  -35.768500063    4.807749272

   -3.141592654   -1.047197551  -30.422290438  -37.193245501    4.276880213
   -2.951193099   -1.047197551  -36.869564522  -29.544045283    3.506477730
   -2.760793544   -1.047197551  -41.326865598  -16.814571613    2.106283087
   -2.570393989   -1.047197551  -43.219648581   -3.366982799    0.232684664
   -2.379994435   -1.047197551  -42.862963286    6.154599101   -1.964997703
   -2.189594880   -1.047197551  -41.303425281    9.066144308   -4.430452885
   -1.999195325   -1.047197551  -39.807291480    5.830939638   -7.176603079
   -1.808795770   -1.047197551  -39.271758350   -0.334451021  -10.157501498
   -1.618396215   -1.047197551  -39.849553927   -5.194767319  -13.137544438
   -1.427996661   -1.047197551  -40.961933480   -5.586369760  -15.677939827
   -1.237597106   -1.047197551  -41.648239694   -0.813579008  -17.282085081
   -1.047197551   -1.047197551  -41.062720017    7.297492306  -17.617608940
   -0.856797996   -1.047197551  -38.868515406   15.413423611  -16.680542403
   -0.666398442   -1.047197551  -35.398031946   20.153770083  -14.809708114
   -0.475998887   -1.047197551  -31.546073592   19.113540181  -12.541815557
   -0.285599332   -1.047197551  -28.526151970   11.481631867  -10.420501326
   -0.095199777   -1.047197551  -27.536128197   -1.916078382   -8.810485300
    0.095199777   -1.047197551  -29.440384215  -18.277785728   -7.828706898
    0.285599332   -1.047197551  -34.389508170  -32.991248186   -7.344905987
    0.475998887   -1.047197551  -41.537532523  -40.457086814   -7.074814817
    0.666398442   -1.047197551  -49.034513577  -36.154987233   -6.710794876
    0.856797996   -1.047197551  -54.483673196  -19.230207713   -6.053216610
    1.047197551   -1.047197551  -55.805549616    6.088641804   -5.071198390
    1.237597106   -1.047197551  -52.129860359   31.804481910   -3.886112344
    1.427996661   -1.047197551  -44.190760629   49.721450165   -2.674427891
    1.618396215   -1.047197551  -33.989187249   55.231290969   -1.570443688
    1.808795770   -1.047197551  -23.929400965   48.680471123   -0.609553654
    1.999195325   -1.047197551  -15.967483969   33.993070086    0.263588671
    2.189594880   -1.047197551  -11.197807276   15.867503199    1.140996259
    2.379994435   -1.047197551   -9.918464934   -2.223841628    2.079820770
    2.570393989   -1.047197551  -11.911509148  -18.242666222    3.044160060
    2.760793544   -1.047197551  -16.631713383  -30.595909328    3.882372442
    2.951193099   -1.047197551  -23.209050936  -37.455939788    4.367006734

   -3.141592654   -0.698131701  -30.005967775  -38.956076842    2.436949769
   -2.951193099   -0.698131701  -36.887657252  -32.318271051    1.146161776
   -2.760793544   -0.698131701  -41.953095630  -20.380305495   -0.839276029
   -2.570393989   -0.698131701  -44.578675753   -7.461674486   -3.348957031
   -2.379994435   -0.698131701  -45.039760759    1.667316754   -6.195345501
   -2.189594880   -0.698131701  -44.372156828    4.178931757   -9.262099653
   -1.999195325   -0.698131701  -43.843125667    0.586228752  -12.475317790
   -1.808795770   -0.698131701  -44.315118108   -5.575342353  -15.667796248
   -1.618396215   -0.698131701  -45.831069920   -9.646511954  -18.465844678
   -1.427996661   -0.698131701  -47.637235649   -8.259468145  -20.331385913
   -1.237597106   -0.698131701  -48.599146472   -0.952142383  -20.776652690
   -1.047197551   -0.698131701  -47.783189820    9.814008363  -19.621035274
   -0.856797996   -0.698131701  -44.902022233   19.957617252  -17.122367631
   -0.666398442   -0.698131701  -40.461488469   25.594587449  -13.888805293
   -0.475998887   -0.698131701  -35.585232126   24.243442032  -10.628579694
   -0.285599332   -0.698131701  -31.691182062   15.429616853   -7.884552066
   -0.095199777   -0.698131701  -30.092471312    0.517991540   -5.855092906
    0.095199777   -0.698131701  -31.663003312  -17.132526694   -4.396332564
    0.285599332   -0.698131701  -36.470603384  -32.532647947   -3.144165063
    0.475998887   -0.698131701  -43.540180479  -39.983600141   -1.734957985
    0.666398442   -0.698131701  -50.901755939  -35.158948072   -0.011333290
    0.856797996   -0.698131701  -56.096178151  -17.575400698    1.874162701
    1.047197551   -0.698131701  -57.055161562    8.169522122    3.536678388
    1.237597106   -0.698131701  -52.974211534   33.901007661    4.573994122
    1.427996661   -0.698131701  -44.662933485   51.488262884    4.798588325
    1.618396215   -0.698131701  -34.167852494   56.545862143    4.333524058
    1.808795770   -0.698131701  -23.894301264   49.639393841    3.530649330
    1.999195325   -0.698131701  -15.768164549   34.792851218    2.785390418
    2.189594880   -0.698131701  -10.848543235   16.657342048    2.372794723
    2.379994435   -0.698131701   -9.418126236   -1.441530653    2.368262058
    2.570393989   -0.698131701  -11.275759883  -17.646303664    2.654695273
    2.760793544   -0.698131701  -15.924435310  -30.495014847    2.971485992
    2.951193099   -0.698131701  -22.556749258  -38.186129007    2.996499939

   -3.141592654   -0.349065850  -29.458480969  -40.839061181    0.755619178
   -2.951193099   -0.349065850  -36.823848313  -35.490795867   -0.588692829
   -2.760793544   -0.349065850  -42.601688118  -24.626785899   -2.563879008
   -2.570393989   -0.349065850  -46.107532275  -12.394900274   -5.058689384
   -2.379994435   -0.349065850  -47.544798058   -3.607108394   -7.914025296
   -2.189594880   -0.349065850  -47.895376281   -1.208367473  -10.979180729
   -1.999195325   -0.349065850  -48.383510003   -4.650240620  -14.079684014
   -1.808795770   -0.349065850  -49.799134343  -10.132971213  -16.915299501
   -1.618396215   -0.349065850  -52.053610671  -12.689887515  -19.013069866
   -1.427996661   -0.349065850  -54.225186565   -8.931201076  -19.838125416
   -1.237597106   -0.349065850  -55.049832242    1.174067889  -19.039004278
   -1.047197551   -0.349065850  -53.582219553   14.408409856  -16.671516891
   -0.856797996   -0.349065850  -49.670471304   25.976689431  -13.243194335
   -0.666398442   -0.349065850  -44.056161893   31.687832935   -9.518223899
   -0.475998887   -0.349065850  -38.105241932   29.293939783   -6.203292835
   -0.285599332   -0.349065850  -33.392849740   18.953898727   -3.670534652
   -0.095199777   -0.349065850  -31.253762279    2.757477558   -1.846609520
    0.095199777   -0.349065850  -32.460993247  -15.405359102   -0.308105527
    0.285599332   -0.349065850  -36.916740883  -30.433775724    1.476260599
    0.475998887   -0.349065850  -43.503905647  -36.979378866    3.841749652
    0.666398442   -0.349065850  -50.211217506  -31.385301520    6.703441985
    0.856797996   -0.349065850  -54.670962362  -13.812886698    9.528697293
    1.047197551   -0.349065850  -54.996692012   10.879201914   11.565297099
    1.237597106   -0.349065850  -50.562661930   34.820375336   12.217182128
    1.427996661   -0.349065850  -42.256810762   50.565498262   11.354985899
    1.618396215   -0.349065850  -32.067843158   54.398284306    9.367902896
    1.808795770   -0.349065850  -22.246683942   47.192058958    6.944946418
    1.999195325   -0.349065850  -14.549527934   32.838757695    4.746000483
    2.189594880   -0.349065850   -9.920392722   15.586803764    3.168550869
    2.379994435   -0.349065850   -8.610853752   -1.681388847    2.286354119
    2.570393989   -0.349065850  -10.464574828  -17.451144622    1.925096838
    2.760793544   -0.349065850  -15.080550504  -30.447355693    1.773405072
    2.951193099   -0.349065850  -21.766438480  -38.892106604    1.485263125

   -3.141592654    0.000000000  -29.441145152  -42.561119580   -1.178495472
   -2.951193099    0.000000000  -37.231546845  -38.227566076   -2.391711447
   -2.760793544    0.000000000  -43.627534900  -28.350981766   -4.029972090
   -2.570393989    0.000000000  -47.921297349  -16.904115876   -6.058466945
   -2.379994435    0.000000000  -50.269869209   -8.620278531   -8.395920256
   -2.189594880    0.000000000  -51.596152912   -6.374656335  -10.920255696
   -1.999195325    0.000000000  -53.041977035   -9.430498820  -13.418276602
   -1.808795770    0.000000000  -55.268330584  -13.711844525  -15.518032649
   -1.618396215    0.000000000  -58.013858943  -14.116189786  -16.713040274
   -1.427996661    0.000000000  -60.193568640   -7.523121572  -16.534358252
   -1.237597106    0.000000000  -60.474540638    5.398990042  -14.801622922
   -1.047197551    0.000000000  -57.996564451   20.584791145  -11.783925625
   -0.856797996    0.000000000  -52.834354680   32.683467266   -8.144183744
   -0.666398442    0.000000000  -46.006432238   37.536850598   -4.657564101
   -0.475998887    0.000000000  -39.091935833   33.506208630   -1.881030382
   -0.285599332    0.000000000  -33.732619167   21.617847864    0.081093867
   -0.095199777    0.000000000  -31.171336138    4.703605040    1.580644788
    0.095199777    0.000000000  -31.985306027  -13.035364137    3.234096361
    0.285599332    0.000000000  -35.874076753  -26.753508888    5.598039974
    0.475998887    0.000000000  -41.616576318  -31.849608096    8.848058644
    0.666398442    0.000000000  -47.265417760  -25.616013635   12.601158035
    0.856797996    0.000000000  -50.680641596   -8.900022377   15.996978748
    1.047197551    0.000000000  -50.274802483   13.430640010   18.048735040
    1.237597106    0.000000000  -45.649344115   34.237086861   18.110324623
    1.427996661    0.000000000  -37.735894029   47.173623733   16.188524252
    1.618396215    0.000000000  -28.369389001   49.399347943   12.917262006
    1.808795770    0.000000000  -19.536276909   42.040418856    9.226017798
    1.999195325    0.000000000  -12.743023505   28.628720722    5.924407143
    2.189594880    0.000000000   -8.785119686   12.767769035    3.449957019
    2.379994435    0.000000000   -7.886531008   -3.234538900    1.843467462
    2.570393989    0.000000000   -9.951319512  -18.207755406    0.887008364
    2.760793544    0.000000000  -14.682798963  -31.000916568    0.261604182
    2.951193099    0.000000000  -21.500997331  -39.815557357   -0.343037994

   -3.141592654    0.349065850  -29.195383790  -42.911300927   -1.936980876
   -2.951193099    0.349065850  -37.125506628  -39.381837463   -2.584289815
   -2.760793544    0.349065850  -43.840754672  -30.563714407   -3.418179878
   -2.570393989    0.349065850  -48.660487130  -20.198877053   -4.534448980
   -2.379994435    0.349065850  -51.723746586  -12.775935457   -5.971414127
   -2.189594880    0.349065850  -53.887833130  -10.918201331   -7.659235752
   -1.999195325    0.349065850  -56.178915572  -13.620717164   -9.374211263
   -1.808795770    0.349065850  -59.095771919  -16.612277612  -10.734483184
   -1.618396215    0.349065850  -62.198728399  -14.848203980  -11.290766834
   -1.427996661    0.349065850  -64.271240649   -5.649074213  -10.706379416
   -1.237597106    0.349065850  -63.964239550    9.581293548   -8.946691966
   -1.047197551    0.349065850  -60.545433771   26.065602608   -6.347089610
   -0.856797996    0.349065850  -54.321339923   38.143649767   -3.500085072
   -0.666398442    0.349065850  -46.545047984   41.915661409   -0.981973288
   -0.475998887    0.349065850  -38.933047001   36.475502135    0.905840273
   -0.285599332    0.349065850  -33.107853499   23.684461174    2.288538568
   -0.095199777    0.349065850  -30.154872503    6.951893700    3.640784308
    0.095199777    0.349065850  -30.431378863   -9.479243005    5.563761713
    0.285599332    0.349065850  -33.465645315  -21.312807661    8.460196935
    0.475998887    0.349065850  -38.015070979  -24.921575150   12.264858560
    0.666398442    0.349065850  -42.307245735  -18.604167752   16.352013375
    0.856797996    0.349065850  -44.531523539   -3.737492311   19.709358852
    1.047197551    0.349065850  -43.453813143   15.120065306   21.340762518
    1.237597106    0.349065850  -38.892067169   31.898872096   20.722108929
    1.427996661    0.349065850  -31.756724359   41.565765438   18.039584797
    1.618396215    0.349065850  -23.642267884   42.171252180   14.078661450
    1.808795770    0.349065850  -16.196450374   34.960577956    9.839654193
    1.999195325    0.349065850  -10.633141715   22.932057254    6.119835109
    2.189594880    0.349065850   -7.585313782    8.924396822    3.300265889
    2.379994435    0.349065850   -7.249603574   -5.359291678    1.371809273
    2.570393989    0.349065850   -9.590093400  -19.064379584    0.114932017
    2.760793544    0.349065850  -14.407673705  -31.140330894   -0.726493698
    2.951193099    0.349065850  -21.229088832  -39.798799605   -1.358544135

   -3.141592654    0.698131701  -29.020010613  -42.790822292   -2.845751219
   -2.951193099    0.698131701  -36.953600532  -39.569878191   -2.976645083
   -2.760793544    0.698131701  -43.757007245  -31.327744531   -3.006562568
   -2.570393989    0.698131701  -48.788668429  -21.665459841   -3.112271413
   -2.379994435    0.698131701  -52.193703543  -14.868062440   -3.440574558
   -2.189594880    0.698131701  -54.793151426  -13.328417833   -4.020492015
   -1.999195325    0.698131701  -57.533388773  -15.827285625   -4.718187040
   -1.808795770    0.698131701  -60.801074814  -17.987080154   -5.264842861
   -1.618396215    0.698131701  -64.043131802  -14.868743824   -5.362804148
   -1.427996661    0.698131701  -65.972930726   -4.141560488   -4.822679545
   -1.237597106    0.698131701  -65.253513959   12.310785203   -3.664974408
   -1.047197551    0.698131701  -61.251520409   29.318423025   -2.119642843
   -0.856797996    0.698131701  -54.421461868   41.141564658   -0.521322415
   -0.666398442    0.698131701  -46.141196076   44.174857832    0.873537193
   -0.475998887    0.698131701  -38.167363111   38.091811748    2.025778544
   -0.285599332    0.698131701  -32.046004088   25.323182021    3.182537107
   -0.095199777    0.698131701  -28.701507167    9.591253653    4.766992387
    0.095199777    0.698131701  -28.313224450   -5.043943809    7.189647740
    0.285599332    0.698131701  -30.314522739  -14.954942442   10.584140712
    0.475998887    0.698131701  -33.528189165  -17.473714895   14.630031138
    0.666398442    0.698131701  -36.426325727  -11.738552995   18.552435457
    0.856797996    0.698131701  -37.553645083    0.611736120   21.357857622
    1.047197551    0.698131701  -36.003756427   15.589377479   22.220535683
    1.237597106    0.698131701  -31.746725693   28.313688574   20.854520267
    1.427996661    0.698131701  -25.602733709   35.003502917   17.632858291
    1.618396215    0.698131701  -18.882208412   34.411077808   13.403161127
    1.808795770    0.698131701  -12.888552231   27.706026517    9.104984248
    1.999195325    0.698131701   -8.567955862   17.242170451    5.411754851
    2.189594880    0.698131701   -6.426323014    5.089448572    2.590694497
    2.379994435    0.698131701   -6.660673744   -7.576305580    0.575927007
    2.570393989    0.698131701   -9.303962647  -20.101651516   -0.837206087
    2.760793544    0.698131701  -14.241497225  -31.428064571   -1.826231643
    2.951193099    0.698131701  -21.076768335  -39.709249777   -2.481996824

   -3.141592654    1.047197551  -30.610893892  -43.612480809   -6.565009289
   -2.951193099    1.047197551  -38.635331787  -39.700271256   -6.791890169
   -2.760793544    1.047197551  -45.411209706  -30.949687740   -6.439299281
   -2.570393989    1.047197551  -50.348304850  -21.108523104   -5.701660235
   -2.379994435    1.047197551  -53.655871542  -14.441000570   -4.845243746
   -2.189594880    1.047197551  -56.197865905  -13.149820066   -4.078763593
   -1.999195325    1.047197551  -58.918535260  -15.757880464   -3.474168463
   -1.808795770    1.047197551  -62.159202505  -17.716550372   -2.974519716
   -1.618396215    1.047197551  -65.306369776  -14.106311230   -2.471281634
   -1.427996661    1.047197551  -67.034102672   -2.789968517   -1.884339981
   -1.237597106    1.047197551  -66.011353053   14.096799433   -1.199621176
   -1.047197551    1.047197551  -61.652100253   31.218325844   -0.450254500
   -0.856797996    1.047197551  -54.473133635   42.870930063    0.328192195
   -0.666398442    1.047197551  -45.886347839   45.677129687    1.160741771
   -0.475998887    1.047197551  -37.626811094   39.675079861    2.161114352
   -0.285599332    1.047197551  -31.150950079   27.570794610    3.555487814
   -0.095199777    1.047197551  -27.263891042   13.133331743    5.599200975
    0.095199777    1.047197551  -26.050725988    0.080692570    8.466002355
    0.285599332    1.047197551  -26.947983263   -8.609211928   12.067243313
    0.475998887    1.047197551  -28.917818780  -10.993023475   15.949519820
    0.666398442    1.047197551  -30.689526232   -6.653881067   19.339461659
    0.856797996    1.047197551  -31.097997530    2.881915987   21.386096198
    1.047197551    1.047197551  -29.446303821   14.358516461   21.487692868
    1.237597106    1.047197551  -25.738405463   23.917087574   19.572316325
    1.427996661    1.047197551  -20.642896314   28.632300568   16.121001353
    1.618396215    1.047197551  -15.205405087   27.547277433   11.948530353
    1.808795770    1.047197551  -10.467175471   21.528056883    7.852918610
    1.999195325    1.047197551   -7.208990416   12.293723358    4.330177776
    2.189594880    1.047197551   -5.893171221    1.318945608    1.500882512
    2.379994435    1.047197551   -6.760397634  -10.516074045   -0.779415777
    2.570393989    1.047197551   -9.911134494  -22.526275427   -2.711274764
    2.760793544    1.047197551  -15.271549844  -33.438682851   -4.382732393
    2.951193099    1.047197551  -22.443726230  -41.200764380   -5.721437828

   -3.141592654    1.396263402  -34.537772782  -45.941380454  -10.297964712
   -2.951193099    1.396263402  -42.826689469  -40.101627295  -10.782735065
   -2.760793544    1.396263402  -49.494495486  -29.462643336  -10.311212292
   -2.570393989    1.396263402  -54.009741587  -18.285405910   -9.056673597
   -2.379994435    1.396263402  -56.714735457  -11.066953982   -7.339201982
   -2.189594880    1.396263402  -58.618945554   -9.919276605   -5.476994382
   -1.999195325    1.396263402  -60.773552996  -13.086753636   -3.688217810
   -1.808795770    1.396263402  -63.572131582  -15.752857932   -2.082341304
   -1.618396215    1.396263402  -66.412545409  -12.838008733   -0.709106539
   -1.427996661    1.396263402  -67.956884974   -2.110336608    0.406407380
   -1.237597106    1.396263402  -66.844967856   14.392485770    1.269237000
   -1.047197551    1.396263402  -62.441384419   31.438693332    1.939586685
   -0.856797996    1.396263402  -55.195912071   43.407717134    2.532339990
   -0.666398442    1.396263402  -46.444339789   46.917660986    3.204261063
   -0.475998887    1.396263402  -37.853654491   41.962743371    4.117063367
   -0.285599332    1.396263402  -30.823295909   31.127901364    5.438002383
   -0.095199777    1.396263402  -26.132264752   18.010108191    7.284799059
    0.095199777    1.396263402  -23.883690643    5.999119898    9.670195710
    0.285599332    1.396263402  -23.607109058   -2.356914977   12.395861609
    0.475998887    1.396263402  -24.439229877   -5.506125765   15.019910606
    0.666398442    1.396263402  -25.335908822   -3.132482409   16.938501178
    0.856797996    1.396263402  -25.334936159    3.566827896   17.603825849
    1.047197551    1.396263402  -23.840841847   12.067814973   16.744416816
    1.237597106    1.396263402  -20.806696696   19.291835489   14.510757464
    1.427996661    1.396263402  -16.725098981   22.809978408   11.396244717
    1.618396215    1.396263402  -12.418856225   21.648775970    8.020949331
    1.808795770    1.396263402   -8.751364248   16.241162380    4.872836415
    1.999195325    1.396263402   -6.429051452    7.723049739    2.151893346
    2.189594880    1.396263402   -5.940066290   -2.871108601   -0.217809310
    2.379994435    1.396263402   -7.604530293  -14.760333514   -2.448630836
    2.570393989    1.396263402  -11.586741647  -27.008775609   -4.699672913
    2.760793544    1.396263402  -17.806719629  -37.899395342   -6.938448440
    2.951193099    1.396263402  -25.776501396  -44.977011971   -8.921659984

   -3.141592654    1.745329252  -39.351661488  -48.938173070  -13.798873827
   -2.951193099    1.745329252  -48.005933398  -40.877043567  -14.679830412
   -2.760793544    1.745329252  -54.598202786  -27.932908670  -14.227078684
   -2.570393989    1.745329252  -58.638623949  -14.947008802  -12.544914504
   -2.379994435    1.745329252  -60.599440459   -6.732503042   -9.973818757
   -2.189594880    1.745329252  -61.648944763   -5.396729981   -6.930848792
   -1.999195325    1.745329252  -62.974065455   -8.974810232   -3.789348018
   -1.808795770    1.745329252  -65.057984135  -12.397573509   -0.847624742
   -1.618396215    1.745329252  -67.343195973  -10.367273199    1.650905143
   -1.427996661    1.745329252  -68.496582634   -0.448332232    3.523004421
   -1.237597106    1.745329252  -67.124851147   15.515209045    4.696906287
   -1.047197551    1.745329252  -62.527103163   32.417627397    5.263048957
   -0.856797996    1.745329252  -55.074427150   44.656900685    5.456691233
   -0.666398442    1.745329252  -46.033150453   48.731016481    5.582338192
   -0.475998887    1.745329252  -37.030528160   44.481924525    5.900674491
   -0.285599332    1.745329252  -29.453508166   34.329014945    6.578692644
   -0.095199777    1.745329252  -24.100542027   21.719230735    7.645026332
    0.095199777    1.745329252  -21.126395752    9.824255484    8.995210405
    0.285599332    1.745329252  -20.157927303    0.961134588   10.378385520
    0.475998887    1.745329252  -20.465544361   -3.444644968   11.439285983
    0.666398442    1.745329252  -21.140068414   -2.926803172   11.814685920
    0.856797996    1.745329252  -21.294882575    1.744355600   11.288408208
    1.047197551    1.745329252  -20.313282021    8.620577191    9.881344210
    1.237597106    1.745329252  -18.028165479   15.018887235    7.868174582
    1.427996661    1.745329252  -14.770201616   18.553622462    5.636821596
    1.618396215    1.745329252  -11.228248331   17.926364509    3.520357906
    1.808795770    1.745329252   -8.212145252   13.088964838    1.658732541
    1.999195325    1.745329252   -6.463468938    4.766538705   -0.032765698
    2.189594880    1.745329252   -6.562264072   -6.175780813   -1.790227151
    2.379994435    1.745329252   -8.924622083  -18.827295182   -3.862866812
    2.570393989    1.745329252  -13.759739544  -31.859450234   -6.358497201
    2.760793544    1.745329252  -20.943940410  -43.052131445   -9.134903369
    2.951193099    1.745329252  -29.855458340  -49.538569059  -11.793986003

   -3.141592654    2.094395102  -44.510860195  -52.326074876  -13.763708216
   -2.951193099    2.094395102  -53.590311974  -41.871346935  -14.614156401
   -2.760793544    2.094395102  -60.122169970  -26.324676846  -14.066810294
   -2.570393989    2.094395102  -63.636014550  -11.129903716  -12.172145043
   -2.379994435    2.094395102  -64.718448432   -1.464013505   -9.217391777
   -2.189594880    2.094395102  -64.693308186    0.489164991   -5.581951621
   -1.999195325    2.094395102  -64.898182763   -3.203992354   -1.640790654
   -1.808795770    2.094395102  -65.941756003   -7.326727006    2.243989872
   -1.618396215    2.094395102  -67.363031334   -6.417904314    5.698831179
   -1.427996661    2.094395102  -67.888111988    2.193645953    8.367254258
   -1.237597106    2.094395102  -66.130122101   16.978479691   10.009255466
   -1.047197551    2.094395102  -61.333846792   33.118693009   10.606078435
   -0.856797996    2.094395102  -53.775136752   45.148881903   10.378464517
   -0.666398442    2.094395102  -44.621516101   49.456922037    9.700833846
   -0.475998887    2.094395102  -35.440184758   45.631966070    8.942519458
   -0.285599332    2.094395102  -27.609773135   35.795729434    8.349645374
   -0.095199777    2.094395102  -21.971631163   23.180701253    7.968354544
    0.095199777    2.094395102  -18.754267095   10.838019054    7.666001891
    0.285599332    2.094395102  -17.670185210    1.093919843    7.192448638
    0.475998887    2.094395102  -18.059575842   -4.465332219    6.303213731
    0.666398442    2.094395102  -19.038374996   -5.057160616    4.889798377
    0.856797996    2.094395102  -19.676677089   -1.111017880    3.077983578
    1.047197551    2.094395102  -19.259757107    5.661396961    1.189084758
    1.237597106    2.094395102  -17.501013467   12.525728721   -0.391938882
    1.427996661    2.094395102  -14.647989874   16.807067982   -1.417591593
    1.618396215    2.094395102  -11.374786775   16.798526841   -1.892405278
    1.808795770    2.094395102   -8.549359743   12.121840474   -2.066499212
    1.999195325    2.094395102   -7.018194337    3.348155514   -2.321605369
    2.189594880    2.094395102   -7.475933320   -8.602648647   -3.031712082
    2.379994435    2.094395102  -10.423507177  -22.564790205   -4.439931956
    2.570393989    2.094395102  -16.088918382  -36.777617351   -6.569795401
    2.760793544    2.094395102  -24.276008526  -48.520028701   -9.177558636
    2.951193099    2.094395102  -34.201104894  -54.522760034  -11.777433388

   -3.141592654    2.443460953  -49.058933798  -55.212068783   -8.618066402
   -2.951193099    2.443460953  -58.489974263  -42.597393743   -8.579382786
   -2.760793544    2.443460953  -64.926406772  -24.595113657   -7.487832419
   -2.570393989    2.443460953  -67.889150882   -7.135675902   -5.433237202
   -2.379994435    2.443460953  -68.033469921    4.297806156   -2.636340888
   -2.189594880    2.443460953  -66.791923618    7.395450161    0.668963041
   -1.999195325    2.443460953  -65.626389481    4.164993550    4.270284942
   -1.808795770    2.443460953  -65.281998870   -0.248945347    7.913419558
   -1.618396215    2.443460953  -65.446278572   -0.421242027   11.231660819
   -1.427996661    2.443460953  -64.986857158    6.450280789   13.774254965
   -1.237597106    2.443460953  -62.612230799   19.186356992   15.155909031
   -1.047197551    2.443460953  -57.581407951   33.434832077   15.235188357
   -0.856797996    2.443460953  -50.099687149   44.126062609   14.193508809
   -0.666398442    2.443460953  -41.212173180   47.779803223   12.453477358
   -0.475998887    2.443460953  -32.366470929   43.842023146   10.478050984
   -0.285599332    2.443460953  -24.867907533   34.099674615    8.579096401
   -0.095199777    2.443460953  -19.552722234   21.433296209    6.808839002
    0.095199777    2.443460953  -16.701293923    8.669717332    5.003380119
    0.285599332    2.443460953  -16.099620509   -1.850723456    2.923137519
    0.475998887    2.443460953  -17.132551083   -8.259941499    0.448431446
    0.666398442    2.443460953  -18.888637856   -9.315594052   -2.278920343
    0.856797996    2.443460953  -20.323633104   -5.066479172   -4.841090564
    1.047197551    2.443460953  -20.563266552    2.855521433   -6.710176641
    1.237597106    2.443460953  -19.185823244   11.370136426   -7.499215638
    1.427996661    2.443460953  -16.398782455   17.205375065   -7.170910284
    1.618396215    2.443460953  -12.950406089   18.101484517   -6.057638044
    1.808795770    2.443460953   -9.863431021   13.415371504   -4.707903015
    1.999195325    2.443460953   -8.156632267    3.779507635   -3.660360744
    2.189594880    2.443460953   -8.662405840   -9.599781167   -3.282479587
    2.379994435    2.443460953  -11.953443149  -25.168207125   -3.702902427
    2.570393989    2.443460953  -18.250249157  -40.726061860   -4.816187901
    2.760793544    2.443460953  -27.265972309  -53.127988131   -6.312848795
    2.951193099    2.443460953  -38.053440120  -58.791274685   -7.741691139

   -3.141592654    2.792526803  -50.991445727  -55.385343126    0.273709552
   -2.951193099    2.792526803  -60.327893473  -41.419182654    1.587574808
   -2.760793544    2.792526803  -66.409195562  -22.072730441    3.280029068
   -2.570393989    2.792526803  -68.781068784   -3.498877562    5.254968928
   -2.379994435    2.792526803  -68.148469250    8.781297716    7.469886322
   -2.189594880    2.792526803  -65.989499083   12.516872201    9.963611510
   -1.999195325    2.792526803  -63.805109199    9.696802715   12.767093380
   -1.808795770    2.792526803  -62.399096711    5.278333678   15.747378723
   -1.618396215    2.792526803  -61.563317730    4.424449476   18.515813662
   -1.427996661    2.792526803  -60.309393067    9.824743328   20.502416548
   -1.237597106    2.792526803  -57.482640558   20.498266349   21.186355914
   -1.047197551    2.792526803  -52.412038438   32.568814103   20.345251684
   -0.856797996    2.792526803  -45.272382151   41.497515014   18.171988663
   -0.666398442    2.792526803  -36.996187240   44.105233511   15.174030360
   -0.475998887    2.792526803  -28.895384091   39.777293646   11.930364658
   -0.285599332    2.792526803  -22.179950484   29.955643900    8.834423400
   -0.095199777    2.792526803  -17.665232953   17.133640693    5.970106666
    0.095199777    2.792526803  -15.668816775    3.943084994    3.166470918
    0.285599332    2.792526803  -16.021051840   -7.138113756    0.191024596
    0.475998887    2.792526803  -18.095879815  -13.826243633   -3.020441601
    0.666398442    2.792526803  -20.881774524  -14.402239103   -6.224810005
    0.856797996    2.792526803  -23.162201122   -8.688922695   -8.909644265
    1.047197551    2.792526803  -23.889058783    1.456466478  -10.511783173
    1.237597106    2.792526803  -22.550670599   12.326845576  -10.708950490
    1.427996661    2.792526803  -19.399471339   19.929335179   -9.598845944
    1.618396215    2.792526803  -15.345661166   21.548489075   -7.658421472
    1.808795770    2.792526803  -11.620287796   16.520426235   -5.517567886
    1.999195325    2.792526803   -9.417411309    5.802047068   -3.692576657
    2.189594880    2.792526803   -9.667518726   -8.945741695   -2.437408981
    2.379994435    2.792526803  -12.957806453  -25.766859817   -1.733310685
    2.570393989    2.792526803  -19.456612836  -42.160808644   -1.378016393
    2.760793544    2.792526803  -28.777680274  -54.790442141   -1.089899516
    2.951193099    2.792526803  -39.848487624  -59.998808899   -0.601598349
