#! FIELDS phi psi file.free der_phi der_psi
#! SET min_phi -pi
#! SET max_phi pi
#! SET nbins_phi  33
#! SET periodic_phi true
#! SET min_psi -pi
#! SET max_psi pi
#! SET nbins_psi  18
#! SET periodic_psi true
   -3.141592654   -3.141592654 -105.093873305  -53.368649706   16.910478896
   -2.951193099   -3.141592654 -113.520082837  -34.563370233   19.303280567
   -2.760793544   -3.141592654 -118.136943413  -14.257519619   20.753837888
   -2.570393989   -3.141592654 -119.182265060    2.214035682   21.418208964
   -2.379994435   -3.141592654 -117.741819586   11.566049746   21.756523623
   -2.189594880   -3.141592654 -115.240714636   13.608033049   22.391497339
   -1.999195325   -3.141592654 -112.847478065   11.105762611   23.854693545
   -1.808795770   -3.141592654 -111.021303231    8.395307253   26.324315480
   -1.618396215   -3.141592654 -109.403046744    9.432456304   29.477736300
   -1.427996661   -3.141592654 -107.063632399   16.023919756   32.558708833
   -1.237597106   -3.141592654 -102.999415033   27.132784776   34.644755647
   -1.047197551   -3.141592654  -96.639710668   39.442030513   34.982807205
   -0.856797996   -3.141592654  -88.144829711   48.861511196   33.231585786
   -0.666398442   -3.141592654  -78.413619950   51.919235923   29.501933638
   -0.475998887   -3.141592654  -68.863941265   46.825964630   24.235572840
   -0.285599332   -3.141592654  -61.078302839   33.565157741   17.981851136
   -0.095199777   -3.141592654  -56.475212731   13.831375051   11.247766365
    0.095199777   -3.141592654  -55.994251245   -9.046457158    4.439113204
    0.285599332   -3.141592654  -59.793373809  -30.205982909   -2.070592242
    0.475998887   -3.141592654  -67.005192579  -43.955941216   -7.846691915
    0.666398442   -3.141592654  -75.726700643  -45.433423953  -12.361763979
    0.856797996   -3.141592654  -83.390159029  -32.976063046  -15.113018301
    1.047197551   -3.141592654  -87.561314597   -9.629742813  -15.827994377
    1.237597106   -3.141592654  -86.819687777   17.156667335  -14.654461980
    1.427996661   -3.141592654  -81.372304801   38.381292704  -12.142579625
    1.618396215   -3.141592654  -73.005600630   46.997260437   -9.015307600
    1.808795770   -3.141592654  -64.443575305   40.425127513   -5.851729278
    1.999195325   -3.141592654  -58.435672369   20.904010211   -2.876458211
    2.189594880   -3.141592654  -56.951323246   -5.983515053    0.015917300
    2.379994435   -3.141592654  -60.742519212  -33.362054527    3.074876361
    2.570393989   -3.141592654  -69.279488819  -54.899235760    6.459455493
    2.760793544   -3.141592654  -80.985155107  -66.116388121   10.105729068
    2.951193099   -3.141592654  -93.670862097  -65.187811030   13.723698814

   -3.141592654   -2.792526803  -97.428053243  -48.946372303   25.155629063
   -2.951193099   -2.792526803 -105.219732852  -32.351230901   27.347836855
   -2.760793544   -2.792526803 -109.614053955  -14.049648655   28.261148138
   -2.570393989   -2.792526803 -110.748986758    1.246459042   28.230478630
   -2.379994435   -2.792526803 -109.507957161   10.664303967   27.869409010
   -2.189594880   -2.792526803 -107.069665433   14.034048768   27.860541839
   -1.999195325   -2.792526803 -104.399618707   13.657592108   28.690595645
   -1.808795770   -2.792526803 -101.883098891   13.001381037   30.429140679
   -1.618396215   -2.792526803  -99.269246956   15.038361473   32.643016075
   -1.427996661   -2.792526803  -95.904427193   20.869916557   34.512282178
   -1.237597106   -2.792526803  -91.142779452   29.335785560   35.113739029
   -1.047197551   -2.792526803  -84.731800610   37.636129021   33.754281907
   -0.856797996   -2.792526803  -77.006414012   42.607916740   30.199322651
   -0.666398442   -2.792526803  -68.854663798   41.755773538   24.710811089
   -0.475998887   -2.792526803  -61.520549243   33.959513024   17.920409366
   -0.285599332   -2.792526803  -56.325856784   19.473481339   10.582441282
   -0.095199777   -2.792526803  -54.410218017   -0.083068062    3.390894600
    0.095199777   -2.792526803  -56.466070563  -21.593030248   -3.128977214
    0.285599332   -2.792526803  -62.445242999  -40.406569321   -8.590369409
    0.475998887   -2.792526803  -71.311878206  -51.016247143  -12.685191536
    0.666398442   -2.792526803  -81.034604828  -48.828605157  -15.151091135
    0.856797996   -2.792526803  -88.987041809  -32.633703587  -15.843883239
    1.047197551   -2.792526803  -92.778214351   -6.108056807  -14.837029847
    1.237597106   -2.792526803  -91.149139175   22.760512655  -12.497574949
    1.427996661   -2.792526803  -84.540409169   44.789076523   -9.383593078
    1.618396215   -2.792526803  -74.958151186   53.255752215   -6.028500916
    1.808795770   -2.792526803  -65.249455109   46.225199518   -2.718073212
    1.999195325   -2.792526803  -58.160392342   26.545382811    0.590109683
    2.189594880   -2.792526803  -55.573453046    0.043028127    4.145598919
    2.379994435   -2.792526803  -58.149733268  -26.613960364    8.178761700
    2.570393989   -2.792526803  -65.340215141  -47.583736467   12.688385940
    2.760793544   -2.792526803  -75.646165354  -58.882761722   17.371801036
    2.951193099   -2.792526803  -87.033108679  -58.948678902   21.708136322

   -3.141592654   -2.443460953  -88.958353225  -44.147161727   22.734900971
   -2.951193099   -2.443460953  -96.047017260  -29.767005924   24.365559159
   -2.760793544   -2.443460953 -100.137557151  -13.347083649   24.920074757
   -2.570393989   -2.443460953 -101.253351763    0.917288781   24.746906792
   -2.379994435   -2.443460953 -100.087485730   10.389431964   24.336020429
   -2.189594880   -2.443460953  -97.618535341   14.752245898   24.146662708
   -1.999195325   -2.443460953  -94.680116746   15.760419120   24.439158023
   -1.808795770   -2.443460953  -91.658261415   16.068317147   25.153708743
   -1.618396215   -2.443460953  -88.459785176   17.864929407   25.881810314
   -1.427996661   -2.443460953  -84.708420872   21.831813529   25.974334286
   -1.237597106   -2.443460953  -80.063309436   26.962623336   24.768600946
   -1.047197551   -2.443460953  -74.491837403   31.158334179   21.853402229
   -0.856797996   -2.443460953  -68.382462353   32.242604767   17.234630113
   -0.666398442   -2.443460953  -62.490659903   28.648833023   11.340411191
   -0.475998887   -2.443460953  -57.783377247   19.778673837    4.878118721
   -0.285599332   -2.443460953  -55.254270466    5.930399012   -1.413232438
   -0.095199777   -2.443460953  -55.746850140  -11.650413562   -6.942158204
    0.095199777   -2.443460953  -59.749954768  -30.383019182  -11.361348159
    0.285599332   -2.443460953  -67.111690061  -46.113282492  -14.523948666
    0.475998887   -2.443460953  -76.772409612  -53.663606366  -16.401021110
    0.666398442   -2.443460953  -86.725845030  -48.652333569  -17.007448386
    0.856797996   -2.443460953  -94.409139860  -30.048131598  -16.410125349
    1.047197551   -2.443460953  -97.529373122   -1.755412715  -14.756950500
    1.237597106   -2.443460953  -94.966377201   28.097458851  -12.325513873
    1.427996661   -2.443460953  -87.308591137   50.377782406   -9.454923167
    1.618396215   -2.443460953  -76.673724058   58.698976988   -6.429378792
    1.808795770   -2.443460953  -65.940293537   51.595964568   -3.352844315
    1.999195325   -2.443460953  -57.801224865   32.285990247   -0.126041543
    2.189594880   -2.443460953  -54.046016187    6.627597479    3.444775619
    2.379994435   -2.443460953  -55.271897551  -19.041635685    7.470225052
    2.570393989   -2.443460953  -60.951679731  -39.405770720   11.827445369
    2.760793544   -2.443460953  -69.704812323  -50.924705445   16.146007757
    2.951193099   -2.443460953  -79.674792105  -52.188252337   19.925391958

   -3.141592654   -2.094395102  -82.712735445  -40.531839281   13.599118679
   -2.951193099   -2.094395102  -89.262146632  -27.701735828   14.661869442
   -2.760793544   -2.094395102  -93.088236046  -12.582832947   15.186238352
   -2.570393989   -2.094395102  -94.148424004    0.816827810   15.376542773
   -2.379994435   -2.094395102  -93.048217380    9.872700196   15.397690889
   -2.189594880   -2.094395102  -90.690428143   14.135881469   15.313844280
   -1.999195325   -2.094395102  -87.872542206   15.087894349   15.076511763
   -1.808795770   -2.094395102  -85.007207015   15.012574516   14.530785765
   -1.618396215   -2.094395102  -82.097390186   15.763254080   13.438040563
   -1.427996661   -2.094395102  -78.908553307   17.906105826   11.537088362
   -1.237597106   -2.094395102  -75.232317521   20.671778491    8.647438458
   -1.047197551   -2.094395102  -71.089209319   22.517998913    4.791529059
   -0.856797996   -2.094395102  -66.799526321   21.945263233    0.238264058
   -0.666398442   -2.094395102  -62.931945671   17.924831780   -4.542415293
   -0.475998887   -2.094395102  -60.198411872    9.992317069   -9.007880561
   -0.285599332   -2.094395102  -59.354135989   -1.830432643  -12.716103495
   -0.095199777   -2.094395102  -61.085421323  -16.857682385  -15.427615159
    0.095199777   -2.094395102  -65.836712097  -33.071312442  -17.135798933
    0.285599332   -2.094395102  -73.501640093  -46.685401301  -17.988899466
    0.475998887   -2.094395102  -83.110081753  -52.611112106  -18.182319001
    0.666398442   -2.094395102  -92.741359388  -46.373144256  -17.856095659
    0.856797996   -2.094395102  -99.896771538  -26.807055357  -17.068063589
    1.047197551   -2.094395102 -102.327446548    2.212287956  -15.802509659
    1.237597106   -2.094395102  -98.960603938   32.531439547  -14.061858471
    1.427996661   -2.094395102  -90.435719826   55.011478571  -11.890761067
    1.618396215   -2.094395102  -78.911846885   63.390967158   -9.380691563
    1.808795770   -2.094395102  -67.274666673   56.417912482   -6.612166122
    1.999195325   -2.094395102  -58.184352592   37.492782977   -3.621403124
    2.189594880   -2.094395102  -53.380434105   12.451464431   -0.418936290
    2.379994435   -2.094395102  -53.436519907  -12.621355025    2.939008762
    2.570393989   -2.094395102  -57.864037317  -32.772941114    6.281419018
    2.760793544   -2.094395102  -65.383168322  -44.722538974    9.337365929
    2.951193099   -2.094395102  -74.265966217  -47.070865610   11.828838603

   -3.141592654   -1.745329252  -80.130195784  -38.774663602    4.393611970
   -2.951193099   -1.745329252  -86.420084651  -26.690304946    4.684015879
   -2.760793544   -1.745329252  -90.102376579  -12.055814308    4.881583533
   -2.570393989   -1.745329252  -91.094037314    1.015924509    5.059876992
   -2.379994435   -1.745329252  -89.991284165    9.671765730    5.109511579
   -2.189594880   -1.745329252  -87.731469193   13.244787657    4.772940622
   -1.999195325   -1.745329252  -85.182288449   13.077331229    3.772198527
   -1.808795770   -1.745329252  -82.842486235   11.435438931    1.935980804
   -1.618396215   -1.745329252  -80.789527152   10.313351461   -0.730623370
   -1.427996661   -1.745329252  -78.818174097   10.607901367   -4.049058428
   -1.237597106   -1.745329252  -76.672304423   12.029529533   -7.721866500
   -1.047197551   -1.745329252  -74.229341202   13.502097004  -11.383671016
   -0.856797996   -1.745329252  -71.595670439   13.778623207  -14.668810247
   -0.666398442   -1.745329252  -69.109668219   11.745560692  -17.259493823
   -0.475998887   -1.745329252  -67.303739182    6.495002414  -18.933519208
   -0.285599332   -1.745329252  -66.859642543   -2.570755470  -19.624323458
   -0.095199777   -1.745329252  -68.507390533  -15.363426196  -19.440802115
    0.095199777   -1.745329252  -72.831154539  -30.234511948  -18.662014775
    0.285599332   -1.745329252  -79.906187207  -43.470753331  -17.648542984
    0.475998887   -1.745329252  -88.928986404  -49.759685197  -16.725637334
    0.666398442   -1.745329252  -98.081227699  -44.210396532  -16.059922196
    0.856797996   -1.745329252 -104.883361986  -25.193570953  -15.606711191
    1.047197551   -1.745329252 -107.025689595    3.710029509  -15.128660554
    1.237597106   -1.745329252 -103.343433562   34.416065088  -14.336519508
    1.427996661   -1.745329252  -94.393832295   57.607623073  -13.014848474
    1.618396215   -1.745329252  -82.299464213   66.767565760  -11.121527283
    1.808795770   -1.745329252  -69.953490579   60.443105316   -8.771781091
    1.999195325   -1.745329252  -60.049334570   41.968444469   -6.169330512
    2.189594880   -1.745329252  -54.366114791   17.166744656   -3.527665829
    2.379994435   -1.745329252  -53.520550441   -7.922440609   -1.045209525
    2.570393989   -1.745329252  -57.080321732  -28.423712107    1.091842939
    2.760793544   -1.745329252  -63.832377485  -41.073338340    2.730342994
    2.951193099   -1.745329252  -72.107740489  -44.360680342    3.805293363

   -3.141592654   -1.396263402  -81.912231603  -39.649601514    2.424322308
   -2.951193099   -1.396263402  -88.339038249  -27.172395756    2.125548255
   -2.760793544   -1.396263402  -92.046034135  -11.834526207    1.803518247
   -2.570393989   -1.396263402  -92.940231255    1.729659494    1.472482047
   -2.379994435   -1.396263402  -91.709660346   10.146530126    0.929921344
   -2.189594880   -1.396263402  -89.459296150   12.509821378   -0.182661214
   -1.999195325   -1.396263402  -87.231925785   10.331303034   -2.202372838
   -1.808795770   -1.396263402  -85.633619952    6.400424071   -5.258845962
   -1.618396215   -1.396263402  -84.730772725    3.390661442   -9.163679176
   -1.427996661   -1.396263402  -84.181569230    2.793620459  -13.433586691
   -1.237597106   -1.396263402  -83.504760819    4.644687561  -17.437914105
   -1.047197551   -1.396263402  -82.323923608    7.823926603  -20.578054481
   -0.856797996   -1.396263402  -80.532646065   10.714764167  -22.453697802
   -0.666398442   -1.396263402  -78.347128654   11.658688227  -22.928928326
   -0.475998887   -1.396263402  -76.287492761    9.155052775  -22.118253508
   -0.285599332   -1.396263402  -75.130357311    2.103859100  -20.331060772
   -0.095199777   -1.396263402  -75.780915668   -9.763188141  -17.987718393
    0.095199777   -1.396263402  -79.047490845  -24.929195884  -15.556173797
    0.285599332   -1.396263402  -85.229657681  -39.549229318  -13.446173770
    0.475998887   -1.396263402  -93.694754056  -47.880603631  -11.921024011
    0.666398442   -1.396263402 -102.688650869  -44.367019966  -11.023751878
    0.856797996   -1.396263402 -109.662369131  -26.674548156  -10.579580432
    1.047197551   -1.396263402 -112.120724377    2.068709164  -10.259120770
    1.237597106   -1.396263402 -108.670182326   33.778356304   -9.728646164
    1.427996661   -1.396263402  -99.684704238   58.666975124   -8.763535390
    1.618396215   -1.396263402  -87.219787217   69.534780422   -7.322843803
    1.808795770   -1.396263402  -74.225780342   64.341051748   -5.521681095
    1.999195325   -1.396263402  -63.536694569   46.162982543   -3.557332979
    2.189594880   -1.396263402  -57.089610871   20.875264149   -1.633582079
    2.379994435   -1.396263402  -55.629399667   -5.246279075    0.066615266
    2.570393989   -1.396263402  -58.799892142  -27.028765005    1.385402925
    2.760793544   -1.396263402  -65.405691469  -40.890220982    2.209541377
    2.951193099   -1.396263402  -73.734349979  -45.010760428    2.519373867

   -3.141592654   -1.047197551  -84.625072068  -42.140753072    4.000526673
   -2.951193099   -1.047197551  -91.481884262  -29.122292587    2.692096007
   -2.760793544   -1.047197551  -95.483297046  -12.988139895    1.292640980
   -2.570393989   -1.047197551  -96.541159822    1.059693796   -0.102846106
   -2.379994435   -1.047197551  -95.455817128    9.121918564   -1.628151633
   -2.189594880   -1.047197551  -93.514925556   10.131448067   -3.611844791
   -1.999195325   -1.047197551  -91.925801110    5.951498505   -6.392110128
   -1.808795770   -1.047197551  -91.348908200    0.145275624  -10.078603453
   -1.618396215   -1.047197551  -91.742792957   -3.747233054  -14.384126039
   -1.427996661   -1.047197551  -92.515737832   -3.681639591  -18.646568471
   -1.237597106   -1.047197551  -92.883621170    0.374228143  -22.047824100
   -1.047197551   -1.047197551  -92.221623744    6.742804814  -23.909568961
   -0.856797996   -1.047197551  -90.313663719   12.974329110  -23.935549298
   -0.666398442   -1.047197551  -87.423268174   16.642117115  -22.274377226
   -0.475998887   -1.047197551  -84.240178927   15.755797580  -19.415968880
   -0.285599332   -1.047197551  -81.772903993    9.056942358  -16.002845911
   -0.095199777   -1.047197551  -81.161505860   -3.644226928  -12.629246918
    0.095199777   -1.047197551  -83.416219420  -20.536868732   -9.720558924
    0.285599332   -1.047197551  -88.966526258  -37.334445768   -7.459768126
    0.475998887   -1.047197551  -97.213544203  -47.738694779   -5.812735531
    0.666398442   -1.047197551 -106.328746015  -45.644918636   -4.604611344
    0.856797996   -1.047197551 -113.600657658  -28.357240956   -3.631348015
    1.047197551   -1.047197551 -116.332438111    1.015327754   -2.732634370
    1.237597106   -1.047197551 -112.961239545   34.060449709   -1.823825757
    1.427996661   -1.047197551 -103.776753643   60.441619234   -0.863051181
    1.618396215   -1.047197551  -90.857013944   72.431754327    0.171543291
    1.808795770   -1.047197551  -77.258043040   67.663269942    1.290049076
    1.999195325   -1.047197551  -65.955166108   49.167164986    2.470275127
    2.189594880   -1.047197551  -59.014677913   22.969746078    3.636022440
    2.379994435   -1.047197551  -57.272294680   -4.413940979    4.643957800
    2.570393989   -1.047197551  -60.414392651  -27.554053990    5.306410231
    2.760793544   -1.047197551  -67.237917467  -42.591975303    5.447716345
    2.951193099   -1.047197551  -75.968718600  -47.432779185    4.988498817

   -3.141592654   -0.698131701  -84.758377047  -45.924860357    4.169535155
   -2.951193099   -0.698131701  -92.351186608  -32.985775102    1.634387266
   -2.760793544   -0.698131701  -97.065027513  -16.578065168   -1.021657451
   -2.570393989   -0.698131701  -98.781164335   -2.312879041   -3.588538307
   -2.379994435   -0.698131701  -98.353764932    5.476760415   -6.089053545
   -2.189594880   -0.698131701  -97.186326149    5.554338214   -8.771644948
   -1.999195325   -0.698131701  -96.591415968    0.072790732  -11.917514313
   -1.808795770   -0.698131701  -97.237820110   -6.699312953  -15.566634414
   -1.618396215   -0.698131701  -98.942824879  -10.427750009  -19.328188551
   -1.427996661   -0.698131701 -100.848209095   -8.621947947  -22.438393581
   -1.237597106   -0.698131701 -101.876038051   -1.428407607  -24.060367382
   -1.047197551   -0.698131701 -101.200683593    8.708408627  -23.661664834
   -0.856797996   -0.698131701  -98.582610498   18.322015622  -21.263893439
   -0.666398442   -0.698131701  -94.444724241   24.141714148  -17.427030386
   -0.475998887   -0.698131701  -89.756740945   23.782491043  -13.014051741
   -0.285599332   -0.698131701  -85.833640319   16.104149543   -8.861965925
   -0.095199777   -0.698131701  -84.058311447    1.417630837   -5.501784034
    0.095199777   -0.698131701  -85.566416572  -17.742683007   -3.042288677
    0.285599332   -0.698131701  -90.772080440  -36.389914826   -1.209322434
    0.475998887   -0.698131701  -98.946443042  -47.752772452    0.441415948
    0.666398442   -0.698131701 -108.075293300  -45.636023211    2.256568558
    0.856797996   -0.698131701 -115.282447183  -27.622161310    4.284489335
    1.047197551   -0.698131701 -117.781672216    2.701960942    6.271771453
    1.237597106   -0.698131701 -114.010384370   36.507605173    7.848159912
    1.427996661   -0.698131701 -104.317653995   63.254479845    8.780932918
    1.618396215   -0.698131701  -90.858338910   75.224977750    9.105585051
    1.808795770   -0.698131701  -76.752622596   70.150971649    9.069401380
    1.999195325   -0.698131701  -65.022191990   51.137294278    8.952209428
    2.189594880   -0.698131701  -57.772234120   24.213686517    8.895402640
    2.379994435   -0.698131701  -55.881073852   -4.131286663    8.832300663
    2.570393989   -0.698131701  -59.078664528  -28.443196634    8.537117883
    2.760793544   -0.698131701  -66.190259190  -44.717024209    7.742532277
    2.951193099   -0.698131701  -75.430772324  -50.608360981    6.279678955

   -3.141592654   -0.349065850  -83.576699128  -51.257942602    3.453132529
   -2.951193099   -0.349065850  -92.241108849  -38.783413817    0.331704499
   -2.760793544   -0.349065850  -98.052855051  -22.214700181   -2.847782829
   -2.570393989   -0.349065850 -100.798129321   -7.467688614   -5.863071311
   -2.379994435   -0.349065850 -101.314519006    0.659975368   -8.685556092
   -2.189594880   -0.349065850 -101.066597350    0.641851747  -11.467407695
   -1.999195325   -0.349065850 -101.441398826   -5.201106220  -14.364280825
   -1.808795770   -0.349065850 -103.103906353  -11.970398192  -17.292500275
   -1.618396215   -0.349065850 -105.730820477  -14.607273163  -19.789361810
   -1.427996661   -0.349065850 -108.216424487  -10.302320610  -21.127999091
   -1.237597106   -0.349065850 -109.238974130    0.416411366  -20.653290877
   -1.047197551   -0.349065850 -107.862552980   14.140703220  -18.152608064
   -0.856797996   -0.349065850 -103.944068260   26.296400163  -14.027762416
   -0.666398442   -0.349065850  -98.184818441   32.869815739   -9.162852732
   -0.475998887   -0.349065850  -91.913438930   31.403698448   -4.576743204
   -0.285599332   -0.349065850  -86.752126704   21.349932455   -1.020231822
   -0.095199777   -0.349065850  -84.233489473    4.017199221    1.288458145
    0.095199777   -0.349065850  -85.444543042  -17.025418057    2.699215227
    0.285599332   -0.349065850  -90.583070178  -36.146583066    3.927846808
    0.475998887   -0.349065850  -98.641654324  -46.591990480    5.677733204
    0.666398442   -0.349065850 -107.397142745  -42.852207963    8.257334528
    0.856797996   -0.349065850 -113.933596239  -23.502801630   11.391116930
    1.047197551   -0.349065850 -115.599585222    7.111249330   14.355770939
    1.237597106   -0.349065850 -111.053987925   40.059900518   16.378589012
    1.427996661   -0.349065850 -100.822573368   65.314728331   17.053822348
    1.618396215   -0.349065850  -87.111160682   75.880794814   16.507409419
    1.808795770   -0.349065850  -72.972124751   69.956661101   15.240868866
    1.999195325   -0.349065850  -61.314273275   50.642553513   13.801840592
    2.189594880   -0.349065850  -54.167814194   23.620056320   12.504894621
    2.379994435   -0.349065850  -52.414377092   -5.044878986   11.343728149
    2.570393989   -0.349065850  -55.853407910  -30.146549139   10.085019599
    2.760793544   -0.349065850  -63.400270564  -47.638927602    8.439807935
    2.951193099   -0.349065850  -73.326309023  -54.880482503    6.225495746

   -3.141592654    0.000000000  -82.569808523  -56.913109036    1.893967150
   -2.951193099    0.000000000  -92.351668903  -44.761466474   -1.112547703
   -2.760793544    0.000000000  -99.294631421  -28.034140838   -4.045213382
   -2.570393989    0.000000000 -103.109276505  -12.855953137   -6.750112412
   -2.379994435    0.000000000 -104.610855015   -4.324473812   -9.218489048
   -2.189594880    0.000000000 -105.287141520   -4.095298929  -11.549095232
   -1.999195325    0.000000000 -106.537625698   -9.602167530  -13.787523569
   -1.808795770    0.000000000 -108.960033661  -15.389891270  -15.741427015
   -1.618396215    0.000000000 -112.057342576  -15.917450723  -16.923023026
   -1.427996661    0.000000000 -114.502389326   -8.416900199  -16.723684721
   -1.237597106    0.000000000 -114.825628540    5.847679737  -14.752030848
   -1.047197551    0.000000000 -112.130404110   22.331243102  -11.133043427
   -0.856797996    0.000000000 -106.524725265   35.481984951   -6.551998578
   -0.666398442    0.000000000  -99.088317799   40.971380839   -1.998918977
   -0.475998887    0.000000000  -91.508837229   36.860991884    1.636625068
   -0.285599332    0.000000000  -85.605227091   23.716224222    3.943425979
   -0.095199777    0.000000000  -82.874106173    4.102901720    5.133476644
    0.095199777    0.000000000  -84.153476700  -17.505778064    5.936772994
    0.285599332    0.000000000  -89.284481053  -35.307518288    7.259299480
    0.475998887    0.000000000  -96.952325653  -43.228690975    9.742233612
    0.666398442    0.000000000 -104.821031732  -37.044688176   13.404210606
    0.856797996    0.000000000 -110.117776860  -16.613851425   17.567506760
    1.047197551    0.000000000 -110.524212769   13.112171076   21.142366665
    1.237597106    0.000000000 -105.053632592   43.585552208   23.155393149
    1.427996661    0.000000000  -94.436531855   65.867446857   23.206191461
    1.618396215    0.000000000  -80.861096394   74.079642737   21.588946607
    1.808795770    0.000000000  -67.196906158   66.979060330   19.036378090
    1.999195325    0.000000000  -56.134079315   47.502696652   16.296653412
    2.189594880    0.000000000  -49.561796685   20.747782755   13.810353946
    2.379994435    0.000000000  -48.339188730   -7.808901912   11.630131285
    2.570393989    0.000000000  -52.330871961  -33.271760981    9.552063144
    2.760793544    0.000000000  -60.543516735  -51.564382270    7.314725652
    2.951193099    0.000000000  -71.308602570  -59.768831889    4.758657115

   -3.141592654    0.349065850  -80.786032993  -60.913997713    1.332359040
   -2.951193099    0.349065850  -91.364531067  -49.084723999   -0.518075799
   -2.760793544    0.349065850  -99.151477359  -32.531080908   -2.221859384
   -2.570393989    0.349065850 -103.828800238  -17.393606751   -3.817563218
   -2.379994435    0.349065850 -106.190205662   -8.797267329   -5.376499326
   -2.189594880    0.349065850 -107.699436889   -8.320760114   -6.943822612
   -1.999195325    0.349065850 -109.699493746  -13.143094999   -8.445385429
   -1.808795770    0.349065850 -112.672431809  -17.477607955   -9.619918574
   -1.618396215    0.349065850 -115.957286615  -15.658649747  -10.054169868
   -1.427996661    0.349065850 -118.081398640   -5.263037444   -9.357201773
   -1.237597106    0.349065850 -117.541981056   11.629492904   -7.400914603
   -1.047197551    0.349065850 -113.583492208   29.549155819   -4.474716230
   -0.856797996    0.349065850 -106.603585491   42.399145456   -1.218634083
   -0.666398442    0.349065850  -98.009416583   46.004457216    1.650231085
   -0.475998887    0.349065850  -89.718496491   39.276109091    3.661857599
   -0.285599332    0.349065850  -83.578356834   23.950130230    4.833478239
   -0.095199777    0.349065850  -80.899455300    3.619394826    5.662620192
    0.095199777    0.349065850  -82.187219073  -16.799362589    6.930585447
    0.285599332    0.349065850  -86.940495814  -31.864225097    9.336814984
    0.475998887    0.349065850  -93.645256292  -36.609144494   13.136648064
    0.666398442    0.349065850 -100.019373934  -28.259309734   17.924320798
    0.856797996    0.349065850 -103.601313218   -7.812350931   22.709405631
    1.047197551    0.349065850 -102.522241164   19.549084847   26.288100983
    1.237597106    0.349065850  -96.185929251   46.094842702   27.766212305
    1.427996661    0.349065850  -85.488333361   64.314048337   26.924950800
    1.618396215    0.349065850  -72.513189837   69.597465220   24.244227096
    1.808795770    0.349065850  -59.848071644   61.250915027   20.587053983
    1.999195325    0.349065850  -49.877634508   41.942405576   16.777686329
    2.189594880    0.349065850  -44.286325584   16.056000626   13.319656068
    2.379994435    0.349065850  -43.869912348  -11.628030107   10.350810698
    2.570393989    0.349065850  -48.535633528  -36.612329015    7.783541423
    2.760793544    0.349065850  -57.375788906  -54.885976181    5.476046052
    2.951193099    0.349065850  -68.797912026  -63.382013791    3.334756546

   -3.141592654    0.698131701  -79.021625799  -62.815044465    0.663270794
   -2.951193099    0.698131701  -89.967110740  -51.040109389    0.369311247
   -2.760793544    0.698131701  -98.142330793  -34.642077877    0.248261800
   -2.570393989    0.698131701 -103.237673755  -19.655343153    0.073660685
   -2.379994435    0.698131701 -106.036468691  -11.100576649   -0.303822241
   -2.189594880    0.698131701 -107.973735175  -10.466459802   -0.903177394
   -1.999195325    0.698131701 -110.344898246  -14.832160041   -1.610209347
   -1.808795770    0.698131701 -113.566325043  -18.330330486   -2.218062344
   -1.618396215    0.698131701 -116.906405813  -15.341449556   -2.503629730
   -1.427996661    0.698131701 -118.849915458   -3.699089648   -2.320515988
   -1.237597106    0.698131701 -117.917858778   14.089355698   -1.672001044
   -1.047197551    0.698131701 -113.460740423   32.178842620   -0.720172480
   -0.856797996    0.698131701 -106.029487604   44.391229688    0.306284616
   -0.666398442    0.698131701  -97.159012524   46.887270434    1.258709842
   -0.475998887    0.698131701  -88.795556838   39.261298553    2.186284579
   -0.285599332    0.698131701  -82.673681405   23.973287083    3.387576133
   -0.095199777    0.698131701  -79.877090849    5.075170337    5.304202729
    0.095199777    0.698131701  -80.645587550  -12.631416359    8.349683775
    0.285599332    0.698131701  -84.295472675  -24.444501226   12.658794038
    0.475998887    0.698131701  -89.319393052  -26.595225214   17.910065190
    0.666398442    0.698131701  -93.679472026  -17.508562069   23.295988085
    0.856797996    0.698131701  -95.340141198    1.191447070   27.726008737
    1.047197551    0.698131701  -92.890768749   24.659315007   30.193438035
    1.237597106    0.698131701  -86.040024688   46.358308982   30.179120039
    1.427996661    0.698131701  -75.722025996   60.272703642   27.831032109
    1.618396215    0.698131701  -63.803260515   62.865960677   23.856151099
    1.808795770    0.698131701  -52.524023432   53.715471936   19.178149949
    1.999195325    0.698131701  -43.945677333   35.031857124   14.581127369
    2.189594880    0.698131701  -39.550948831   10.446162270   10.529821322
    2.379994435    0.698131701  -40.071088540  -15.886850250    7.188950157
    2.570393989    0.698131701  -45.439727628  -39.794580918    4.567713871
    2.760793544    0.698131701  -54.811325534  -57.344445696    2.638725810
    2.951193099    0.698131701  -66.658597327  -65.431542871    1.365579943

   -3.141592654    1.047197551  -80.090867228  -63.014188406   -4.345761809
   -2.951193099    1.047197551  -90.998249471  -50.491763038   -3.456734382
   -2.760793544    1.047197551  -99.034652506  -33.791977872   -2.240245633
   -2.570393989    1.047197551 -103.971942024  -18.892098953   -1.056025411
   -2.379994435    1.047197551 -106.651670275  -10.627951398   -0.133990177
   -2.189594880    1.047197551 -108.528739169  -10.291084859    0.463080476
   -1.999195325    1.047197551 -110.886112481  -14.834957984    0.779493320
   -1.808795770    1.047197551 -114.114251004  -18.381289798    0.871169696
   -1.618396215    1.047197551 -117.463917542  -15.395662518    0.749255166
   -1.427996661    1.047197551 -119.422588185   -3.826591828    0.396734099
   -1.237597106    1.047197551 -118.531060432   13.762742077   -0.158427578
   -1.047197551    1.047197551 -114.158757860   31.611246735   -0.781056793
   -0.856797996    1.047197551 -106.845435984   43.773247620   -1.202531034
   -0.666398442    1.047197551  -98.060612108   46.710604076   -1.066388690
   -0.475998887    1.047197551  -89.629944901   40.291273843   -0.014689052
   -0.285599332    1.047197551  -83.130591697   27.030801384    2.243728571
   -0.095199777    1.047197551  -79.508600265   10.747467682    5.836760965
    0.095199777    1.047197551  -78.942770754   -4.353475893   10.670227814
    0.285599332    1.047197551  -80.826750462  -14.383669205   16.331867866
    0.475998887    1.047197551  -83.887471395  -16.356974034   22.079492312
    0.666398442    1.047197551  -86.440814726   -9.104125993   26.938546704
    0.856797996    1.047197551  -86.822233379    5.979282981   29.962840635
    1.047197551    1.047197551  -83.885758324   24.938301099   30.534043102
    1.237597106    1.047197551  -77.397222972   42.418720688   28.606643565
    1.427996661    1.047197551  -68.134500309   53.395769651   24.687893279
    1.618396215    1.047197551  -57.672974584   54.706932880   19.615707852
    1.808795770    1.047197551  -47.953101288   45.674649352   14.231044145
    1.999195325    1.047197551  -40.826032700   27.904227007    9.138303899
    2.189594880    1.047197551  -37.679027271    4.472976987    4.664729160
    2.379994435    1.047197551  -39.227304784  -20.722795353    0.956999943
    2.570393989    1.047197551  -45.410280420  -43.504218442   -1.878277544
    2.760793544    1.047197551  -55.376733156  -59.864061338   -3.726502638
    2.951193099    1.047197551  -67.587552030  -66.723549795   -4.522014565

   -3.141592654    1.396263402  -85.095171352  -61.700716774   -9.984458976
   -2.951193099    1.396263402  -95.565621056  -47.331238567   -8.500882062
   -2.760793544    1.396263402 -102.892723269  -29.646097548   -6.635224618
   -2.570393989    1.396263402 -107.018779003  -14.646062979   -4.768427473
   -2.379994435    1.396263402 -108.933408421   -6.917987981   -3.104795586
   -2.189594880    1.396263402 -110.184451883   -7.461903418   -1.662879999
   -1.999195325    1.396263402 -112.101640462  -13.065155401   -0.397534309
   -1.808795770    1.396263402 -115.106250161  -17.836257717    0.660503959
   -1.618396215    1.396263402 -118.481355828  -16.232922003    1.366774136
   -1.427996661    1.396263402 -120.730454310   -6.016383683    1.563097847
   -1.237597106    1.396263402 -120.351584959   10.668161278    1.251249323
   -1.047197551    1.396263402 -116.581877951   28.555521252    0.691847346
   -0.856797996    1.396263402 -109.746582073   42.018056699    0.373651071
   -0.666398442    1.396263402 -101.074199510   47.449913633    0.843569924
   -0.475998887    1.396263402  -92.199446512   44.296600983    2.506780185
   -0.285599332    1.396263402  -84.613046158   34.393175246    5.508147684
   -0.095199777    1.396263402  -79.314303244   20.836770921    9.673294486
    0.095199777    1.396263402  -76.667053827    7.151179176   14.538284277
    0.285599332    1.396263402  -76.365309364   -3.256417580   19.378560226
    0.475998887    1.396263402  -77.498197107   -7.548701034   23.328411284
    0.666398442    1.396263402  -78.727714008   -4.206015740   25.573561010
    0.856797996    1.396263402  -78.617439602    6.206189688   25.616129758
    1.047197551    1.396263402  -76.064266321   20.832182528   23.440363555
    1.237597106    1.396263402  -70.677730355   35.196147285   19.540657828
    1.427996661    1.396263402  -62.961265442   44.622844840   14.690333471
    1.618396215    1.396263402  -54.210099731   45.677732594    9.647181611
    1.808795770    1.396263402  -46.172440464   37.086397999    4.911863166
    1.999195325    1.396263402  -40.622233098   19.928081993    0.678347681
    2.189594880    1.396263402  -38.937264054   -2.905278419   -3.036942559
    2.379994435    1.396263402  -41.822671166  -27.332655274   -6.209619104
    2.570393989    1.396263402  -49.154827211  -48.856737866   -8.688555433
    2.760793544    1.396263402  -59.970125520  -63.312916785  -10.231871356
    2.951193099    1.396263402  -72.617045747  -67.793470707  -10.654125280

   -3.141592654    1.745329252  -91.448349608  -59.767161140  -16.282352919
   -2.951193099    1.745329252 -101.382843385  -43.766490748  -14.841826769
   -2.760793544    1.745329252 -107.942228735  -25.287895432  -12.766548465
   -2.570393989    1.745329252 -111.224686657  -10.248146332  -10.379551826
   -2.379994435    1.745329252 -112.335722133   -2.926201773   -7.868707437
   -2.189594880    1.745329252 -112.881247955   -4.065513330   -5.277510567
   -1.999195325    1.745329252 -114.218797961  -10.406665901   -2.631076820
   -1.808795770    1.745329252 -116.805202565  -16.153826149   -0.073388167
   -1.618396215    1.745329252 -119.972713218  -15.772274472    2.105772313
   -1.427996661    1.745329252 -122.249995896   -6.738669848    3.607150343
   -1.237597106    1.745329252 -122.078892575    9.334254771    4.338683819
   -1.047197551    1.745329252 -118.537294339   27.688525447    4.541147440
   -0.856797996    1.745329252 -111.722086984   42.860358205    4.739833238
   -0.666398442    1.745329252 -102.649096062   50.910807137    5.517608895
   -0.475998887    1.745329252  -92.841654742   50.603245308    7.251557961
   -0.285599332    1.745329252  -83.822636656   42.971376401    9.962772271
   -0.095199777    1.745329252  -76.769181080   30.439018305   13.287393437
    0.095199777    1.745329252  -72.328573416   16.078611988   16.582426857
    0.285599332    1.745329252  -70.534507604    3.202447370   19.064341842
    0.475998887    1.745329252  -70.792042114   -5.000351006   20.021272884
    0.666398442    1.745329252  -71.965894048   -6.169093391   19.031413308
    0.856797996    1.745329252  -72.627753833    0.234090020   16.151720216
    1.047197551    1.745329252  -71.481589910   12.327174297   11.908497986
    1.237597106    1.745329252  -67.809387972   25.979059651    7.127590471
    1.427996661    1.745329252  -61.794056838   36.140214937    2.580897345
    1.618396215    1.745329252  -54.533181847   38.522983022   -1.285980348
    1.808795770    1.745329252  -47.743340942   31.048432571   -4.448153642
    1.999195325    1.745329252  -43.282612954   14.429259013   -7.167154772
    2.189594880    1.745329252  -42.628811385   -8.261985458   -9.733533937
    2.379994435    1.745329252  -46.515990499  -32.424134922  -12.238362359
    2.570393989    1.745329252  -54.746025233  -53.056642535  -14.489594183
    2.760793544    1.745329252  -66.213198745  -65.822054982  -16.112496416
    2.951193099    1.745329252  -79.131459786  -68.070866413  -16.754153497

   -3.141592654    2.094395102  -98.259622913  -58.498729012  -18.875474799
   -2.951193099    2.094395102 -107.794057805  -40.925685963  -17.563513404
   -2.760793544    2.094395102 -113.706126141  -21.427801391  -15.496244822
   -2.570393989    2.094395102 -116.196366353   -5.857694711  -12.922544938
   -2.379994435    2.094395102 -116.442486605    1.736459784   -9.989210139
   -2.189594880    2.094395102 -116.083442446    0.748713912   -6.717175558
   -1.999195325    2.094395102 -116.503817489   -5.639267211   -3.114368965
   -1.808795770    2.094395102 -118.217233645  -11.839431591    0.680832419
   -1.618396215    2.094395102 -120.644996373  -12.397964835    4.344713206
   -1.427996661    2.094395102 -122.391324571   -4.548806282    7.474385958
   -1.237597106    2.094395102 -121.897003287   10.621656243    9.796055482
   -1.047197551    2.094395102 -118.134337259   28.877225413   11.318459815
   -0.856797996    2.094395102 -111.022438799   44.933968706   12.332840106
   -0.666398442    2.094395102 -101.413150626   54.522049488   13.234841183
   -0.475998887    2.094395102  -90.767418189   55.721492271   14.288949402
   -0.285599332    2.094395102  -80.687710863   48.800174715   15.472577583
   -0.095199777    2.094395102  -72.560837935   35.632778297   16.444272205
    0.095199777    2.094395102  -67.313292701   19.110428982   16.659162536
    0.285599332    2.094395102  -65.250166739    2.834330710   15.552414842
    0.475998887    2.094395102  -65.948696548   -9.269775683   12.787585918
    0.666398442    2.094395102  -68.274321217  -13.808504659    8.458318569
    0.856797996    2.094395102  -70.599872142   -9.294086843    3.163687040
    1.047197551    2.094395102  -71.292946998    2.868903203   -2.171377086
    1.237597106    2.094395102  -69.277475308   18.244386904   -6.630544748
    1.427996661    2.094395102  -64.501867865   30.880059359   -9.694164230
    1.618396215    2.094395102  -58.025307565   35.412242986  -11.408358244
    1.808795770    2.094395102  -51.703820679   29.041350044  -12.282685575
    1.999195325    2.094395102  -47.614039128   12.381529444  -12.981831860
    2.189594880    2.094395102  -47.413300002  -11.017773808  -14.003072510
    2.379994435    2.094395102  -51.893379009  -35.814989089  -15.474016169
    2.570393989    2.094395102  -60.777818244  -56.380958965  -17.145348421
    2.760793544    2.094395102  -72.798297557  -68.148721081  -18.545836498
    2.951193099    2.094395102  -86.005421219  -68.694002709  -19.209056057

   -3.141592654    2.443460953 -104.671797719  -57.908802454  -13.044859040
   -2.951193099    2.443460953 -113.962712604  -39.006214666  -11.415803943
   -2.760793544    2.443460953 -119.398066121  -18.385929742   -9.243662098
   -2.570393989    2.443460953 -121.214748951   -1.844080240   -6.747788787
   -2.379994435    2.443460953 -120.603058072    6.740758477   -4.031182957
   -2.189594880    2.443460953 -119.189476719    6.818460875   -1.031613157
   -1.999195325    2.443460953 -118.358403754    1.387165607    2.378750446
   -1.808795770    2.443460953 -118.676674632   -4.323015324    6.217849060
   -1.618396215    2.443460953 -119.684322561   -5.140217709   10.261432702
   -1.427996661    2.443460953 -120.132424596    1.720819501   14.071308070
   -1.237597106    2.443460953 -118.571630405   15.522221314   17.174093345
   -1.047197551    2.443460953 -114.001910296   32.500176054   19.267489888
   -0.856797996    2.443460953 -106.289991894   47.682481575   20.321824343
   -0.666398442    2.443460953  -96.209722870   56.749272612   20.504404694
   -0.475998887    2.443460953  -85.186065901   57.414245506   19.999634069
   -0.285599332    2.443460953  -74.870850447   49.456191801   18.842837039
   -0.095199777    2.443460953  -66.784272098   34.392898390   16.862535367
    0.095199777    2.443460953  -62.024806862   15.091245887   13.774482161
    0.285599332    2.443460953  -61.033232564   -4.424672803    9.373860067
    0.475998887    2.443460953  -63.401409076  -19.408403833    3.768793824
    0.666398442    2.443460953  -67.833824772  -25.494678799   -2.487921752
    0.856797996    2.443460953  -72.376050521  -20.529243907   -8.466080114
    1.047197551    2.443460953  -75.004312563   -5.927864164  -13.166628670
    1.237597106    2.443460953  -74.329574219   13.061221216  -15.917121607
    1.427996661    2.443460953  -70.192136989   29.248800272  -16.662319706
    1.618396215    2.443460953  -63.773438790   36.186784487  -15.946525897
    1.808795770    2.443460953  -57.205041546   30.601740613  -14.628021424
    1.999195325    2.443460953  -52.859723713   13.331572664  -13.495021748
    2.189594880    2.443460953  -52.599256380  -11.378988159  -12.996419856
    2.379994435    2.443460953  -57.272346305  -37.399764951  -13.156048206
    2.570393989    2.443460953  -66.525138993  -58.518949408  -13.665859909
    2.760793544    2.443460953  -78.936214422  -69.964199684  -14.065195370
    2.951193099    2.443460953  -92.398829764  -69.472535735  -13.934229337

   -3.141592654    2.792526803 -107.951794099  -56.444543937    0.780566385
   -2.951193099    2.792526803 -116.874373556  -36.646861814    2.819674648
   -2.760793544    2.792526803 -121.789030108  -15.322599655    4.699329907
   -2.570393989    2.792526803 -122.969465745    1.755931830    6.370221836
   -2.379994435    2.792526803 -121.620834451   10.900865090    8.001284747
   -2.189594880    2.792526803 -119.344478115   11.760512922    9.943949366
   -1.999195325    2.792526803 -117.478220817    7.339078257   12.553979282
   -1.808795770    2.792526803 -116.567279955    2.593024778   15.959306329
   -1.618396215    2.792526803 -116.200287976    2.264701995   19.903122974
   -1.427996661    2.792526803 -115.255076294    8.796609401   23.778861850
   -1.237597106    2.792526803 -112.449008495   21.390399766   26.851066194
   -1.047197551    2.792526803 -106.931700407   36.507889014   28.534305317
   -0.856797996    2.792526803  -98.660578039   49.518576279   28.578230760
   -0.666398442    2.792526803  -88.443790387   56.337529899   27.059204211
   -0.475998887    2.792526803  -77.715398708   54.706310927   24.237026268
   -0.285599332    2.792526803  -68.145091983   44.308711582   20.364794992
   -0.095199777    2.792526803  -61.284926814   26.644048823   15.597342589
    0.095199777    2.792526803  -58.246120950    4.813242846   10.022883998
    0.285599332    2.792526803  -59.408293445  -16.610756151    3.803036812
    0.475998887    2.792526803  -64.178628629  -32.177693692   -2.670668778
    0.666398442    2.792526803  -70.952847378  -36.986538350   -8.723063306
    0.856797996    2.792526803  -77.411723136  -28.889198216  -13.527554857
    1.047197551    2.792526803  -81.235112977  -10.007372726  -16.396027852
    1.237597106    2.792526803  -80.924086708   13.219193459  -17.089788539
    1.427996661    2.792526803  -76.441264480   32.458447288  -15.942417000
    1.618396215    2.792526803  -69.260852755   40.682595001  -13.703776685
    1.808795770    2.792526803  -61.848060978   34.763835495  -11.196040087
    1.999195325    2.792526803  -56.826474962   16.187804105   -8.986396369
    2.189594880    2.792526803  -56.169098698  -10.034743259   -7.256965919
    2.379994435    2.792526803  -60.704887377  -37.202920436   -5.867277844
    2.570393989    2.792526803  -69.979077636  -58.822672076   -4.538566811
    2.760793544    2.792526803  -82.441526276  -70.099882637   -3.026570883
    2.951193099    2.792526803  -95.870509187  -68.930095618   -1.231156274
