#! FIELDS phi psi file.free der_phi der_psi
#! SET min_phi -pi
#! SET max_phi pi
#! SET nbins_phi  33
#! SET periodic_phi true
#! SET min_psi -pi
#! SET max_psi pi
#! SET nbins_psi  18
#! SET periodic_psi true
   -3.141592654   -3.141592654  -14.375103174  -24.383289369    5.819441962
   -2.951193099   -3.141592654  -18.913772599  -22.514891152    7.928901220
   -2.760793544   -3.141592654  -22.666140537  -16.258293950    9.907793628
   -2.570393989   -3.141592654  -24.931608742   -7.312170956   11.498229090
   -2.379994435   -3.141592654  -25.460265265    1.494525011   12.612179619
   -2.189594880   -3.141592654  -24.532257792    7.684893690   13.351904734
   -1.999195325   -3.141592654  -22.758963066   10.393756410   13.898374114
   -1.808795770   -3.141592654  -20.737391504   10.564945861   14.339795435
   -1.618396215   -3.141592654  -18.778775943   10.044566003   14.567483227
   -1.427996661   -3.141592654  -16.860697440   10.296313837   14.322267153
   -1.237597106   -3.141592654  -14.787868262   11.613961923   13.363035427
   -1.047197551   -3.141592654  -12.418865240   13.223679538   11.639751618
   -0.856797996   -3.141592654   -9.805144336   14.017215989    9.355272498
   -0.666398442   -3.141592654   -7.173466943   13.288929194    6.883272520
   -0.475998887   -3.141592654   -4.821224140   11.183920090    4.613984989
   -0.285599332   -3.141592654   -2.954815733    8.315574258    2.807095344
   -0.095199777   -3.141592654   -1.645051196    5.479716414    1.546270105
    0.095199777   -3.141592654   -0.828293143    3.197775305    0.769467172
    0.285599332   -3.141592654   -0.376746767    1.659366608    0.345373996
    0.475998887   -3.141592654   -0.153451577    0.758857376    0.138948867
    0.666398442   -3.141592654   -0.055636952    0.304798551    0.049306837
    0.856797996   -3.141592654   -0.017103711    0.102122907    0.014521076
    1.047197551   -3.141592654   -0.004115920    0.026467681    0.003386822
    1.237597106   -3.141592654   -0.002808751   -0.012411818    0.000961399
    1.427996661   -3.141592654   -0.009906298   -0.066544203    0.002921527
    1.618396215   -3.141592654   -0.036774535   -0.227621008    0.011808902
    1.808795770   -3.141592654   -0.114579844   -0.643356065    0.038023322
    1.999195325   -3.141592654   -0.317177873   -1.597852977    0.108170691
    2.189594880   -3.141592654   -0.783607408   -3.494585736    0.274604717
    2.379994435   -3.141592654   -1.734886417   -6.744423520    0.624800757
    2.570393989   -3.141592654   -3.447221179  -11.456082593    1.276767749
    2.760793544   -3.141592654   -6.155979419  -17.039400980    2.345863827
    2.951193099   -3.141592654   -9.899875091  -22.019077984    3.884586050

   -3.141592654   -2.792526803  -11.900763878  -19.972321785    8.080019895
   -2.951193099   -2.792526803  -15.602458154  -18.266238519   10.749432972
   -2.760793544   -2.792526803  -18.622734512  -12.929574975   13.064196976
   -2.570393989   -2.792526803  -20.383498404   -5.380407744   14.646052916
   -2.379994435   -2.792526803  -20.679906866    2.048214712   15.357390310
   -2.189594880   -2.792526803  -19.743912667    7.312135276   15.333691539
   -1.999195325   -2.792526803  -18.083628282    9.663244234   14.859619508
   -1.808795770   -2.792526803  -16.206164270    9.802610048   14.176312325
   -1.618396215   -2.792526803  -14.399208204    9.168894952   13.354141950
   -1.427996661   -2.792526803  -12.686709696    8.943753466   12.307403507
   -1.237597106   -2.792526803  -10.945476909    9.445655638   10.918468326
   -1.047197551   -2.792526803   -9.073543904   10.194923074    9.168959170
   -0.856797996   -2.792526803   -7.095765288   10.442857308    7.189770691
   -0.666398442   -2.792526803   -5.156053183    9.698062976    5.210197545
   -0.475998887   -2.792526803   -3.449716016    8.065485610    3.467782539
   -0.285599332   -2.792526803   -2.108158918    5.955142759    2.107609100
   -0.095199777   -2.792526803   -1.171877104    3.909499441    1.166010256
    0.095199777   -2.792526803   -0.589601111    2.276493991    0.584795102
    0.285599332   -2.792526803   -0.268223278    1.180681436    0.265419859
    0.475998887   -2.792526803   -0.109236953    0.539472531    0.107947875
    0.666398442   -2.792526803   -0.039666190    0.216969840    0.038895139
    0.856797996   -2.792526803   -0.012271152    0.073207666    0.011888634
    1.047197551   -2.792526803   -0.002968824    0.019059507    0.003057121
    1.237597106   -2.792526803   -0.002361207   -0.011208127    0.001539828
    1.427996661   -2.792526803   -0.008478504   -0.056885834    0.005056111
    1.618396215   -2.792526803   -0.031203116   -0.192739791    0.019335548
    1.808795770   -2.792526803   -0.096905291   -0.542750240    0.060760084
    1.999195325   -2.792526803   -0.267500038   -1.343664453    0.169505361
    2.189594880   -2.792526803   -0.658966082   -2.928682665    0.422098921
    2.379994435   -2.792526803   -1.454641593   -5.632174384    0.941997261
    2.570393989   -2.792526803   -2.881600446   -9.530037388    1.887211527
    2.760793544   -2.792526803   -5.129808523  -14.114073321    3.398210222
    2.951193099   -2.792526803   -8.223236983  -18.149500206    5.512198470

   -3.141592654   -2.443460953   -8.959684742  -14.928465599    8.417378398
   -2.951193099   -2.443460953  -11.717198764  -13.547809025   11.044051703
   -2.760793544   -2.443460953  -13.941409619   -9.414373677   13.190022177
   -2.570393989   -2.443460953  -15.194333614   -3.607025477   14.441006060
   -2.379994435   -2.443460953  -15.322102247    2.095107959   14.640241608
   -2.189594880   -2.443460953  -14.505593958    6.113709655   13.932324554
   -1.999195325   -2.443460953  -13.142085290    7.839091283   12.655591549
   -1.808795770   -2.443460953  -11.635489533    7.773399429   11.160867232
   -1.618396215   -2.443460953  -10.225074373    7.022700858    9.672608515
   -1.427996661   -2.443460953   -8.942200942    6.548806919    8.259563230
   -1.237597106   -2.443460953   -7.691513066    6.679116825    6.897675223
   -1.047197551   -2.443460953   -6.379114816    7.110945390    5.557436434
   -0.856797996   -2.443460953   -5.000322323    7.287128129    4.256298490
   -0.666398442   -2.443460953   -3.643148054    6.802791048    3.055876356
   -0.475998887   -2.443460953   -2.442622533    5.688903063    2.038583215
   -0.285599332   -2.443460953   -1.494307152    4.217265719    1.251375620
   -0.095199777   -2.443460953   -0.830486177    2.773815257    0.703385872
    0.095199777   -2.443460953   -0.417252148    1.615084203    0.359351262
    0.285599332   -2.443460953   -0.189381632    0.836449048    0.166537456
    0.475998887   -2.443460953   -0.076912407    0.381341764    0.069068314
    0.666398442   -2.443460953   -0.027896517    0.153340458    0.025529039
    0.856797996   -2.443460953   -0.008632314    0.051791249    0.008216225
    1.047197551   -2.443460953   -0.001947339    0.012491006    0.002285565
    1.237597106   -2.443460953   -0.001781555   -0.009001143    0.001713472
    1.427996661   -2.443460953   -0.006532940   -0.043801649    0.005842761
    1.618396215   -2.443460953   -0.023860148   -0.147159075    0.021823005
    1.808795770   -2.443460953   -0.073964751   -0.413557958    0.067837043
    1.999195325   -2.443460953   -0.203798368   -1.021718754    0.187622906
    2.189594880   -2.443460953   -0.501091227   -2.222113859    0.463068689
    2.379994435   -2.443460953   -1.104037507   -4.263760537    1.023956878
    2.570393989   -2.443460953   -2.182806544   -7.196929381    2.031541090
    2.760793544   -2.443460953   -3.878224173  -10.630297579    3.621159647
    2.951193099   -2.443460953   -6.204460661  -13.626566931    5.810983760

   -3.141592654   -2.094395102   -6.178584593  -10.327771002    7.453935450
   -2.951193099   -2.094395102   -8.092044125   -9.441507046    9.697482317
   -2.760793544   -2.094395102   -9.654880354   -6.707785528   11.448999273
   -2.570393989   -2.094395102  -10.576118909   -2.884557975   12.322606441
   -2.379994435   -2.094395102  -10.762740046    0.796112196   12.161877939
   -2.189594880   -2.094395102  -10.351329234    3.267922026   11.086740001
   -1.999195325   -2.094395102   -9.619026771    4.182388089    9.414892040
   -1.808795770   -2.094395102   -8.828699308    4.008506062    7.518331288
   -1.618396215   -2.094395102   -8.104744083    3.636310892    5.700965843
   -1.427996661   -2.094395102   -7.410011140    3.778458928    4.145014361
   -1.237597106   -2.094395102   -6.623389722    4.570611275    2.918389082
   -1.047197551   -2.094395102   -5.654423660    5.594140811    2.009389290
   -0.856797996   -2.094395102   -4.517774639    6.237865712    1.363353048
   -0.666398442   -2.094395102   -3.327302911    6.095257352    0.910281829
   -0.475998887   -2.094395102   -2.239309544    5.207569004    0.595740150
   -0.285599332   -2.094395102   -1.367922273    3.890639556    0.374021092
   -0.095199777   -2.094395102   -0.755778918    2.555243488    0.221698540
    0.095199777   -2.094395102   -0.376371756    1.478196832    0.121075479
    0.285599332   -2.094395102   -0.168843288    0.757240910    0.060380134
    0.475998887   -2.094395102   -0.067731924    0.341242424    0.026615067
    0.666398442   -2.094395102   -0.024238764    0.135432463    0.010775246
    0.856797996   -2.094395102   -0.007223725    0.043920655    0.003574798
    1.047197551   -2.094395102   -0.001498401    0.009700695    0.001513871
    1.237597106   -2.094395102   -0.001206509   -0.006435876    0.001533884
    1.427996661   -2.094395102   -0.004533344   -0.030383738    0.005443724
    1.618396215   -2.094395102   -0.016483147   -0.101570795    0.020118098
    1.808795770   -2.094395102   -0.051083063   -0.285399342    0.062241411
    1.999195325   -2.094395102   -0.140655533   -0.704626045    0.171403997
    2.189594880   -2.094395102   -0.345604125   -1.531466790    0.421298976
    2.379994435   -2.094395102   -0.761029120   -2.937109491    0.927538390
    2.570393989   -2.094395102   -1.504050989   -4.956588608    1.831316459
    2.760793544   -2.094395102   -2.671957207   -7.323734029    3.247371268
    2.951193099   -2.094395102   -4.275587158   -9.399408815    5.180846396

   -3.141592654   -1.745329252   -4.066106620   -6.991586686    5.312765569
   -2.951193099   -1.745329252   -5.380334475   -6.605424002    6.840600653
   -2.760793544   -1.745329252   -6.506453379   -5.056043240    7.953915769
   -2.570393989   -1.745329252   -7.262646983   -2.840556176    8.347822846
   -2.379994435   -1.745329252   -7.598013569   -0.776172201    7.876260127
   -2.189594880   -1.745329252   -7.612528858    0.452024787    6.600685424
   -1.999195325   -1.745329252   -7.489284565    0.703894978    4.761873795
   -1.808795770   -1.745329252   -7.376379487    0.463947317    2.703532757
   -1.618396215   -1.745329252   -7.293843332    0.511306595    0.784712856
   -1.427996661   -1.745329252   -7.127317641    1.393478490   -0.700039302
   -1.237597106   -1.745329252   -6.711970680    3.062956106   -1.585208961
   -1.047197551   -1.745329252   -5.948745810    4.919162829   -1.867997759
   -0.856797996   -1.745329252   -4.875785765    6.202787157   -1.690560341
   -0.666398442   -1.745329252   -3.652812696    6.438438440   -1.272080228
   -0.475998887   -1.745329252   -2.484979937    5.672387323   -0.812348371
   -0.285599332   -1.745329252   -1.528197174    4.310352912   -0.443343671
   -0.095199777   -1.745329252   -0.847244849    2.855180852   -0.204017845
    0.095199777   -1.745329252   -0.422598252    1.659326088   -0.077472699
    0.285599332   -1.745329252   -0.189572428    0.851317440   -0.022327849
    0.475998887   -1.745329252   -0.076153329    0.384862496   -0.003845505
    0.666398442   -1.745329252   -0.027129023    0.152002885    0.000988556
    0.856797996   -1.745329252   -0.008171927    0.049928331    0.001380474
    1.047197551   -1.745329252   -0.001542114    0.009959798    0.001341125
    1.237597106   -1.745329252   -0.000819344   -0.003521663    0.001332696
    1.427996661   -1.745329252   -0.002854495   -0.019153499    0.004097055
    1.618396215   -1.745329252   -0.010393043   -0.064121277    0.015088151
    1.808795770   -1.745329252   -0.032380767   -0.181362160    0.046403646
    1.999195325   -1.745329252   -0.089477651   -0.449822724    0.127068134
    2.189594880   -1.745329252   -0.220642306   -0.982251606    0.310540601
    2.379994435   -1.745329252   -0.487898695   -1.894558802    0.679674202
    2.570393989   -1.745329252   -0.969143192   -3.220925106    1.333655000
    2.760793544   -1.745329252   -1.731814870   -4.803800420    2.349636625
    2.951193099   -1.745329252   -2.790548232   -6.244569338    3.722445857

   -3.141592654   -1.396263402   -3.217104553   -5.805232140    4.013239887
   -2.951193099   -1.396263402   -4.328803863   -5.713788654    5.083284242
   -2.760793544   -1.396263402   -5.335785829   -4.738311180    5.753325310
   -2.570393989   -1.396263402   -6.103013099   -3.298151406    5.760157826
   -2.379994435   -1.396263402   -6.606311668   -2.082616586    4.965729782
   -2.189594880   -1.396263402   -6.945378963   -1.623854897    3.405215648
   -1.999195325   -1.396263402   -7.272445268   -1.895161156    1.285088896
   -1.808795770   -1.396263402   -7.672985070   -2.251177327   -1.054140583
   -1.618396215   -1.396263402   -8.078549563   -1.814689420   -3.201667034
   -1.427996661   -1.396263402   -8.279881087   -0.080393048   -4.769658194
   -1.237597106   -1.396263402   -8.041946035    2.689124448   -5.505190213
   -1.047197551   -1.396263402   -7.248343410    5.573064978   -5.376267433
   -0.856797996   -1.396263402   -5.979489860    7.532297459   -4.577223389
   -0.666398442   -1.396263402   -4.476358794    7.982203860   -3.440511499
   -0.475998887   -1.396263402   -3.026439620    7.042004655   -2.292961442
   -0.285599332   -1.396263402   -1.842568643    5.312673300   -1.359596665
   -0.095199777   -1.396263402   -1.008073669    3.475288869   -0.716249814
    0.095199777   -1.396263402   -0.495033266    1.988650173   -0.336007626
    0.285599332   -1.396263402   -0.218065200    1.001328274   -0.139940772
    0.475998887   -1.396263402   -0.085912503    0.443808394   -0.051865051
    0.666398442   -1.396263402   -0.029942954    0.171425662   -0.016382565
    0.856797996   -1.396263402   -0.008636043    0.053801326   -0.003864979
    1.047197551   -1.396263402   -0.001308319    0.008554214    0.000093225
    1.237597106   -1.396263402   -0.000480975   -0.002363168    0.000940433
    1.427996661   -1.396263402   -0.001945121   -0.013177854    0.003123066
    1.618396215   -1.396263402   -0.007231074   -0.045127460    0.011709984
    1.808795770   -1.396263402   -0.022938371   -0.130270542    0.035807606
    1.999195325   -1.396263402   -0.064364566   -0.328761260    0.098199162
    2.189594880   -1.396263402   -0.161205912   -0.730907587    0.240148048
    2.379994435   -1.396263402   -0.362126480   -1.436142243    0.525366315
    2.570393989   -1.396263402   -0.730913523   -2.489816594    1.028658249
    2.760793544   -1.396263402   -1.327152913   -3.791205003    1.805123647
    2.951193099   -1.396263402   -2.172899059   -5.043083630    2.841153947

   -3.141592654   -1.047197551   -2.818427429   -5.311803559    2.295405703
   -2.951193099   -1.047197551   -3.858720613   -5.494820584    2.687986871
   -2.760793544   -1.047197551   -4.868181026   -5.019946898    2.705131348
   -2.570393989   -1.047197551   -5.752645233   -4.275256342    2.180084837
   -2.379994435   -1.047197551   -6.518150778   -3.869407396    1.021794064
   -2.189594880   -1.047197551   -7.274169124   -4.198235823   -0.754310328
   -1.999195325   -1.047197551   -8.150385097   -5.031320705   -3.000265367
   -1.808795770   -1.047197551   -9.166015123   -5.478102805   -5.417271955
   -1.618396215   -1.047197551  -10.143208622   -4.476162039   -7.578345042
   -1.427996661   -1.047197551  -10.745104234   -1.535457387   -9.027948216
   -1.237597106   -1.047197551  -10.637605479    2.797822102   -9.443837086
   -1.047197551   -1.047197551   -9.678694632    7.144343468   -8.778921125
   -0.856797996   -1.047197551   -8.010119324   10.049994745   -7.288267197
   -0.666398442   -1.047197551   -5.992678227   10.756760256   -5.416065336
   -0.475998887   -1.047197551   -4.038302229    9.488235137   -3.603047869
   -0.285599332   -1.047197551   -2.446493863    7.130044021   -2.147650061
   -0.095199777   -1.047197551   -1.329813744    4.633452841   -1.145456783
    0.095199777   -1.047197551   -0.648267338    2.631848241   -0.547227242
    0.285599332   -1.047197551   -0.283173736    1.313782084   -0.233769341
    0.475998887   -1.047197551   -0.110615439    0.577395231   -0.089294439
    0.666398442   -1.047197551   -0.038039502    0.219908215   -0.029546666
    0.856797996   -1.047197551   -0.010671293    0.067044648   -0.007519123
    1.047197551   -1.047197551   -0.001447190    0.009556286   -0.000796184
    1.237597106   -1.047197551   -0.000343869   -0.002020874    0.000773459
    1.427996661   -1.047197551   -0.001610077   -0.010961435    0.002564263
    1.618396215   -1.047197551   -0.005846800   -0.036549158    0.009096181
    1.808795770   -1.047197551   -0.018842294   -0.107551225    0.027020137
    1.999195325   -1.047197551   -0.053201582   -0.273507232    0.072083608
    2.189594880   -1.047197551   -0.134123812   -0.613077279    0.171195296
    2.379994435   -1.047197551   -0.303538986   -1.216277442    0.362575188
    2.570393989   -1.047197551   -0.618065366   -2.134587821    0.684207601
    2.760793544   -1.047197551   -1.133553380   -3.300420092    1.151054481
    2.951193099   -1.047197551   -1.877575076   -4.480272501    1.724988058

   -3.141592654   -0.698131701   -2.527160558   -5.246975757    0.127826810
   -2.951193099   -0.698131701   -3.596228773   -5.898703046   -0.228717767
   -2.760793544   -0.698131701   -4.743721336   -6.096295780   -0.890402746
   -2.570393989   -0.698131701   -5.909513538   -6.172607007   -1.920530408
   -2.379994435   -0.698131701   -7.120122682   -6.647653934   -3.361818175
   -2.189594880   -0.698131701   -8.483624671   -7.769491905   -5.214865462
   -1.999195325   -0.698131701  -10.091695897   -9.068784938   -7.382889827
   -1.808795770   -0.698131701  -11.873380300   -9.361413114   -9.609400214
   -1.618396215   -0.698131701  -13.510489220   -7.383181600  -11.476964658
   -1.427996661   -0.698131701  -14.511108936   -2.716550801  -12.519131345
   -1.237597106   -0.698131701  -14.432607432    3.683092269  -12.415031276
   -1.047197551   -0.698131701  -13.123940856    9.842024323  -11.153734398
   -0.856797996   -0.698131701  -10.825950556   13.814071618   -9.055897706
   -0.666398442   -0.698131701   -8.063302219   14.680751293   -6.634476408
   -0.475998887   -0.698131701   -5.406666259   12.848328706   -4.379094414
   -0.285599332   -0.698131701   -3.259111861    9.585017203   -2.603321773
   -0.095199777   -0.698131701   -1.762769383    6.186871863   -1.391558066
    0.095199777   -0.698131701   -0.855337245    3.493449681   -0.669128372
    0.285599332   -0.698131701   -0.371942002    1.734336423   -0.289032488
    0.475998887   -0.698131701   -0.144676213    0.758507349   -0.111908556
    0.666398442   -0.698131701   -0.049345141    0.286154048   -0.037548449
    0.856797996   -0.698131701   -0.013573345    0.085378232   -0.009924567
    1.047197551   -0.698131701   -0.001840479    0.012212184   -0.001586120
    1.237597106   -0.698131701   -0.000174353   -0.001055546    0.000352152
    1.427996661   -0.698131701   -0.001089633   -0.007542908    0.001236616
    1.618396215   -0.698131701   -0.004025296   -0.025596139    0.004114579
    1.808795770   -0.698131701   -0.013596812   -0.079484500    0.011240042
    1.999195325   -0.698131701   -0.039542905   -0.209070227    0.027954597
    2.189594880   -0.698131701   -0.102548513   -0.484174425    0.061100735
    2.379994435   -0.698131701   -0.238927204   -0.994127630    0.116190819
    2.570393989   -0.698131701   -0.501673282   -1.812720461    0.188560224
    2.760793544   -0.698131701   -0.949700272   -2.923623592    0.253715355
    2.951193099   -0.698131701   -1.625662225   -4.166129199    0.259420758

   -3.141592654   -0.349065850   -2.737177329   -6.072822770   -1.681339858
   -2.951193099   -0.349065850   -4.004009984   -7.160176981   -2.613102342
   -2.760793544   -0.349065850   -5.436997126   -7.839670672   -3.752825186
   -2.570393989   -0.349065850   -6.983265586   -8.431192468   -5.068450533
   -2.379994435   -0.349065850   -8.674973637   -9.442934357   -6.552609779
   -2.189594880   -0.349065850  -10.618416979  -11.043194312   -8.210379593
   -1.999195325   -0.349065850  -12.876556467  -12.555837161   -9.988862293
   -1.808795770   -0.349065850  -15.300768726  -12.509111640  -11.692702544
   -1.618396215   -0.349065850  -17.445997560   -9.445601132  -12.971240601
   -1.427996661   -0.349065850  -18.681766085   -3.042348175  -13.429775931
   -1.237597106   -0.349065850  -18.477381216    5.321608362  -12.820470506
   -1.047197551   -0.349065850  -16.692880651   13.099702124  -11.190644622
   -0.856797996   -0.349065850  -13.680376737   17.912531542   -8.884094321
   -0.666398442   -0.349065850  -10.127929825   18.745546717   -6.393809035
   -0.475998887   -0.349065850   -6.754828595   16.228481968   -4.162286760
   -0.285599332   -0.349065850   -4.053363870   12.008855558   -2.448326792
   -0.095199777   -0.349065850   -2.184240990    7.703561765   -1.299120403
    0.095199777   -0.349065850   -1.056832431    4.329908722   -0.621694850
    0.285599332   -0.349065850   -0.458631535    2.142521470   -0.268026717
    0.475998887   -0.349065850   -0.178142914    0.934759827   -0.103650281
    0.666398442   -0.349065850   -0.060435325    0.350138301   -0.034502761
    0.856797996   -0.349065850   -0.016572208    0.104010776   -0.009236593
    1.047197551   -0.349065850   -0.002282525    0.015114492   -0.001567731
    1.237597106   -0.349065850   -0.000116468   -0.000306311    0.000009024
    1.427996661   -0.349065850   -0.000866576   -0.006139856    0.000021959
    1.618396215   -0.349065850   -0.003343349   -0.021774203   -0.000504667
    1.808795770   -0.349065850   -0.011971711   -0.072006593   -0.003081253
    1.999195325   -0.349065850   -0.036059730   -0.196634151   -0.011799648
    2.189594880   -0.349065850   -0.096454936   -0.470711734   -0.037186491
    2.379994435   -0.349065850   -0.231500115   -0.998264224   -0.101541681
    2.570393989   -0.349065850   -0.500522171   -1.882097823   -0.244368379
    2.760793544   -0.349065850   -0.974458862   -3.139419561   -0.519736440
    2.951193099   -0.349065850   -1.713934971   -4.634257733   -0.985148515

   -3.141592654    0.000000000   -3.570985414   -7.864353224   -3.220225118
   -2.951193099    0.000000000   -5.208834845   -9.243278072   -4.531086659
   -2.760793544    0.000000000   -7.055676727  -10.085642142   -5.909405215
   -2.570393989    0.000000000   -9.039348541  -10.778018329   -7.255428438
   -2.379994435    0.000000000  -11.189358477  -11.919255629   -8.539051113
   -2.189594880    0.000000000  -13.619234220  -13.670055903   -9.786136094
   -1.999195325    0.000000000  -16.381115119  -15.169326084  -10.994301928
   -1.808795770    0.000000000  -19.267598492  -14.652545820  -12.038479206
   -1.618396215    0.000000000  -21.725015970  -10.471961931  -12.656319773
   -1.427996661    0.000000000  -23.004775890   -2.417151376  -12.553862190
   -1.237597106    0.000000000  -22.511411068    7.703384538  -11.574423206
   -1.047197551    0.000000000  -20.136727652   16.806352377   -9.813858793
   -0.856797996    0.000000000  -16.353779256   22.154960789   -7.600004585
   -0.666398442    0.000000000  -12.007981850   22.716509476   -5.352405662
   -0.475998887    0.000000000   -7.949829801   19.390864614   -3.419721138
   -0.285599332    0.000000000   -4.739045103   14.194385729   -1.978908678
   -0.095199777    0.000000000   -2.538873217    9.027118172   -1.035718895
    0.095199777    0.000000000   -1.222103622    5.037617742   -0.489884916
    0.285599332    0.000000000   -0.527971513    2.477901419   -0.209229352
    0.475998887    0.000000000   -0.204155405    1.074868398   -0.080058174
    0.666398442    0.000000000   -0.068712975    0.398754568   -0.026193915
    0.856797996    0.000000000   -0.018562452    0.116468150   -0.006787795
    1.047197551    0.000000000   -0.002556673    0.016939682   -0.001241726
    1.237597106    0.000000000   -0.000160390   -0.000531854   -0.000358646
    1.427996661    0.000000000   -0.001155198   -0.008155680   -0.001427196
    1.618396215    0.000000000   -0.004542530   -0.029523397   -0.005736417
    1.808795770    0.000000000   -0.016067071   -0.096269832   -0.018822715
    1.999195325    0.000000000   -0.048200952   -0.261720972   -0.054268431
    2.189594880    0.000000000   -0.128379128   -0.623502259   -0.139224209
    2.379994435    0.000000000   -0.306800803   -1.315939751   -0.320568028
    2.570393989    0.000000000   -0.660504697   -2.469189162   -0.664657500
    2.760793544    0.000000000   -1.280626656   -4.099549557   -1.241647386
    2.951193099    0.000000000   -2.243625760   -6.024075900   -2.097032180

   -3.141592654    0.349065850   -4.366984110   -9.479481759   -3.623662678
   -2.951193099    0.349065850   -6.337134645  -11.100959803   -4.933768788
   -2.760793544    0.349065850   -8.552823847  -12.089264338   -6.217531894
   -2.570393989    0.349065850  -10.927658638  -12.880980135   -7.356889737
   -2.379994435    0.349065850  -13.487705874  -14.124682249   -8.313800974
   -2.189594880    0.349065850  -16.345517673  -15.944104665   -9.116356732
   -1.999195325    0.349065850  -19.533132125  -17.316337827   -9.785047349
   -1.808795770    0.349065850  -22.785374114  -16.265366648  -10.256239117
   -1.618396215    0.349065850  -25.458544693  -11.044923970  -10.372936006
   -1.427996661    0.349065850  -26.717253053   -1.588287108   -9.963985123
   -1.237597106    0.349065850  -25.929288018    9.932860377   -8.960018247
   -1.047197551    0.349065850  -23.026421725   20.029657495   -7.462026178
   -0.856797996    0.349065850  -18.585890176   25.725019353   -5.714709175
   -0.666398442    0.349065850  -13.578212829   26.006749436   -4.005933179
   -0.475998887    0.349065850   -8.954046805   22.001352081   -2.564322298
   -0.285599332    0.349065850   -5.322136077   16.007655598   -1.495335058
   -0.095199777    0.349065850   -2.845817054   10.139603646   -0.793250162
    0.095199777    0.349065850   -1.368482582    5.644394046   -0.382025568
    0.285599332    0.349065850   -0.591163206    2.773262901   -0.166861961
    0.475998887    0.349065850   -0.228617658    1.201969299   -0.065317461
    0.666398442    0.349065850   -0.076816210    0.444552867   -0.022080224
    0.856797996    0.349065850   -0.020719351    0.129485748   -0.006089813
    1.047197551    0.349065850   -0.003028627    0.020019362   -0.001503490
    1.237597106    0.349065850   -0.000303627   -0.000864455   -0.000675982
    1.427996661    0.349065850   -0.001589995   -0.011072465   -0.002208489
    1.618396215    0.349065850   -0.006176829   -0.039629066   -0.008445731
    1.808795770    0.349065850   -0.021292784   -0.125779399   -0.026543628
    1.999195325    0.349065850   -0.062882917   -0.336506722   -0.074030062
    2.189594880    0.349065850   -0.165108048   -0.789983333   -0.184039521
    2.379994435    0.349065850   -0.389505570   -1.645446548   -0.410562276
    2.570393989    0.349065850   -0.828843498   -3.051247921   -0.824125782
    2.760793544    0.349065850   -1.590647346   -5.014106215   -1.490438176
    2.951193099    0.349065850   -2.762698408   -7.305489920   -2.437282186

   -3.141592654    0.698131701   -5.304624551  -11.305278796   -4.077264245
   -2.951193099    0.698131701   -7.637853128  -13.051509511   -5.430402052
   -2.760793544    0.698131701  -10.219247062  -13.947442153   -6.631059746
   -2.570393989    0.698131701  -12.926672278  -14.501859537   -7.504552291
   -2.379994435    0.698131701  -15.769456607  -15.476259293   -7.982447114
   -2.189594880    0.698131701  -18.861071054  -17.051513579   -8.107136278
   -1.999195325    0.698131701  -22.234886438  -18.150250391   -7.972638035
   -1.808795770    0.698131701  -25.608757311  -16.674299004   -7.650206071
   -1.618396215    0.698131701  -28.301392820  -10.803538433   -7.154618891
   -1.427996661    0.698131701  -29.438305355   -0.537245844   -6.467705414
   -1.237597106    0.698131701  -28.374085079   11.758301104   -5.588758306
   -1.047197551    0.698131701  -25.068664407   22.375807304   -4.567888642
   -0.856797996    0.698131701  -20.161680545   28.212481251   -3.501518318
   -0.666398442    0.698131701  -14.696242908   28.272035045   -2.499170502
   -0.475998887    0.698131701   -9.681527742   23.812468598   -1.653128735
   -0.285599332    0.698131701   -5.754755079   17.289899130   -1.006374552
   -0.095199777    0.698131701   -3.080608699   10.950557452   -0.561962409
    0.095199777    0.698131701   -1.484331381    6.102607873   -0.285817474
    0.285599332    0.698131701   -0.643041904    3.005222330   -0.132005228
    0.475998887    0.698131701   -0.249430411    1.305620999   -0.054468631
    0.666398442    0.698131701   -0.084121144    0.484388514   -0.019935820
    0.856797996    0.698131701   -0.022844585    0.141980126   -0.006157733
    1.047197551    0.698131701   -0.003629777    0.023909507   -0.001958638
    1.237597106    0.698131701   -0.000465022   -0.000873321   -0.000863633
    1.427996661    0.698131701   -0.001993455   -0.013815301   -0.002536073
    1.618396215    0.698131701   -0.007971149   -0.051044249   -0.010020608
    1.808795770    0.698131701   -0.027057557   -0.159113323   -0.031236463
    1.999195325    0.698131701   -0.079438414   -0.422768579   -0.086950351
    2.189594880    0.698131701   -0.207417764   -0.986023347   -0.215898583
    2.379994435    0.698131701   -0.486422356   -2.039306223   -0.480312426
    2.570393989    0.698131701   -1.028360826   -3.751067727   -0.959127722
    2.760793544    0.698131701   -1.960157347   -6.109329731   -1.721472295
    2.951193099    0.698131701   -3.380508454   -8.812764406   -2.784907981

   -3.141592654    1.047197551   -6.899753424  -14.001209440   -5.451059444
   -2.951193099    1.047197551   -9.734222965  -15.535690590   -7.081666889
   -2.760793544    1.047197551  -12.729701854  -15.743480711   -8.340425401
   -2.570393989    1.047197551  -15.688052621  -15.315354435   -8.945745323
   -2.379994435    1.047197551  -18.589175728  -15.297316900   -8.785928039
   -2.189594880    1.047197551  -21.569100675  -16.107749419   -7.950281868
   -1.999195325    1.047197551  -24.715685515  -16.759155774   -6.673002178
   -1.808795770    1.047197551  -27.804211820  -15.104305353   -5.235774739
   -1.618396215    1.047197551  -30.194611692   -9.217354417   -3.883358825
   -1.427996661    1.047197551  -31.034426673    0.989756342   -2.775854354
   -1.237597106    1.047197551  -29.687693264   13.195624518   -1.973548283
   -1.047197551    1.047197551  -26.118475522   23.706870434   -1.447166678
   -0.856797996    1.047197551  -20.969575511   29.418871216   -1.111440698
   -0.666398442    1.047197551  -15.287863231   29.323692396   -0.870819805
   -0.475998887    1.047197551  -10.089455481   24.683633602   -0.666984394
   -0.285599332    1.047197551   -6.015595679   17.955178010   -0.475690438
   -0.095199777    1.047197551   -3.234036649   11.414896546   -0.309338585
    0.095199777    1.047197551   -1.566338815    6.392710182   -0.179701471
    0.285599332    1.047197551   -0.682673335    3.166894968   -0.092953227
    0.475998887    1.047197551   -0.266437252    1.384061218   -0.042074735
    0.666398442    1.047197551   -0.090688259    0.518345786   -0.017343429
    0.856797996    1.047197551   -0.025010031    0.154349292   -0.006137109
    1.047197551    1.047197551   -0.004389651    0.028795753   -0.002354094
    1.237597106    1.047197551   -0.000815468   -0.001744359   -0.001245237
    1.427996661    1.047197551   -0.003016319   -0.020687318   -0.003718761
    1.618396215    1.047197551   -0.012005772   -0.076177491   -0.014444850
    1.808795770    1.047197551   -0.039619712   -0.229991075   -0.044733599
    1.999195325    1.047197551   -0.114348137   -0.599376838   -0.123707727
    2.189594880    1.047197551   -0.294013834   -1.373671119   -0.305449107
    2.379994435    1.047197551   -0.678726850   -2.789234167   -0.675014931
    2.570393989    1.047197551   -1.411178618   -5.025902036   -1.336485459
    2.760793544    1.047197551   -2.644193357   -8.003465434   -2.373977702
    2.951193099    1.047197551   -4.480090294  -11.254144266   -3.790042652

   -3.141592654    1.396263402   -9.055056872  -17.457532716   -6.811330372
   -2.951193099    1.396263402  -12.511657697  -18.484333153   -8.721711120
   -2.760793544    1.396263402  -15.960697330  -17.451210624  -10.046575092
   -2.570393989    1.396263402  -19.085806856  -15.316110630  -10.395023964
   -2.379994435    1.396263402  -21.819224906  -13.570991706   -9.607069330
   -2.189594880    1.396263402  -24.336003193  -13.066257031   -7.814106414
   -1.999195325    1.396263402  -26.830862254  -13.077560632   -5.387933600
   -1.808795770    1.396263402  -29.215318355  -11.503584205   -2.819679061
   -1.618396215    1.396263402  -30.975890414   -6.280377925   -0.583061652
   -1.427996661    1.396263402  -31.347719204    2.940313506    0.983638215
   -1.237597106    1.396263402  -29.727115174   14.143743764    1.754655205
   -1.047197551    1.396263402  -26.055056976   23.894612451    1.827792537
   -0.856797996    1.396263402  -20.914040217   29.210197400    1.456719126
   -0.666398442    1.396263402  -15.282374701   29.038012630    0.933911556
   -0.475998887    1.396263402  -10.128964942   24.510186346    0.470495297
   -0.285599332    1.396263402   -6.073451398   17.922995957    0.167816876
   -0.095199777    1.396263402   -3.287850509   11.476681582    0.017032270
    0.095199777    1.396263402   -1.604806341    6.479847163   -0.031278045
    0.285599332    1.396263402   -0.705423040    3.239088735   -0.032551119
    0.475998887    1.396263402   -0.277696163    1.428248661   -0.020261964
    0.666398442    1.396263402   -0.095779511    0.542574628   -0.010928148
    0.856797996    1.396263402   -0.026977005    0.165207659   -0.004822399
    1.047197551    1.396263402   -0.005221288    0.034109168   -0.002306719
    1.237597106    1.396263402   -0.001315659   -0.003341272   -0.001596883
    1.427996661    1.396263402   -0.004543333   -0.030920764   -0.004981115
    1.618396215    1.396263402   -0.017869680   -0.112530517   -0.018931040
    1.808795770    1.396263402   -0.057738203   -0.331628037   -0.058387210
    1.999195325    1.396263402   -0.164323373   -0.850440246   -0.160699484
    2.189594880    1.396263402   -0.417111805   -1.920172273   -0.395018331
    2.379994435    1.396263402   -0.950051148   -3.836568518   -0.868764696
    2.570393989    1.396263402   -1.946751882   -6.785342948   -1.710617045
    2.760793544    1.396263402   -3.592222608  -10.578618917   -3.019562124
    2.951193099    1.396263402   -5.987176611  -14.502206631   -4.784058023

   -3.141592654    1.745329252  -11.540898519  -21.316769640   -7.191130271
   -2.951193099    1.745329252  -15.677647903  -21.609638375   -9.104393206
   -2.760793544    1.745329252  -19.578539793  -18.938741756  -10.307006451
   -2.570393989    1.745329252  -22.780949555  -14.586468074  -10.355171845
   -2.379994435    1.745329252  -25.157875619  -10.603359348   -9.056964632
   -2.189594880    1.745329252  -26.936580216   -8.413599092   -6.551948030
   -1.999195325    1.745329252  -28.458435846   -7.685887337   -3.276559077
   -1.808795770    1.745329252  -29.830719378   -6.434107943    0.153356229
   -1.618396215    1.745329252  -30.730088846   -2.424534914    3.099813411
   -1.427996661    1.745329252  -30.526354078    5.089464690    5.067454841
   -1.237597106    1.745329252  -28.662006312   14.598192277    5.837818017
   -1.047197551    1.745329252  -25.031756963   23.101298414    5.519284192
   -0.856797996    1.745329252  -20.108940614   27.822497859    4.476473719
   -0.666398442    1.745329252  -14.748984228   27.637193583    3.168350215
   -0.475998887    1.745329252   -9.832732142   23.448859742    1.964334142
   -0.285599332    1.745329252   -5.938296537   17.278037073    1.068969755
   -0.095199777    1.745329252   -3.241408912   11.167002998    0.506942558
    0.095199777    1.745329252   -1.596208661    6.367396561    0.208473726
    0.285599332    1.745329252   -0.708240573    3.215993356    0.072882993
    0.475998887    1.745329252   -0.281414756    1.432377025    0.021137694
    0.666398442    1.745329252   -0.098469168    0.552948078    0.003326207
    0.856797996    1.745329252   -0.028388402    0.172676824   -0.000827059
    1.047197551    1.745329252   -0.005915318    0.038494730   -0.001543154
    1.237597106    1.745329252   -0.001903053   -0.005588781   -0.001715206
    1.427996661    1.745329252   -0.006421787   -0.043496179   -0.005624487
    1.618396215    1.745329252   -0.024928750   -0.156150775   -0.020899670
    1.808795770    1.745329252   -0.079465796   -0.453064819   -0.064183850
    1.999195325    1.745329252   -0.223988329   -1.148888795   -0.175828188
    2.189594880    1.745329252   -0.563437951   -2.566483165   -0.430138541
    2.379994435    1.745329252   -1.271098817   -5.068104817   -0.941315218
    2.570393989    1.745329252   -2.577270977   -8.839698507   -1.843581807
    2.760793544    1.745329252   -4.702108387  -13.558760197   -3.235604246
    2.951193099    1.745329252   -7.740082923  -18.213046391   -5.092592396

   -3.141592654    2.094395102  -13.874534580  -24.812321377   -5.838972448
   -2.951193099    2.094395102  -18.613990951  -24.288184061   -7.257760477
   -2.760793544    2.094395102  -22.875078966  -19.912134461   -7.989160696
   -2.570393989    2.094395102  -26.050785367  -13.277094262   -7.639573719
   -2.379994435    2.094395102  -27.953446509   -6.975190985   -6.024986954
   -2.189594880    2.094395102  -28.859612580   -3.009905272   -3.251529448
   -1.999195325    2.094395102  -29.259090813   -1.487673036    0.286890751
   -1.808795770    2.094395102  -29.468264618   -0.609632594    3.982992627
   -1.618396215    2.094395102  -29.380560781    1.968283459    7.150275937
   -1.427996661    2.094395102  -28.533507362    7.389295468    9.202768662
   -1.237597106    2.094395102  -26.441840245   14.723623723    9.835075884
   -1.047197551    2.094395102  -22.960107200   21.533101102    9.121704331
   -0.856797996    2.094395102  -18.433806750   25.370228054    7.470322618
   -0.666398442    2.094395102  -13.558670674   25.099339576    5.444864426
   -0.475998887    2.094395102   -9.086907252   21.373129047    3.540061367
   -0.285599332    2.094395102   -5.525191246   15.856399350    2.057171424
   -0.095199777    2.094395102   -3.040036037   10.339196051    1.067081345
    0.095199777    2.094395102   -1.509908362    5.951694452    0.494595431
    0.285599332    2.094395102   -0.676060200    3.036578441    0.204310123
    0.475998887    2.094395102   -0.271077095    1.365895079    0.075080491
    0.666398442    2.094395102   -0.096132336    0.535293039    0.023097236
    0.856797996    2.094395102   -0.028285663    0.170916368    0.005142565
    1.047197551    2.094395102   -0.006310414    0.040936506    0.000078561
    1.237597106    2.094395102   -0.002468577   -0.008212397   -0.001455365
    1.427996661    2.094395102   -0.008329204   -0.056241639   -0.005071090
    1.618396215    2.094395102   -0.031924517   -0.199188113   -0.018314311
    1.808795770    2.094395102   -0.100877855   -0.572120396   -0.055799667
    1.999195325    2.094395102   -0.282454036   -1.439591185   -0.151707881
    2.189594880    2.094395102   -0.705969756   -3.191585855   -0.368141070
    2.379994435    2.094395102   -1.581888308   -6.250110493   -0.798832418
    2.570393989    2.094395102   -3.183647434  -10.794157047   -1.550177918
    2.760793544    2.094395102   -5.762045910  -16.364210861   -2.693686452
    2.951193099    2.094395102   -9.401048285  -21.656156610   -4.192141979

   -3.141592654    2.443460953  -15.581026952  -27.262349660   -2.279867630
   -2.951193099    2.443460953  -20.728558789  -25.996963518   -2.546731509
   -2.760793544    2.443460953  -25.184714854  -20.139090690   -2.340283064
   -2.570393989    2.443460953  -28.217873228  -11.495237384   -1.472920689
   -2.379994435    2.443460953  -29.577647278   -3.078763223    0.150214543
   -2.189594880    2.443460953  -29.568792995    2.595333385    2.486771408
   -1.999195325    2.443460953  -28.804588860    4.953454780    5.321226000
   -1.808795770    2.443460953  -27.799406333    5.499555669    8.252189961
   -1.618396215    2.443460953  -26.675073325    6.569798972   10.742409212
   -1.427996661    2.443460953  -25.166136973    9.646330597   12.258461639
   -1.237597106    2.443460953  -22.890968380   14.416370746   12.464093639
   -1.047197551    2.443460953  -19.680289092   19.117978128   11.366857143
   -0.856797996    2.443460953  -15.743426319   21.766238378    9.321696547
   -0.666398442    2.443460953  -11.586217483   21.304692212    6.880976700
   -0.475998887    2.443460953   -7.791828490   18.137706034    4.569573884
   -0.285599332    2.443460953   -4.762641979   13.514296379    2.730208761
   -0.095199777    2.443460953   -2.637628325    8.872628645    1.465469370
    0.095199777    2.443460953   -1.319503840    5.147690790    0.706965220
    0.285599332    2.443460953   -0.595417956    2.649158756    0.305932126
    0.475998887    2.443460953   -0.240586284    1.201618701    0.118382911
    0.666398442    2.443460953   -0.086295649    0.477016563    0.039810111
    0.856797996    2.443460953   -0.025837250    0.155228607    0.010531830
    1.047197551    2.443460953   -0.006011384    0.038866552    0.001635983
    1.237597106    2.443460953   -0.002872322   -0.010645024   -0.000799799
    1.427996661    2.443460953   -0.009844629   -0.066359723   -0.003013868
    1.618396215    2.443460953   -0.037294287   -0.232063185   -0.010223619
    1.808795770    2.443460953   -0.117257368   -0.662752831   -0.030106896
    1.999195325    2.443460953   -0.326940566   -1.659584230   -0.079507112
    2.189594880    2.443460953   -0.813837776   -3.661722123   -0.186741477
    2.379994435    2.443460953   -1.815834630   -7.133416721   -0.390655283
    2.570393989    2.443460953   -3.637460945  -12.243376805   -0.726761684
    2.760793544    2.443460953   -6.550465579  -18.424418135   -1.202527929
    2.951193099    2.443460953  -10.627624766  -24.146551135   -1.764719345

   -3.141592654    2.792526803  -15.706952299  -26.996480303    1.871324265
   -2.951193099    2.792526803  -20.761644507  -25.260755845    2.846877230
   -2.760793544    2.792526803  -25.020939648  -18.785838931    4.003589368
   -2.570393989    2.792526803  -27.728796743   -9.417751966    5.307228148
   -2.379994435    2.792526803  -28.619923496   -0.234393128    6.768054793
   -2.189594880    2.792526803  -28.001846046    6.120117356    8.426200725
   -1.999195325    2.792526803  -26.524279547    8.846905421   10.268953773
   -1.808795770    2.792526803  -24.787320881    9.174047176   12.128379259
   -1.618396215    2.792526803  -23.044984165    9.255019695   13.650743247
   -1.427996661    2.792526803  -21.176419740   10.645896226   14.397811826
   -1.237597106    2.792526803  -18.900715931   13.413941887   14.044993457
   -1.047197551    2.792526803  -16.057280192   16.347133280   12.557932124
   -0.856797996    2.792526803  -12.763258027   17.926278272   10.231763816
   -0.666398442    2.792526803   -9.369126721   17.266371317    7.567847298
   -0.475998887    2.792526803   -6.302836439   14.622166974    5.067949552
   -0.285599332    2.792526803   -3.860844152   10.891767001    3.067141227
   -0.095199777    2.792526803   -2.145959580    7.171319631    1.674573923
    0.095199777    2.792526803   -1.078272393    4.177959590    0.824107464
    0.285599332    2.792526803   -0.489107701    2.161849337    0.364929528
    0.475998887    2.792526803   -0.198681052    0.985967042    0.144748641
    0.666398442    2.792526803   -0.071808349    0.394696702    0.050502714
    0.856797996    2.792526803   -0.021793589    0.130341210    0.014253083
    1.047197551    2.792526803   -0.005245659    0.033821847    0.003018992
    1.237597106    2.792526803   -0.002998459   -0.012207267    0.000096335
    1.427996661    2.792526803   -0.010408305   -0.070023318   -0.000109983
    1.618396215    2.792526803   -0.039011951   -0.242058269    0.000719761
    1.808795770    2.792526803   -0.122062483   -0.687465030    0.003912186
    1.999195325    2.792526803   -0.338960762   -1.713496223    0.014484869
    2.189594880    2.792526803   -0.840291824   -3.762479806    0.045189861
    2.379994435    2.792526803   -1.866897879   -7.291989635    0.121783865
    2.570393989    2.792526803   -3.722993476  -12.443187513    0.288185486
    2.760793544    2.792526803   -6.673182517  -18.602127644    0.601956347
    2.951193099    2.792526803  -10.772839061  -24.182851961    1.119163848
