#! FIELDS phi psi file.free der_phi der_psi
#! SET min_phi -pi
#! SET max_phi pi
#! SET nbins_phi  33
#! SET periodic_phi true
#! SET min_psi -pi
#! SET max_psi pi
#! SET nbins_psi  18
#! SET periodic_psi true
   -3.141592654   -3.141592654  -30.669126676  -40.473518998    9.091801512
   -2.951193099   -3.141592654  -37.828516610  -33.628946420   11.651642003
   -2.760793544   -3.141592654  -43.112580273  -21.216732063   13.862882051
   -2.570393989   -3.141592654  -45.791979411   -7.013807481   15.548824763
   -2.379994435   -3.141592654  -45.953928238    4.560314707   16.781408300
   -2.189594880   -3.141592654  -44.407791023   10.690096507   17.828385091
   -1.999195325   -3.141592654  -42.223820915   11.545140240   18.955416401
   -1.808795770   -3.141592654  -40.172339299    9.891679769   20.199882743
   -1.618396215   -3.141592654  -38.390101821    9.246933495   21.272313353
   -1.427996661   -3.141592654  -36.442656885   11.806403453   21.666936667
   -1.237597106   -3.141592654  -33.699879281   17.376074200   20.918444816
   -1.047197551   -3.141592654  -29.773121961   23.757912643   18.856491851
   -0.856797996   -3.141592654  -24.775818132   28.170560302   15.705776695
   -0.666398442   -3.141592654  -19.288833817   28.617408866   11.980561657
   -0.475998887   -3.141592654  -14.134411960   24.757758033    8.258589284
   -0.285599332   -3.141592654  -10.057930786   17.570829322    4.932533033
   -0.095199777   -3.141592654   -7.536529247    8.759250426    2.100119404
    0.095199777   -3.141592654   -6.704082426    0.131323925   -0.400074974
    0.285599332   -3.141592654   -7.363420843   -6.651691983   -2.810506990
    0.475998887   -3.141592654   -9.024542925  -10.212376062   -5.243018029
    0.666398442   -3.141592654  -10.984724270   -9.718769909   -7.545250654
    0.856797996   -3.141592654  -12.473268488   -5.427127856   -9.336169070
    1.047197551   -3.141592654  -12.892733183    1.174148037  -10.193329996
    1.237597106   -3.141592654  -12.025476630    7.686706232   -9.898078911
    1.427996661   -3.141592654  -10.115229130   11.847372222   -8.566976632
    1.618396215   -3.141592654   -7.747812162   12.394770709   -6.598188528
    1.808795770   -3.141592654   -5.628253867    9.326754607   -4.470255220
    1.999195325   -3.141592654   -4.383064251    3.345703765   -2.527827305
    2.189594880   -3.141592654   -4.490975898   -4.779675659   -0.867663245
    2.379994435   -3.141592654   -6.302919015  -14.448017912    0.642716311
    2.570393989   -3.141592654  -10.040754332  -24.817701686    2.251005731
    2.760793544   -3.141592654  -15.699122104  -34.264158354    4.179680304
    2.951193099   -3.141592654  -22.874187592  -40.309487687    6.501653494

   -3.141592654   -2.792526803  -26.666532087  -34.924014620   13.210293736
   -2.951193099   -2.792526803  -32.829547771  -28.857263309   16.363599699
   -2.760793544   -2.792526803  -37.333652490  -17.872828400   18.774540688
   -2.570393989   -2.792526803  -39.527645652   -5.229050361   20.216352585
   -2.379994435   -2.792526803  -39.466089570    5.237564524   20.811954216
   -2.189594880   -2.792526803  -37.836469767   11.016230997   20.942024423
   -1.999195325   -2.792526803  -35.574215053   12.098307922   20.996058547
   -1.808795770   -2.792526803  -33.389253709   10.687634312   21.118874319
   -1.618396215   -2.792526803  -31.475571973    9.696330068   21.118466526
   -1.427996661   -2.792526803  -29.544611896   11.042782523   20.590714508
   -1.237597106   -2.792526803  -27.118762580   14.746267337   19.169042731
   -1.047197551   -2.792526803  -23.881652997   19.193099268   16.745344941
   -0.856797996   -2.792526803  -19.898256681   22.222289597   13.536444580
   -0.666398442   -2.792526803  -15.606257898   22.184797938    9.971481863
   -0.475998887   -2.792526803  -11.657240639   18.645806908    6.497805605
   -0.285599332   -2.792526803   -8.678612421   12.185391231    3.370311455
   -0.095199777   -2.792526803   -7.116731934    4.024953377    0.588407963
    0.095199777   -2.792526803   -7.151123965   -4.299255252   -2.049168909
    0.285599332   -2.792526803   -8.649487605  -11.050152531   -4.754809296
    0.475998887   -2.792526803  -11.141021923  -14.470670140   -7.553219163
    0.666398442   -2.792526803  -13.858577075  -13.287658441  -10.171748982
    0.856797996   -2.792526803  -15.901515922   -7.545599763  -12.117604255
    1.047197551   -2.792526803  -16.540054332    1.055790927  -12.902500288
    1.237597106   -2.792526803  -15.499159757    9.584807630  -12.309254990
    1.427996661   -2.792526803  -13.076284335   15.205304443  -10.516514188
    1.618396215   -2.792526803   -9.997015784   16.369599152   -8.010266994
    1.808795770   -2.792526803   -7.122647499   13.186278660   -5.341490884
    1.999195325   -2.792526803   -5.182578915    6.770527343   -2.879986749
    2.189594880   -2.792526803   -4.671084647   -1.641729330   -0.694760860
    2.379994435   -2.792526803   -5.877972401  -11.144965489    1.409635729
    2.570393989   -2.792526803   -8.931622969  -20.868388227    3.739140911
    2.760793544   -2.792526803  -13.754480040  -29.436712134    6.525361458
    2.951193099   -2.792526803  -19.938466958  -34.803993123    9.772537886

   -3.141592654   -2.443460953  -21.774173541  -28.527452862   13.707984091
   -2.951193099   -2.443460953  -26.811746043  -23.602932152   16.656365530
   -2.760793544   -2.443460953  -30.486299425  -14.498618588   18.690697694
   -2.570393989   -2.443460953  -32.231251797   -3.845198912   19.592535596
   -2.379994435   -2.443460953  -32.056348173    5.176930400   19.502210293
   -2.189594880   -2.443460953  -30.507762924   10.365332719   18.818540511
   -1.999195325   -2.443460953  -28.371293155   11.490769866   17.962144481
   -1.808795770   -2.443460953  -26.288682416   10.174753597   17.147353657
   -1.618396215   -2.443460953  -24.501051344    8.770285357   16.305123853
   -1.427996661   -2.443460953  -22.842373951    9.001667436   15.186973217
   -1.237597106   -2.443460953  -20.950805598   11.144301548   13.560798788
   -1.047197551   -2.443460953  -18.546562409   14.113324074   11.370182733
   -0.856797996   -2.443460953  -15.629380283   16.230050178    8.771192741
   -0.666398442   -2.443460953  -12.505598235   16.050859150    6.036594246
   -0.475998887   -2.443460953   -9.689754581   12.958246220    3.419282891
   -0.285599332   -2.443460953   -7.733934552    7.133186423    1.002273217
   -0.095199777   -2.443460953   -7.090159327   -0.628007237   -1.318849230
    0.095199777   -2.443460953   -8.006534666   -8.975491312   -3.768933556
    0.285599332   -2.443460953  -10.421228392  -16.003431053   -6.516624823
    0.475998887   -2.443460953  -13.870255182  -19.481048465   -9.498863628
    0.666398442   -2.443460953  -17.492546671  -17.615968517  -12.336755524
    0.856797996   -2.443460953  -20.216997247  -10.204401486  -14.435845054
    1.047197551   -2.443460953  -21.140792136    0.802614557  -15.231307600
    1.237597106   -2.443460953  -19.905874243   11.830716328  -14.472985051
    1.427996661   -2.443460953  -16.862356374   19.327098890  -12.357621874
    1.618396215   -2.443460953  -12.899185611   21.354782822   -9.430336091
    1.808795770   -2.443460953   -9.069138986   18.118420433   -6.315970182
    1.999195325   -2.443460953   -6.233977866   11.214808424   -3.443696767
    2.189594880   -2.443460953   -4.915673620    2.451064282   -0.910855132
    2.379994435   -2.443460953   -5.337161018   -6.889880740    1.477681842
    2.570393989   -2.443460953   -7.519990336  -15.904335269    4.035500972
    2.760793544   -2.443460953  -11.307414410  -23.531546177    6.988864366
    2.951193099   -2.443460953  -16.296018151  -28.253322102   10.316376071

   -3.141592654   -2.094395102  -17.302909256  -23.116249830   11.610266986
   -2.951193099   -2.094395102  -21.421967326  -19.525918450   13.912759290
   -2.760793544   -2.094395102  -24.504527286  -12.437739827   15.341623872
   -2.570393989   -2.094395102  -26.063064394   -3.914545498   15.710608823
   -2.379994435   -2.094395102  -26.070902231    3.441339535   15.128782624
   -2.189594880   -2.094395102  -24.951487824    7.721380484   13.915204209
   -1.999195325   -2.094395102  -23.351031475    8.585363701   12.419249730
   -1.808795770   -2.094395102  -21.820975007    7.289687495   10.861297987
   -1.618396215   -2.094395102  -20.583784092    5.845633383    9.291616844
   -1.427996661   -2.094395102  -19.500420970    5.858505489    7.665531853
   -1.237597106   -2.094395102  -18.235459483    7.714689609    5.955671191
   -1.047197551   -2.094395102  -16.502687023   10.534378606    4.213666924
   -0.856797996   -2.094395102  -14.261403775   12.760060414    2.550893852
   -0.666398442   -2.094395102  -11.770760296   12.914177647    1.056008239
   -0.475998887   -2.094395102   -9.519272554   10.156789907   -0.268236754
   -0.285599332   -2.094395102   -8.084177441    4.410694502   -1.561648790
   -0.095199777   -2.094395102   -7.986864930   -3.724219236   -3.060016821
    0.095199777   -2.094395102   -9.563472923  -12.864036870   -5.010945042
    0.285599332   -2.094395102  -12.805491295  -20.773860988   -7.527044171
    0.475998887   -2.094395102  -17.215140394  -24.664805496  -10.451513857
    0.666398442   -2.094395102  -21.787425688  -22.208316638  -13.312254805
    0.856797996   -2.094395102  -25.233287604  -12.995551862  -15.442411581
    1.047197551   -2.094395102  -26.442957130    0.683600525  -16.227830043
    1.237597106   -2.094395102  -24.960302865   14.495121515  -15.398240843
    1.427996661   -2.094395102  -21.194865755   24.072877720  -13.153136058
    1.618396215   -2.094395102  -16.219927952   27.034376807  -10.061549167
    1.808795770   -2.094395102  -11.305778237   23.686056970   -6.784779104
    1.999195325   -2.094395102   -7.467802986   16.144100295   -3.792890869
    2.189594880   -2.094395102   -5.268670522    6.831526143   -1.220678403
    2.379994435   -2.094395102   -4.870748388   -2.568288201    1.093997706
    2.570393989   -2.094395102   -6.193089248  -11.118694493    3.437603503
    2.760793544   -2.094395102   -9.004692721  -18.075765788    6.021639200
    2.951193099   -2.094395102  -12.910375198  -22.433942482    8.834953235

   -3.141592654   -1.745329252  -14.141719713  -19.613335272    8.088555939
   -2.951193099   -1.745329252  -17.692937640  -17.176421184    9.414534341
   -2.760793544   -1.745329252  -20.474535127  -11.674842865   10.004672786
   -2.570393989   -1.745329252  -22.043821716   -4.758450593    9.739176142
   -2.379994435   -1.745329252  -22.339439950    1.342257008    8.690324678
   -2.189594880   -1.745329252  -21.699525921    4.863203609    7.061105040
   -1.999195325   -1.745329252  -20.683335945    5.352849851    5.088930201
   -1.808795770   -1.745329252  -19.788763062    3.863585397    2.982505296
   -1.618396215   -1.745329252  -19.216003498    2.307720448    0.923844406
   -1.427996661   -1.745329252  -18.805925628    2.364334173   -0.905123264
   -1.237597106   -1.745329252  -18.179352827    4.566366638   -2.325909622
   -1.047197551   -1.745329252  -16.985139123    8.084755696   -3.218044549
   -0.856797996   -1.745329252  -15.126031159   11.210755288   -3.581800524
   -0.666398442   -1.745329252  -12.850951843   12.170350630   -3.571580151
   -0.475998887   -1.745329252  -10.697770935    9.779380688   -3.451471823
   -0.285599332   -1.745329252   -9.349968249    3.764382432   -3.549302545
   -0.095199777   -1.745329252   -9.453702191   -5.284640224   -4.162150897
    0.095199777   -1.745329252  -11.449907103  -15.747990843   -5.491511132
    0.285599332   -1.745329252  -15.368485457  -24.939896036   -7.552944042
    0.475998887   -1.745329252  -20.649700525  -29.496651442  -10.104621623
    0.666398442   -1.745329252  -26.120084693  -26.599925414  -12.641165869
    0.856797996   -1.745329252  -30.258900199  -15.683334449  -14.513587063
    1.047197551   -1.745329252  -31.741714155    0.592986635  -15.151524905
    1.237597106   -1.745329252  -30.010629185   17.137574779  -14.313801287
    1.427996661   -1.745329252  -25.530009361   28.771019170  -12.192389922
    1.618396215   -1.745329252  -19.554187667   32.648116112   -9.315764790
    1.808795770   -1.745329252  -13.571903076   29.145673849   -6.297442436
    1.999195325   -1.745329252   -8.760217302   20.863527053   -3.579932375
    2.189594880   -1.745329252   -5.736959595   10.809052732   -1.307943567
    2.379994435   -1.745329252   -4.623188088    1.051444335    0.634061694
    2.570393989   -1.745329252   -5.254515580   -7.421709453    2.469714138
    2.760793544   -1.745329252   -7.336718921  -14.113533212    4.361889624
    2.951193099   -1.745329252  -10.476396215  -18.422587952    6.301328855

   -3.141592654   -1.396263402  -13.059805838  -19.080268943    6.010593564
   -2.951193099   -1.396263402  -16.574830585  -17.356813580    6.760324713
   -2.760793544   -1.396263402  -19.460698555  -12.587846797    6.813827882
   -2.570393989   -1.396263402  -21.266351840   -6.307712114    6.067670428
   -2.379994435   -1.396263402  -21.908025107   -0.727239002    4.565945052
   -2.189594880   -1.396263402  -21.706242765    2.335813515    2.454535456
   -1.999195325   -1.396263402  -21.212305953    2.404724868   -0.072822853
   -1.808795770   -1.396263402  -20.909290739    0.639066542   -2.786621387
   -1.618396215   -1.396263402  -20.949375663   -0.823724594   -5.394321993
   -1.427996661   -1.396263402  -21.083240066   -0.116162142   -7.540481204
   -1.237597106   -1.396263402  -20.823147395    3.272602759   -8.881175372
   -1.047197551   -1.396263402  -19.740091428    8.221551531   -9.220985653
   -0.856797996   -1.396263402  -17.731747709   12.570183721   -8.619582187
   -0.666398442   -1.396263402  -15.127446758   14.153094087   -7.403456890
   -0.475998887   -1.396263402  -12.600922386   11.580218443   -6.049439932
   -0.285599332   -1.396263402  -10.988303154    4.635940869   -5.049003499
   -0.095199777   -1.396263402  -11.058329195   -5.864052659   -4.756329154
    0.095199777   -1.396263402  -13.319280247  -17.943127238   -5.328050919
    0.285599332   -1.396263402  -17.791770164  -28.475552516   -6.680708187
    0.475998887   -1.396263402  -23.818867852  -33.636292215   -8.500310337
    0.666398442   -1.396263402  -30.050527736  -30.264740866  -10.295625835
    0.856797996   -1.396263402  -34.751531489  -17.763026745  -11.526879868
    1.047197551   -1.396263402  -36.416662713    0.816885661  -11.776238234
    1.237597106   -1.396263402  -34.414346494   19.696876813  -10.913935832
    1.427996661   -1.396263402  -29.271930952   33.007080480   -9.138041969
    1.618396215   -1.396263402  -22.410504497   37.537888212   -6.872494523
    1.808795770   -1.396263402  -15.512021898   33.751309802   -4.572299332
    1.999195325   -1.396263402   -9.896593695   24.651622795   -2.540832165
    2.189594880   -1.396263402   -6.238618998   13.706833110   -0.854364851
    2.379994435   -1.396263402   -4.641904221    3.272667854    0.594008319
    2.570393989   -1.396263402   -4.893775333   -5.624038653    1.973525992
    2.760793544   -1.396263402   -6.663498467  -12.625135385    3.387741406
    2.951193099   -1.396263402   -9.553992358  -17.321984801    4.797446043

   -3.141592654   -1.047197551  -12.781784643  -19.525402772    3.789794485
   -2.951193099   -1.047197551  -16.441085094  -18.446715721    3.804478117
   -2.760793544   -1.047197551  -19.598053548  -14.346220556    3.191276689
   -2.570393989   -1.047197551  -21.799835399   -8.704457066    1.911685809
   -2.379994435   -1.047197551  -22.956594330   -3.739877579    0.013558968
   -2.189594880   -1.047197551  -23.386681115   -1.284817831   -2.409165647
   -1.999195325   -1.047197551  -23.633587533   -1.722576517   -5.222270715
   -1.808795770   -1.047197551  -24.138463156   -3.629529958   -8.200122697
   -1.618396215   -1.047197551  -24.951252592   -4.531898896  -10.969083114
   -1.427996661   -1.047197551  -25.668826857   -2.396188046  -13.041085854
   -1.237597106   -1.047197551  -25.650465962    3.088655200  -13.965142713
   -1.047197551   -1.047197551  -24.389064492   10.243282686  -13.536710667
   -0.856797996   -1.047197551  -21.825781777   16.234947376  -11.922393815
   -0.666398442   -1.047197551  -18.447480072   18.431880731   -9.621890141
   -0.475998887   -1.047197551  -15.138063501   15.346204214   -7.271312882
   -0.285599332   -1.047197551  -12.928361593    7.037029040   -5.431090311
   -0.095199777   -1.047197551  -12.707277902   -5.239094653   -4.411006086
    0.095199777   -1.047197551  -15.015175091  -19.011896726   -4.238486357
    0.285599332   -1.047197551  -19.815606053  -30.737610857   -4.691632857
    0.475998887   -1.047197551  -26.325170690  -36.292046384   -5.405235422
    0.666398442   -1.047197551  -33.026979262  -32.406234288   -5.989154645
    0.856797996   -1.047197551  -38.022813548  -18.626905038   -6.148964011
    1.047197551   -1.047197551  -39.696949256    1.591543397   -5.762760558
    1.237597106   -1.047197551  -37.398338846   21.959223114   -4.901139249
    1.427996661   -1.047197551  -31.726521860   36.186451941   -3.765894958
    1.618396215   -1.047197551  -24.229894672   40.913642239   -2.587083897
    1.808795770   -1.047197551  -16.718527308   36.740349553   -1.529432981
    1.999195325   -1.047197551  -10.595748569   26.972489379   -0.642503849
    2.189594880   -1.047197551   -6.560589208   15.366569628    0.126222643
    2.379994435   -1.047197551   -4.698605142    4.429545657    0.875091988
    2.570393989   -1.047197551   -4.765523707   -4.821385372    1.677678552
    2.760793544   -1.047197551   -6.412075254  -12.134488881    2.521926746
    2.951193099   -1.047197551   -9.244829859  -17.230687037    3.293238173

   -3.141592654   -0.698131701  -12.380038205  -20.161993333    0.481105140
   -2.951193099   -0.698131701  -16.237112766  -19.905635169   -0.363516113
   -2.760793544   -0.698131701  -19.754499112  -16.668895273   -1.687241217
   -2.570393989   -0.698131701  -22.477511824  -11.846093848   -3.469369701
   -2.379994435   -0.698131701  -24.305373612   -7.638023650   -5.672584728
   -2.189594880   -0.698131701  -25.544004230   -5.859959909   -8.260264134
   -1.999195325   -0.698131701  -26.710663672   -6.748943803  -11.144256868
   -1.808795770   -0.698131701  -28.175659170   -8.565892309  -14.081800393
   -1.618396215   -0.698131701  -29.851568445   -8.495809190  -16.617933522
   -1.427996661   -0.698131701  -31.153052362   -4.415683105  -18.175947417
   -1.237597106   -0.698131701  -31.279070484    3.646986867  -18.282370175
   -1.047197551   -0.698131701  -29.664729117   13.316772378  -16.813652798
   -0.856797996   -0.698131701  -26.335599474   21.024123309  -14.095742366
   -0.666398442   -0.698131701  -21.978796789   23.710211939  -10.789995979
   -0.475998887   -0.698131701  -17.714459062   19.925297066   -7.625756765
   -0.285599332   -0.698131701  -14.763435986   10.169948974   -5.139573252
   -0.095199777   -0.698131701  -14.100520584   -3.715026159   -3.512387022
    0.095199777   -0.698131701  -16.245402510  -18.731312876   -2.590226340
    0.285599332   -0.698131701  -21.059642210  -31.043030675   -2.004856706
    0.475998887   -0.698131701  -27.628039331  -36.504321620   -1.377577391
    0.666398442   -0.698131701  -34.321617861  -32.067250657   -0.492841701
    0.856797996   -0.698131701  -39.187396593  -17.623278859    0.611609310
    1.047197551   -0.698131701  -40.620766462    3.049005420    1.694336561
    1.237597106   -0.698131701  -38.029793377   23.500488896    2.460266114
    1.427996661   -0.698131701  -32.083581380   37.483627660    2.730835026
    1.618396215   -0.698131701  -24.376652136   41.817988886    2.528892924
    1.808795770   -0.698131701  -16.727962846   37.300700354    2.040979906
    1.999195325   -0.698131701  -10.518528825   27.355609061    1.508588463
    2.189594880   -0.698131701   -6.413062281   15.746381521    1.118390243
    2.379994435   -0.698131701   -4.470744612    4.899265366    0.943840814
    2.570393989   -0.698131701   -4.441665252   -4.302148818    0.943491205
    2.760793544   -0.698131701   -5.997677697  -11.735861536    0.984396663
    2.951193099   -0.698131701   -8.786739989  -17.220415989    0.890852309

   -3.141592654   -0.349065850  -12.659857088  -21.746909768   -2.059580480
   -2.951193099   -0.349065850  -16.883786068  -22.164798185   -3.381215065
   -2.760793544   -0.349065850  -20.892373754  -19.549776506   -4.983850981
   -2.570393989   -0.349065850  -24.216917916  -15.273711549   -6.820209202
   -2.379994435   -0.349065850  -26.746426206  -11.578677300   -8.879529786
   -2.189594880   -0.349065850  -28.781583408  -10.268994068  -11.174894975
   -1.999195325   -0.349065850  -30.815676967  -11.383507255  -13.649455487
   -1.808795770   -0.349065850  -33.139470295  -12.817028892  -16.056321570
   -1.618396215   -0.349065850  -35.515649905  -11.433058244  -17.927127648
   -1.427996661   -0.349065850  -37.176485143   -5.124444124  -18.710609725
   -1.237597106   -0.349065850  -37.184145657    5.613436256  -18.024077483
   -1.047197551   -0.349065850  -34.959070642   17.646249716  -15.875861407
   -0.856797996   -0.349065850  -30.655983500   26.719976711  -12.703606792
   -0.666398442   -0.349065850  -25.186431683   29.494154758   -9.195892077
   -0.475998887   -0.349065850  -19.899796451   24.741264473   -6.006672737
   -0.285599332   -0.349065850  -16.167117714   13.540655010   -3.505184672
   -0.095199777   -0.349065850  -14.990437935   -1.618678498   -1.673511949
    0.095199777   -0.349065850  -16.808247531  -17.264250026   -0.184385901
    0.285599332   -0.349065850  -21.342350777  -29.455536139    1.401488572
    0.475998887   -0.349065850  -27.555313778  -34.321865506    3.373603964
    0.666398442   -0.349065850  -33.775410428  -29.343913850    5.682998282
    0.856797996   -0.349065850  -38.111220633  -14.913823112    7.916747516
    1.047197551   -0.349065850  -39.089779573    4.982479993    9.486364907
    1.237597106   -0.349065850  -36.250733088   24.112822067    9.928564637
    1.427996661   -0.349065850  -30.322143653   36.722203919    9.151878995
    1.618396215   -0.349065850  -22.859862016   40.109694296    7.468534328
    1.808795770   -0.349065850  -15.575530610   35.291338969    5.416752110
    1.999195325   -0.349065850   -9.731706088   25.598421021    3.503369732
    2.189594880   -0.349065850   -5.912894449   14.511287706    2.020713896
    2.379994435   -0.349065850   -4.156340344    4.157835732    1.004027658
    2.570393989   -0.349065850   -4.239626802   -4.793396282    0.304133150
    2.760793544   -0.349065850   -5.891999247  -12.308582448   -0.309394852
    2.951193099   -0.349065850   -8.823941459  -18.197266379   -1.048528073

   -3.141592654    0.000000000  -13.655600052  -24.054225436   -3.992661110
   -2.951193099    0.000000000  -18.359139904  -24.863530937   -5.511695764
   -2.760793544    0.000000000  -22.911797700  -22.544123499   -7.085077262
   -2.570393989    0.000000000  -26.831215527  -18.530302648   -8.663887559
   -2.379994435    0.000000000  -30.009154404  -15.143539061  -10.284490228
   -2.189594880    0.000000000  -32.753353862  -14.133691067  -12.018507894
   -1.999195325    0.000000000  -35.531736980  -15.254145194  -13.843351154
   -1.808795770    0.000000000  -38.540523071  -15.993499340  -15.521922579
   -1.618396215    0.000000000  -41.380201262  -12.967021792  -16.609439909
   -1.427996661    0.000000000  -43.111922150   -4.246779362  -16.631557332
   -1.237597106    0.000000000  -42.704411690    9.053506391  -15.335544376
   -1.047197551    0.000000000  -39.624455208   23.018664692  -12.859540232
   -0.856797996    0.000000000  -34.205359554   32.854400237   -9.698693693
   -0.666398442    0.000000000  -27.593066909   35.184029477   -6.480824072
   -0.475998887    0.000000000  -21.329487838   29.240611790   -3.697700462
   -0.285599332    0.000000000  -16.862938497   16.796022420   -1.502658365
   -0.095199777    0.000000000  -15.143027794    0.958302308    0.310257272
    0.095199777    0.000000000  -16.466616936  -14.506892485    2.176900942
    0.285599332    0.000000000  -20.400453719  -25.835095462    4.518358426
    0.475998887    0.000000000  -25.827838481  -29.744566231    7.471317386
    0.666398442    0.000000000  -31.131762481  -24.478383815   10.727069690
    0.856797996    0.000000000  -34.606201942  -10.964209752   13.585981322
    1.047197551    0.000000000  -35.015838804    6.838382169   15.249326618
    1.237597106    0.000000000  -32.073634450   23.320644532   15.207998343
    1.427996661    0.000000000  -26.528079439   33.618799581   13.501503276
    1.618396215    0.000000000  -19.798924827   35.714102082   10.679619692
    1.808795770    0.000000000  -13.379646997   30.781005496    7.517728700
    1.999195325    0.000000000   -8.334726880   21.815197606    4.670396985
    2.189594880    0.000000000   -5.139870581   11.744490174    2.461312610
    2.379994435    0.000000000   -3.825028358    2.228229109    0.871560765
    2.570393989    0.000000000   -4.229001283   -6.310338959   -0.328659273
    2.760793544    0.000000000   -6.166855188  -13.849756779   -1.421677795
    2.951193099    0.000000000   -9.420544029  -20.069620890   -2.614652345

   -3.141592654    0.349065850  -14.425952578  -25.617138642   -4.410160866
   -2.951193099    0.349065850  -19.450460013  -26.656868894   -5.638161690
   -2.760793544    0.349065850  -24.369811646  -24.603105885   -6.758658492
   -2.570393989    0.349065850  -28.712950845  -20.938987517   -7.769265162
   -2.379994435    0.349065850  -32.390091172  -17.986655993   -8.754312320
   -2.189594880    0.349065850  -35.714106289  -17.348081454   -9.808584455
   -1.999195325    0.349065850  -39.112771977  -18.461631395  -10.915115629
   -1.808795770    0.349065850  -42.677329673  -18.485757875  -11.866481469
   -1.618396215    0.349065850  -45.857683622  -13.928356147  -12.311434373
   -1.427996661    0.349065850  -47.579823856   -3.138084565  -11.924052182
   -1.237597106    0.349065850  -46.762042303   12.187764110  -10.591277695
   -1.047197551    0.349065850  -42.940231155   27.522306799   -8.498112254
   -0.856797996    0.349065850  -36.610385242   37.751132339   -6.050931391
   -0.666398442    0.349065850  -29.099341319   39.612425380   -3.677565880
   -0.475998887    0.349065850  -22.071231967   32.831583445   -1.638491124
   -0.285599332    0.349065850  -16.986563149   19.780202752    0.098524730
   -0.095199777    0.349065850  -14.703114084    4.028441295    1.819328335
    0.095199777    0.349065850  -15.369895306  -10.562889704    3.928376274
    0.285599332    0.349065850  -18.431219384  -20.601610493    6.715592547
    0.475998887    0.349065850  -22.758293995  -23.554063488   10.130963433
    0.666398442    0.349065850  -26.877214409  -18.476232390   13.680163725
    0.856797996    0.349065850  -29.350288192   -6.720710977   16.542331161
    1.047197551    0.349065850  -29.226716283    8.036590158   17.900841017
    1.237597106    0.349065850  -26.384806718   21.103913038   17.331884046
    1.427996661    0.349065850  -21.536618576   28.710192662   15.014357304
    1.618396215    0.349065850  -15.887238192   29.543232294   11.627525978
    1.808795770    0.349065850  -10.644033718   24.811220460    8.019980660
    1.999195325    0.349065850   -6.635926705   16.996383191    4.853247151
    2.189594880    0.349065850   -4.223247749    8.340347291    2.414361132
    2.379994435    0.349065850   -3.439408354   -0.013908987    0.640810243
    2.570393989    0.349065850   -4.197182907   -7.866490994   -0.718238359
    2.760793544    0.349065850   -6.402914429  -15.167239178   -1.927754376
    2.951193099    0.349065850   -9.910071815  -21.445912316   -3.148784901

   -3.141592654    0.698131701  -15.398393594  -27.073439014   -4.777604886
   -2.951193099    0.698131701  -20.690470004  -27.977081646   -5.703547582
   -2.760793544    0.698131701  -25.844097948  -25.737349682   -6.315848977
   -2.570393989    0.698131701  -30.390330246  -21.959692019   -6.625037494
   -2.379994435    0.698131701  -34.263017555  -19.045496494   -6.749889144
   -2.189594880    0.698131701  -37.800274453  -18.527658732   -6.833539109
   -1.999195325    0.698131701  -41.426048594  -19.622122642   -6.935150627
   -1.808795770    0.698131701  -45.181258918  -19.251926883   -6.976089284
   -1.618396215    0.698131701  -48.434093183  -13.857949651   -6.786785988
   -1.427996661    0.698131701  -50.040079349   -1.974106040   -6.221068874
   -1.237597106    0.698131701  -48.900565408   14.353044771   -5.255706009
   -1.047197551    0.698131701  -44.601397911   30.280256218   -4.007499057
   -0.856797996    0.698131701  -37.731070104   40.591120703   -2.664351288
   -0.666398442    0.698131701  -29.701586379   42.178488988   -1.368525984
   -0.475998887    0.698131701  -22.214061741   35.125468225   -0.138718910
   -0.285599332    0.698131701  -16.691547452   22.167487723    1.180428237
   -0.095199777    0.698131701  -13.897220640    7.114365433    2.850400591
    0.095199777    0.698131701  -13.865555840   -6.247970678    5.138669418
    0.285599332    0.698131701  -15.975487936  -14.964361570    8.135572110
    0.475998887    0.698131701  -19.145738532  -17.212257570   11.604402565
    0.666398442    0.698131701  -22.088836178  -12.728520889   14.944950014
    0.856797996    0.698131701  -23.647395463   -3.111944884   17.355010776
    1.047197551    0.698131701  -23.134419890    8.402894729   18.144711213
    1.237597106    0.698131701  -20.550913832   18.097900283   17.062582452
    1.427996661    0.698131701  -16.530740919   23.239097894   14.416709964
    1.618396215    0.698131701  -12.041237923   23.091683184   10.921997421
    1.808795770    0.698131701   -8.004983988   18.778815080    7.372691538
    1.999195325    0.698131701   -5.034580210   12.208037930    4.331713273
    2.189594880    0.698131701   -3.399045849    4.942463666    1.996203896
    2.379994435    0.698131701   -3.153180668   -2.341837700    0.256072072
    2.570393989    0.698131701   -4.290548632   -9.601962776   -1.137650045
    2.760793544    0.698131701   -6.802591706  -16.696444297   -2.404318109
    2.951193099    0.698131701  -10.597585491  -22.946640849   -3.634404789

   -3.141592654    1.047197551  -17.478579215  -29.319779979   -7.394084540
   -2.951193099    1.047197551  -23.133299153  -29.472060581   -8.556662901
   -2.760793544    1.047197551  -28.482579208  -26.284953282   -9.051359156
   -2.570393989    1.047197551  -33.048573990  -21.660080781   -8.830099856
   -2.379994435    1.047197551  -36.808598374  -18.224775419   -8.037169453
   -2.189594880    1.047197551  -40.168265830  -17.529870663   -6.921089395
   -1.999195325    1.047197551  -43.602637478  -18.618865273   -5.713192495
   -1.808795770    1.047197551  -47.164599889  -18.206922574   -4.553443634
   -1.618396215    1.047197551  -50.204539244  -12.648090369   -3.498802445
   -1.427996661    1.047197551  -51.558671545   -0.542655584   -2.570861055
   -1.237597106    1.047197551  -50.130183422   15.931844393   -1.786408648
   -1.047197551    1.047197551  -45.527425305   31.860736078   -1.144023023
   -0.856797996    1.047197551  -38.364145428   42.081371008   -0.596550202
   -0.666398442    1.047197551  -30.055628683   43.633031688   -0.032018751
   -0.475998887    1.047197551  -22.275772673   36.797584568    0.705464609
   -0.285599332    1.047197551  -16.384770169   24.427062684    1.817321404
   -0.095199777    1.047197551  -13.073550318   10.338090061    3.489916062
    0.095199777    1.047197551  -12.321181163   -1.904604733    5.847600763
    0.285599332    1.047197551  -13.514322404   -9.769391410    8.829985518
    0.475998887    1.047197551  -15.672393390  -11.952447568   12.102689901
    0.666398442    1.047197551  -17.697911669   -8.555696558   15.057588034
    0.856797996    1.047197551  -18.656546023   -1.142427963   16.980675934
    1.047197551    1.047197551  -18.030508449    7.590416357   17.322226918
    1.237597106    1.047197551  -15.855151508   14.732385804   15.959438935
    1.427996661    1.047197551  -12.648226845   18.257244623   13.253612653
    1.618396215    1.047197551   -9.165722387   17.689679053    9.882446199
    1.808795770    1.047197551   -6.118001479   13.915992566    6.538334926
    1.999195325    1.047197551   -3.984071984    8.306001721    3.666296338
    2.189594880    1.047197551   -3.005102597    1.898181564    1.369014501
    2.379994435    1.047197551   -3.287875922   -4.923982079   -0.517316306
    2.570393989    1.047197551   -4.905851216  -12.118630669   -2.249725194
    2.760793544    1.047197551   -7.907554839  -19.326715744   -4.005625531
    2.951193099    1.047197551  -12.206864969  -25.561719135   -5.783288345

   -3.141592654    1.396263402  -20.714625795  -32.567681499  -10.067513254
   -2.951193099    1.396263402  -26.870240651  -31.377250975  -11.602891235
   -2.760793544    1.396263402  -32.418560341  -26.433165909  -12.146566198
   -2.570393989    1.396263402  -36.845614650  -20.098906033  -11.557085320
   -2.379994435    1.396263402  -40.179359493  -15.407584532   -9.970427518
   -2.189594880    1.396263402  -42.933622503  -14.096293402   -7.722249953
   -1.999195325    1.396263402  -45.703952239  -15.164958303   -5.212514875
   -1.808795770    1.396263402  -48.642617806  -15.173877897   -2.799446888
   -1.618396215    1.396263402  -51.168675200  -10.317638189   -0.760434179
   -1.427996661    1.396263402  -52.156710349    0.963804065    0.719657674
   -1.237597106    1.396263402  -50.515553091   16.685233977    1.567583575
   -1.047197551    1.396263402  -45.819936361   32.140000169    1.852773297
   -0.856797996    1.396263402  -38.614386576   42.319705444    1.783299507
   -0.666398442    1.396263402  -30.226812036   44.280233138    1.659401860
   -0.475998887    1.396263402  -22.253690302   38.229011353    1.782006128
   -0.285599332    1.396263402  -15.996128427   26.862390219    2.410022886
   -0.095199777    1.396263402  -12.118631474   13.849540773    3.694505439
    0.095199777    1.396263402  -10.605482181    2.525047494    5.659704551
    0.285599332    1.396263402  -10.901485061   -4.886354038    8.140055685
    0.475998887    1.396263402  -12.147559792   -7.418995495   10.758279730
    0.666398442    1.396263402  -13.421228310   -5.351273298   12.968383860
    0.856797996    1.396263402  -13.965196130   -0.094914518   14.215660868
    1.047197551    1.396263402  -13.374351955    6.184940874   14.135594176
    1.237597106    1.396263402  -11.675645351   11.246614791   12.726741785
    1.427996661    1.396263402   -9.262139178   13.578325060   10.345061504
    1.618396215    1.396263402   -6.704311852   12.807480461    7.543385218
    1.808795770    1.396263402   -4.546021719    9.532552798    4.828513331
    1.999195325    1.396263402   -3.179019527    4.626940598    2.474089769
    2.189594880    1.396263402   -2.849879901   -1.313134918    0.470428482
    2.379994435    1.396263402   -3.734629028   -8.110523312   -1.391760981
    2.570393989    1.396263402   -5.987534685  -15.637593743   -3.361623884
    2.760793544    1.396263402   -9.697626660  -23.222203776   -5.565421910
    2.951193099    1.396263402  -14.748860768  -29.464821235   -7.908749385

   -3.141592654    1.745329252  -24.739148062  -36.662857242  -11.420717034
   -2.951193099    1.745329252  -31.525729280  -33.761760208  -13.153980915
   -2.760793544    1.745329252  -37.310470429  -26.468368215  -13.701159605
   -2.570393989    1.745329252  -41.511210711  -17.729256000  -12.833692550
   -2.379994435    1.745329252  -44.202221197  -11.149578247  -10.649168100
   -2.189594880    1.745329252  -46.032825020   -8.807251486   -7.515492566
   -1.999195325    1.745329252  -47.770982557   -9.755834394   -3.941339567
   -1.808795770    1.745329252  -49.730762492  -10.411624464   -0.455780264
   -1.618396215    1.745329252  -51.456114350   -6.735438909    2.466321767
   -1.427996661    1.745329252  -51.895910856    3.124062927    4.468995461
   -1.237597106    1.745329252  -49.974250571   17.511081300    5.388391834
   -1.047197551    1.745329252  -45.218711787   32.025696598    5.315729496
   -0.856797996    1.745329252  -38.077846229   41.853146308    4.582351454
   -0.666398442    1.745329252  -29.763186173   44.053008319    3.658578376
   -0.475998887    1.745329252  -21.771319092   38.705729897    2.989707402
   -0.285599332    1.745329252  -15.334605187   28.279152153    2.897468916
   -0.095199777    1.745329252  -11.095367644   16.215775764    3.506858160
    0.095199777    1.745329252   -9.058970861    5.590540202    4.761192531
    0.285599332    1.745329252   -8.742024807   -1.618905429    6.429953524
    0.475998887    1.745329252   -9.399920358   -4.635728752    8.152281179
    0.666398442    1.745329252  -10.246061874   -3.741536492    9.503757340
    0.856797996    1.745329252  -10.634864187   -0.114940284   10.120406647
    1.047197551    1.745329252  -10.208191236    4.523727932    9.809566761
    1.237597106    1.745329252   -8.951098466    8.371211960    8.635691308
    1.427996661    1.745329252   -7.147684812   10.163219458    6.876646081
    1.618396215    1.745329252   -5.241301828    9.463049627    4.901329302
    1.808795770    1.745329252   -3.685155494    6.571684992    3.007658785
    1.999195325    1.745329252   -2.848252577    1.979866097    1.310884280
    2.189594880    1.745329252   -3.020578841   -4.007765354   -0.274275381
    2.379994435    1.745329252   -4.459255790  -11.303099849   -1.961498737
    2.570393989    1.745329252   -7.393062933  -19.617664589   -3.963852604
    2.760793544    1.745329252  -11.933330781  -27.911712706   -6.354747934
    2.951193099    1.745329252  -17.905182453  -34.310773929   -8.975353356

   -3.141592654    2.094395102  -28.775415904  -40.825755763  -10.053152342
   -2.951193099    2.094395102  -36.204164353  -36.182875930  -11.419357057
   -2.760793544    2.094395102  -42.221090261  -26.401772235  -11.654654347
   -2.570393989    2.094395102  -46.152971708  -14.995307109  -10.528161999
   -2.379994435    2.094395102  -48.099705648   -6.182196944   -8.090156563
   -2.189594880    2.094395102  -48.839043782   -2.480025047   -4.636057897
   -1.999195325    2.094395102  -49.326264607   -3.120181297   -0.621178469
   -1.808795770    2.094395102  -50.074220271   -4.474221353    3.414900906
   -1.618396215    2.094395102  -50.801617533   -2.299017725    6.906409251
   -1.427996661    2.094395102  -50.578695356    5.607800790    9.349299559
   -1.237597106    2.094395102  -48.373009832   18.052872072   10.428203176
   -1.047197551    2.094395102  -43.664178266   31.101390700   10.138250277
   -0.856797996    2.094395102  -36.777445524   40.244437059    8.807745513
   -0.666398442    2.094395102  -28.767876273   42.559767586    6.989855658
   -0.475998887    2.094395102  -20.999042439   37.915020420    5.255945492
   -0.285599332    2.094395102  -14.624096659   28.421811521    4.028879189
   -0.095199777    2.094395102  -10.274248104   17.195927783    3.470844809
    0.095199777    2.094395102   -7.996749424    7.072548201    3.498655902
    0.285599332    2.094395102   -7.384680536   -0.080861662    3.850460495
    0.475998887    2.094395102   -7.779488899   -3.480265085    4.205468550
    0.666398442    2.094395102   -8.469126266   -3.283398252    4.294908693
    0.856797996    2.094395102   -8.849516854   -0.482391344    3.995544853
    1.047197551    2.094395102   -8.566108002    3.425836284    3.343583111
    1.237597106    2.094395102   -7.569164274    6.787156512    2.497735831
    1.427996661    2.094395102   -6.090014978    8.388942321    1.641100140
    1.618396215    2.094395102   -4.521635292    7.711522162    0.894213091
    1.808795770    2.094395102   -3.291731396    4.887222966    0.266456223
    1.999195325    2.094395102   -2.780067707    0.206901371   -0.342813601
    2.189594880    2.094395102   -3.322300920   -6.179160255   -1.105170735
    2.379994435    2.094395102   -5.240275283  -14.216884425   -2.204732906
    2.570393989    2.094395102   -8.817232300  -23.467815583   -3.764605969
    2.760793544    2.094395102  -14.172330009  -32.564286025   -5.767363141
    2.951193099    2.094395102  -21.064028373  -39.186893463   -8.000547925

   -3.141592654    2.443460953  -31.785799095  -43.722473251   -4.929563381
   -2.951193099    2.443460953  -39.642287864  -37.655474118   -5.117171249
   -2.760793544    2.443460953  -45.751331892  -25.820814648   -4.542202140
   -2.570393989    2.443460953  -49.354055150  -12.114565857   -3.109083934
   -2.379994435    2.443460953  -50.545289887   -1.193532063   -0.854732268
   -2.189594880    2.443460953  -50.177083287    4.042858074    2.077818178
   -1.999195325    2.443460953  -49.342561320    4.079705458    5.446966951
   -1.808795770    2.443460953  -48.736193188    2.371704702    8.888884169
   -1.618396215    2.443460953  -48.278063152    3.143309923   11.910603143
   -1.427996661    2.443460953  -47.221076100    8.820955288   13.973235671
   -1.237597106    2.443460953  -44.647774858   18.694964211   14.665282887
   -1.047197551    2.443460953  -40.043994019   29.452051079   13.888230935
   -0.856797996    2.443460953  -33.627547162   37.115198251   11.926166381
   -0.666398442    2.443460953  -26.271555059   38.980781453    9.344061622
   -0.475998887    2.443460953  -19.152313015   34.782600514    6.758276081
   -0.285599332    2.443460953  -13.288329240   26.223644587    4.619312095
   -0.095199777    2.443460953   -9.263476527   15.945741286    3.078565742
    0.095199777    2.443460953   -7.159482865    6.421103311    2.013529224
    0.285599332    2.443460953   -6.653025537   -0.618950351    1.148459525
    0.475998887    2.443460953   -7.171388336   -4.284547546    0.235297117
    0.666398442    2.443460953   -8.050854522   -4.454672182   -0.812092676
    0.856797996    2.443460953   -8.677415818   -1.838319403   -1.875138720
    1.047197551    2.443460953   -8.643806214    2.225836964   -2.715047767
    1.237597106    2.443460953   -7.837463979    6.023706765   -3.119651941
    1.427996661    2.443460953   -6.454894280    8.131195290   -3.031640516
    1.618396215    2.443460953   -4.899306918    7.791893789   -2.577217240
    1.808795770    2.443460953   -3.646992610    4.983081397   -1.997531592
    1.999195325    2.443460953   -3.144356524   -0.042004965   -1.545734411
    2.189594880    2.443460953   -3.792306582   -7.085830027   -1.407194057
    2.379994435    2.443460953   -5.963222634  -15.989544769   -1.669554165
    2.570393989    2.443460953   -9.964354330  -26.137649489   -2.318582520
    2.760793544    2.443460953  -15.898027277  -35.912304747   -3.235721006
    2.951193099    2.443460953  -23.452506952  -42.688568846   -4.204208707

   -3.141592654    2.792526803  -32.545641207  -43.672777252    2.130065854
   -2.951193099    2.792526803  -40.318195066  -36.797997039    3.394800458
   -2.760793544    2.792526803  -46.175783184  -24.028584061    4.879679943
   -2.570393989    2.792526803  -49.346889797   -9.378448846    6.537974704
   -2.379994435    2.792526803  -49.931609272    2.427173342    8.390231705
   -2.189594880    2.792526803  -48.799008892    8.421313840   10.511523282
   -1.999195325    2.792526803  -47.079094751    8.935515076   12.925331048
   -1.808795770    2.792526803  -45.543313266    7.163345971   15.463997901
   -1.618396215    2.792526803  -44.241007733    7.072958554   17.708809763
   -1.427996661    2.792526803  -42.586164624   11.043629480   19.093666723
   -1.237597106    2.792526803  -39.800162335   18.657080145   19.137712620
   -1.047197551    2.792526803  -35.422918173   27.166672725   17.683908447
   -0.856797996    2.792526803  -29.610980101   33.189510665   14.994087156
   -0.666398442    2.792526803  -23.084062131   34.356536479   11.640690098
   -0.475998887    2.792526803  -16.838873793   30.347486964    8.265642446
   -0.285599332    2.792526803  -11.757251461   22.484989390    5.329511242
   -0.095199777    2.792526803   -8.372061793   12.940205886    2.979200725
    0.095199777    2.792526803   -6.792755870    3.852138091    1.074786003
    0.285599332    2.792526803   -6.761808557   -3.088942864   -0.656021799
    0.475998887    2.792526803   -7.753063424   -6.771343776   -2.411570244
    0.666398442    2.792526803   -9.093342244   -6.739169029   -4.171673997
    0.856797996    2.792526803  -10.102399266   -3.481314564   -5.686859798
    1.047197551    2.792526803  -10.288407748    1.619927805   -6.612567150
    1.237597106    2.792526803   -9.488282666    6.556855184   -6.716133796
    1.427996661    2.792526803   -7.914772124    9.534718005   -6.016585637
    1.618396215    2.792526803   -6.048554371    9.559421092   -4.780459109
    1.808795770    2.792526803   -4.467464265    6.591629962   -3.383468544
    1.999195325    2.792526803   -3.703917342    1.049008868   -2.143337721
    2.189594880    2.792526803   -4.205881021   -6.649091589   -1.213392103
    2.379994435    2.792526803   -6.353065870  -16.155988461   -0.573556987
    2.570393989    2.792526803  -10.429126128  -26.718059862   -0.085640779
    2.760793544    2.792526803  -16.490662488  -36.624272623    0.433609911
    2.951193099    2.792526803  -24.165784957  -43.187480175    1.141569353
