#! FIELDS phi psi file.free der_phi der_psi
#! SET min_phi -pi
#! SET max_phi pi
#! SET nbins_phi  33
#! SET periodic_phi true
#! SET min_psi -pi
#! SET max_psi pi
#! SET nbins_psi  18
#! SET periodic_psi true
   -3.141592654   -3.141592654  -91.206640973  -53.587015501   15.940646086
   -2.951193099   -3.141592654  -99.715908459  -35.127169908   18.626709101
   -2.760793544   -3.141592654 -104.436192788  -14.688917738   20.392653991
   -2.570393989   -3.141592654 -105.522940713    2.260831511   21.304999708
   -2.379994435   -3.141592654 -104.022617878   12.141123383   21.767815066
   -2.189594880   -3.141592654 -101.379017564   14.491214464   22.387085297
   -1.999195325   -3.141592654  -98.816937766   11.944062787   23.700689738
   -1.808795770   -3.141592654  -96.861638185    8.877729304   25.897269599
   -1.618396215   -3.141592654  -95.203014858    9.366175816   28.661533270
   -1.427996661   -3.141592654  -92.937597318   15.313281061   31.252927125
   -1.237597106   -3.141592654  -89.074586688   25.741662703   32.792540385
   -1.047197551   -3.141592654  -83.047647073   37.351541295   32.609516620
   -0.856797996   -3.141592654  -75.015296890   46.123378452   30.476118580
   -0.666398442   -3.141592654  -65.853059217   48.742860108   26.617801150
   -0.475998887   -3.141592654  -56.918319811   43.643141607   21.549649730
   -0.285599332   -3.141592654  -49.692090820   30.993193717   15.813358447
   -0.095199777   -3.141592654  -45.470415957   12.506079984    9.811147105
    0.095199777   -3.141592654  -45.087978490   -8.702519809    3.766547606
    0.285599332   -3.141592654  -48.657817506  -28.159703758   -2.146641261
    0.475998887   -3.141592654  -55.348542813  -40.615854228   -7.638432732
    0.666398442   -3.141592654  -63.367935532  -41.526446926  -12.214238322
    0.856797996   -3.141592654  -70.302479668  -29.354255379  -15.282483595
    1.047197551   -3.141592654  -73.873644836   -7.041714344  -16.403691163
    1.237597106   -3.141592654  -72.777062590   18.271389898  -15.556463188
    1.427996661   -3.141592654  -67.262499968   38.023268371  -13.189807051
    1.618396215   -3.141592654  -59.072219313   45.623130286  -10.026259045
    1.808795770   -3.141592654  -50.810663942   38.790478468   -6.730364861
    1.999195325   -3.141592654  -45.077293110   19.772727361   -3.644263653
    2.189594880   -3.141592654  -43.720477110   -6.151655011   -0.748468021
    2.379994435   -3.141592654  -47.450629665  -32.594657411    2.194364599
    2.570393989   -3.141592654  -55.787895586  -53.662950261    5.409239373
    2.760793544   -3.141592654  -67.265140804  -65.044101671    8.936778259
    2.951193099   -3.141592654  -79.802269805  -64.734382528   12.573796609

   -3.141592654   -2.792526803  -83.820302772  -48.387684878   23.819168616
   -2.951193099   -2.792526803  -91.541349476  -32.111193717   26.432821621
   -2.760793544   -2.792526803  -95.898044037  -13.829375306   27.740933954
   -2.570393989   -2.792526803  -96.974506879    1.678873241   27.980027934
   -2.379994435   -2.792526803  -95.628347252   11.329682551   27.714075922
   -2.189594880   -2.792526803  -93.056954175   14.732266021   27.625361831
   -1.999195325   -2.792526803  -90.277396146   14.059687917   28.224400287
   -1.808795770   -2.792526803  -87.738429728   12.799011144   29.608206431
   -1.618396215   -2.792526803  -85.237808361   14.045830167   31.369174205
   -1.427996661   -2.792526803  -82.141755901   19.056267492   32.724773662
   -1.237597106   -2.792526803  -77.796024927   26.826323047   32.821995784
   -1.047197551   -2.792526803  -71.912644319   34.663847656   31.071607390
   -0.856797996   -2.792526803  -64.773039307   39.499757134   27.357718683
   -0.666398442   -2.792526803  -57.195407465   38.916692120   22.033299075
   -0.475998887   -2.792526803  -50.341571260   31.840248828   15.750389968
   -0.285599332   -2.792526803  -45.449110263   18.489211076    9.184682309
   -0.095199777   -2.792526803  -43.592253780    0.317633194    2.859198576
    0.095199777   -2.792526803  -45.441020132  -19.837933633   -2.921098240
    0.285599332   -2.792526803  -50.982872964  -37.631849294   -7.964416849
    0.475998887   -2.792526803  -59.268714716  -47.779118744  -12.061440851
    0.666398442   -2.792526803  -68.380702008  -45.737228422  -14.912002897
    0.856797996   -2.792526803  -75.802400760  -30.212703123  -16.213444859
    1.047197551   -2.792526803  -79.227325949   -4.712732157  -15.827446132
    1.237597106   -2.792526803  -77.444016028   22.994441340  -13.943332511
    1.427996661   -2.792526803  -70.895004941   43.978510714  -11.041110872
    1.618396215   -2.792526803  -61.539093200   51.781418829   -7.689990454
    1.808795770   -2.792526803  -52.130775139   44.655339238   -4.289296195
    1.999195325   -2.792526803  -45.303108118   25.463067280   -0.920791664
    2.189594880   -2.792526803  -42.843122602   -0.169316965    2.594376089
    2.379994435   -2.792526803  -45.372077018  -25.924898078    6.499787171
    2.570393989   -2.792526803  -52.369863301  -46.313402322   10.881023041
    2.760793544   -2.792526803  -62.418879123  -57.525863751   15.544415164
    2.951193099   -2.792526803  -73.575064442  -57.920182573   20.040179929

   -3.141592654   -2.443460953  -75.604329553  -42.792578627   22.063706078
   -2.951193099   -2.443460953  -82.472179380  -28.783087296   24.070082328
   -2.760793544   -2.443460953  -86.403868456  -12.622656363   24.909624310
   -2.570393989   -2.443460953  -87.396600221    1.516420923   24.865965670
   -2.379994435   -2.443460953  -86.126166152   10.889827860   24.418694251
   -2.189594880   -2.443460953  -83.582124620   15.017103705   24.058795341
   -1.999195325   -2.443460953  -80.636276070   15.534292446   24.087613598
   -1.808795770   -2.443460953  -77.725611343   15.099410183   24.479543873
   -1.618396215   -2.443460953  -74.794619244   16.029218605   24.854058517
   -1.427996661   -2.443460953  -71.471725093   19.205642228   24.600698327
   -1.237597106   -2.443460953  -67.381247229   23.839245675   23.123243363
   -1.047197551   -2.443460953  -62.419102754   27.975294058   20.095930252
   -0.856797996   -2.443460953  -56.883248202   29.494764655   15.603968918
   -0.666398442   -2.443460953  -51.437572088   26.789616655   10.108556455
   -0.475998887   -2.443460953  -46.973972330   19.128304665    4.276291422
   -0.285599332   -2.443460953  -44.444224022    6.596535364   -1.274901055
   -0.095199777   -2.443460953  -44.696324147   -9.828246918   -6.128496982
    0.095199777   -2.443460953  -48.274784551  -27.817827889  -10.116993723
    0.285599332   -2.443460953  -55.122337548  -43.357639356  -13.215532885
    0.475998887   -2.443460953  -64.284096910  -51.238204279  -15.413505282
    0.666398442   -2.443460953  -73.836267679  -46.887114800  -16.627679759
    0.856797996   -2.443460953  -81.257910373  -29.057431899  -16.744059755
    1.047197551   -2.443460953  -84.263022494   -1.516878281  -15.715847718
    1.237597106   -2.443460953  -81.721531435   27.656549787  -13.685245657
    1.427996661   -2.443460953  -74.205065298   49.364561388  -10.959890562
    1.618396215   -2.443460953  -63.803303174   57.316165998   -7.891347638
    1.808795770   -2.443460953  -53.343229368   50.180605461   -4.703737509
    1.999195325   -2.443460953  -45.444190661   31.257310992   -1.405516241
    2.189594880   -2.443460953  -41.818748769    6.341535654    2.153265681
    2.379994435   -2.443460953  -43.015729704  -18.443266336    6.116589622
    2.570393989   -2.443460953  -48.508211291  -38.070545868   10.448263714
    2.760793544   -2.443460953  -56.966291217  -49.217735009   14.862948739
    2.951193099   -2.443460953  -66.610208891  -50.520213139   18.892545438

   -3.141592654   -2.094395102  -69.293483331  -38.662863650   14.123135366
   -2.951193099   -2.094395102  -75.538695237  -26.380288990   15.330843843
   -2.760793544   -2.094395102  -79.166434694  -11.788473899   15.870764451
   -2.570393989   -2.094395102  -80.116285818    1.218686997   15.942978910
   -2.379994435   -2.094395102  -78.968897114    9.983445484   15.752959556
   -2.189594880   -2.094395102  -76.621093437   13.909060311   15.426117951
   -1.999195325   -2.094395102  -73.893133933   14.340030320   14.961440914
   -1.808795770   -2.094395102  -71.237571295   13.537443642   14.229753969
   -1.618396215   -2.094395102  -68.686118951   13.488099663   13.003542286
   -1.427996661   -2.094395102  -65.996205040   14.997109918   11.035939449
   -1.237597106   -2.094395102  -62.903973041   17.543096456    8.178351313
   -1.047197551   -2.094395102  -59.335618401   19.718466487    4.490920112
   -0.856797996   -2.094395102  -55.505804237   20.005085240    0.264996367
   -0.666398442   -2.094395102  -51.896356494   17.208152239   -4.049960261
   -0.475998887   -2.094395102  -49.173631678   10.601016583   -7.984501243
   -0.285599332   -2.094395102  -48.101387930   -0.086935430  -11.213380626
   -0.095199777   -2.094395102  -49.427884309  -14.430609167  -13.624133013
    0.095199777   -2.094395102  -53.700343341  -30.559976583  -15.306549974
    0.285599332   -2.094395102  -60.926757846  -44.656780880  -16.435818984
    0.475998887   -2.094395102  -70.226271994  -51.411561126  -17.149108067
    0.666398442   -2.094395102  -79.713315620  -46.023772355  -17.456520496
    0.856797996   -2.094395102  -86.867231578  -27.081205313  -17.256500577
    1.047197551   -2.094395102  -89.387697543    1.592518121  -16.400928199
    1.237597106   -2.094395102  -86.158173526   31.731027545  -14.831308882
    1.427996661   -2.094395102  -77.800512498   54.060215410  -12.617731976
    1.618396215   -2.094395102  -66.472061673   62.306202207   -9.939978653
    1.808795770   -2.094395102  -55.044958353   55.340747178   -6.983769091
    1.999195325   -2.094395102  -46.137062801   36.722029934   -3.858652512
    2.189594880   -2.094395102  -41.423077495   12.335290019   -0.588892730
    2.379994435   -2.094395102  -41.420093072  -11.855129250    2.808646638
    2.570393989   -2.094395102  -45.619854001  -31.163487024    6.224802427
    2.760793544   -2.094395102  -52.776790961  -42.583045194    9.429315480
    2.951193099   -2.094395102  -61.239226567  -44.862026738   12.134293717

   -3.141592654   -1.745329252  -66.324876075  -36.839789144    5.771950027
   -2.951193099   -1.745329252  -72.317834178  -25.516486763    5.925309701
   -2.760793544   -1.745329252  -75.849373731  -11.603772375    5.851165022
   -2.570393989   -1.745329252  -76.807918181    0.966418164    5.684584080
   -2.379994435   -1.745329252  -75.745131715    9.337973451    5.401481968
   -2.189594880   -1.745329252  -73.571566275   12.671581701    4.820676735
   -1.999195325   -1.745329252  -71.164511128   12.132893479    3.701528132
   -1.808795770   -1.745329252  -69.056192613    9.932061819    1.873738599
   -1.618396215   -1.745329252  -67.349715063    8.193774834   -0.678648924
   -1.427996661   -1.745329252  -65.827773183    8.069475305   -3.800993297
   -1.237597106   -1.745329252  -64.172668720    9.511806314   -7.208522107
   -1.047197551   -1.745329252  -62.166156956   11.536992314  -10.545544843
   -0.856797996   -1.745329252  -59.819160603   12.801105179  -13.466174761
   -0.666398442   -1.745329252  -57.409352995   11.944475188  -15.697304927
   -0.475998887   -1.745329252  -55.461536435    7.756189876  -17.085934579
   -0.285599332   -1.745329252  -54.705890115   -0.627273158  -17.644456278
   -0.095199777   -1.745329252  -55.962302153  -13.283806166  -17.539803079
    0.095199777   -1.745329252  -59.923458527  -28.578445603  -17.060541890
    0.285599332   -1.745329252  -66.758478214  -42.634252596  -16.514283879
    0.475998887   -1.745329252  -75.711375293  -49.832466700  -16.121931649
    0.666398442   -1.745329252  -84.947968073  -44.948977022  -15.926790862
    0.856797996   -1.745329252  -91.921850631  -26.177502426  -15.782001889
    1.047197551   -1.745329252  -94.246493947    2.827526090  -15.402149615
    1.237597106   -1.745329252  -90.712954943   33.738877229  -14.513967795
    1.427996661   -1.745329252  -81.881768897   57.018323783  -12.969345306
    1.618396215   -1.745329252  -69.904488270   66.119751872  -10.812314646
    1.808795770   -1.745329252  -57.688274672   59.760252012   -8.228492983
    1.999195325   -1.745329252  -47.899559384   41.508833305   -5.450480068
    2.189594880   -1.745329252  -42.253486355   17.303622566   -2.677521591
    2.379994435   -1.745329252  -41.302021342   -6.907332227   -0.072137162
    2.570393989   -1.745329252  -44.584053727  -26.535686423    2.205552406
    2.760793544   -1.745329252  -50.919126280  -38.645701152    3.992975241
    2.951193099   -1.745329252  -58.723890397  -41.928545982    5.177092771

   -3.141592654   -1.396263402  -67.488908345  -38.238012690    3.516288363
   -2.951193099   -1.396263402  -73.738004688  -26.715816937    2.935754032
   -2.760793544   -1.396263402  -77.440877791  -12.180855851    2.211563664
   -2.570393989   -1.396263402  -78.449607452    0.952940006    1.449911558
   -2.379994435   -1.396263402  -77.379523779    9.294560663    0.549339616
   -2.189594880   -1.396263402  -75.287388837   11.706540064   -0.772117497
   -1.999195325   -1.396263402  -73.216413022    9.467949130   -2.823038043
   -1.808795770   -1.396263402  -71.805732052    5.274053889   -5.745685734
   -1.618396215   -1.396263402  -71.152004274    1.909778003   -9.390518344
   -1.427996661   -1.396263402  -70.909424556    1.106969671  -13.322788418
   -1.237597106   -1.396263402  -70.547322783    3.108305455  -16.955745313
   -1.047197551   -1.396263402  -69.613814119    6.839946741  -19.731565564
   -0.856797996   -1.396263402  -67.935832687   10.547864135  -21.291150164
   -0.666398442   -1.396263402  -65.702881021   12.318647483  -21.545359037
   -0.475998887   -1.396263402  -63.458300232   10.390088664  -20.656779612
   -0.285599332   -1.396263402  -62.045322135    3.490167798  -18.971056419
   -0.095199777   -1.396263402  -62.455550662   -8.688444170  -16.910939859
    0.095199777   -1.396263402  -65.577790003  -24.518432945  -14.898829229
    0.285599332   -1.396263402  -71.757671706  -39.915051868  -13.255589955
    0.475998887   -1.396263402  -80.355028049  -48.833405486  -12.137792006
    0.666398442   -1.396263402  -89.554113671  -45.474495185  -11.500565878
    0.856797996   -1.396263402  -96.716376037  -27.472760905  -11.127914566
    1.047197551   -1.396263402  -99.276286057    1.820619744  -10.704926751
    1.237597106   -1.396263402  -95.827127585   33.975730764   -9.954242210
    1.427996661   -1.396263402  -86.789575872   58.959040935   -8.725138632
    1.618396215   -1.396263402  -74.288401163   69.594977634   -7.039739111
    1.808795770   -1.396263402  -61.313084266   64.114927460   -5.045887687
    1.999195325   -1.396263402  -50.675327737   45.933070247   -2.936048063
    2.189594880   -1.396263402  -44.236976267   21.097744400   -0.883636987
    2.379994435   -1.396263402  -42.661843360   -4.212507448    0.957679131
    2.570393989   -1.396263402  -45.555240234  -25.169417566    2.430682030
    2.760793544   -1.396263402  -51.757342678  -38.587183499    3.382655792
    2.951193099   -1.396263402  -59.654482723  -42.878140292    3.727486249

   -3.141592654   -1.047197551  -69.713950373  -41.342216116    4.123440212
   -2.951193099   -1.047197551  -76.530624149  -29.476910759    2.532287825
   -2.760793544   -1.047197551  -80.689224958  -14.187273488    0.770409312
   -2.570393989   -1.047197551  -82.013549347   -0.431963773   -0.981258667
   -2.379994435   -1.047197551  -81.199993507    7.835375587   -2.771496866
   -2.189594880   -1.047197551  -79.467521348    9.239688575   -4.871583461
   -1.999195325   -1.047197551  -78.018928415    5.336574652   -7.602882880
   -1.808795770   -1.047197551  -77.555417912   -0.462871649  -11.090343698
   -1.618396215   -1.047197551  -78.082166122   -4.544155623  -15.083382106
   -1.427996661   -1.047197551  -79.025181835   -4.637616206  -18.969831776
   -1.237597106   -1.047197551  -79.574158691   -0.508163736  -21.985898002
   -1.047197551   -1.047197551  -79.051532327    6.222680904  -23.510278812
   -0.856797996   -1.047197551  -77.194133428   12.991042550  -23.300030714
   -0.666398442   -1.047197551  -74.252688044   17.151789036  -21.547264435
   -0.475998887   -1.047197551  -70.945574084   16.505066218  -18.765957701
   -0.285599332   -1.047197551  -68.342075151    9.688934302  -15.593105352
   -0.095199777   -1.047197551  -67.648705164   -3.449335482  -12.578967145
    0.095199777   -1.047197551  -69.922896944  -20.932039951  -10.069200887
    0.285599332   -1.047197551  -75.600848594  -38.229109028   -8.151268046
    0.475998887   -1.047197551  -84.042707545  -48.806574110   -6.709566864
    0.666398442   -1.047197551  -93.343131248  -46.435291044   -5.530112331
    0.856797996   -1.047197551 -100.709334962  -28.507712336   -4.421954462
    1.047197551   -1.047197551 -103.401622906    1.569680914   -3.280727014
    1.237597106   -1.047197551  -99.879155332   35.031956840   -2.096692953
    1.427996661   -1.047197551  -90.509083202   61.347621209   -0.898362068
    1.618396215   -1.047197551  -77.456151127   72.895727222    0.291003249
    1.808795770   -1.047197551  -63.817082738   67.662185324    1.473175913
    1.999195325   -1.047197551  -52.533551109   49.064319845    2.655381605
    2.189594880   -1.047197551  -45.580572529   23.298603253    3.811871196
    2.379994435   -1.047197551  -43.702469431   -3.271013991    4.840995063
    2.570393989   -1.047197551  -46.549836498  -25.634396698    5.558931307
    2.760793544   -1.047197551  -52.970724455  -40.380814503    5.748388302
    2.951193099   -1.047197551  -61.309932299  -45.639880914    5.263347616

   -3.141592654   -0.698131701  -69.782788168  -45.424220721    3.464338069
   -2.951193099   -0.698131701  -77.410639950  -33.817081128    0.764576237
   -2.760793544   -0.698131701  -82.380031671  -18.308327382   -2.103937955
   -2.570393989   -0.698131701  -84.456477086   -4.234808146   -4.864131048
   -2.379994435   -0.698131701  -84.363087132    3.982742414   -7.478611032
   -2.189594880   -0.698131701  -83.417698796    4.729950372  -10.160640532
   -1.999195325   -0.698131701  -82.925384814   -0.219066703  -13.186311013
   -1.808795770   -0.698131701  -83.604743617   -6.801130393  -16.614379905
   -1.618396215   -0.698131701  -85.336972695  -10.642010440  -20.090291855
   -1.427996661   -0.698131701  -87.303616116   -9.037298050  -22.899498907
   -1.237597106   -0.698131701  -88.422790754   -1.925168328  -24.259334165
   -1.047197551   -0.698131701  -87.835206118    8.334980956  -23.688328914
   -0.856797996   -0.698131701  -85.266122293   18.207105195  -21.243339290
   -0.666398442   -0.698131701  -81.128056443   24.255632861  -17.495056537
   -0.475998887   -0.698131701  -76.411230889   23.942790276  -13.287737240
   -0.285599332   -0.698131701  -72.472861303   16.077328663   -9.410733221
   -0.095199777   -0.698131701  -70.735253760    1.041260592   -6.325402637
    0.095199777   -0.698131701  -72.350834652  -18.468856160   -4.063467074
    0.285599332   -0.698131701  -77.715886038  -37.278302769   -2.290984393
    0.475998887   -0.698131701  -86.050741531  -48.475317618   -0.543599840
    0.666398442   -0.698131701  -95.273837176  -45.838650947    1.494338095
    0.856797996   -0.698131701 -102.452434271  -27.097586336    3.799717810
    1.047197551   -0.698131701 -104.788047462    3.862055234    6.033712439
    1.237597106   -0.698131701 -100.766456297   37.899460740    7.757586941
    1.427996661   -0.698131701  -90.830772062   64.339260337    8.705802461
    1.618396215   -0.698131701  -77.227142367   75.633911059    8.922728957
    1.808795770   -0.698131701  -63.108969904   69.931529693    8.700876939
    1.999195325   -0.698131701  -51.445951867   50.769617920    8.387648986
    2.189594880   -0.698131701  -44.228473273   24.352320836    8.190659884
    2.379994435   -0.698131701  -42.224705412   -3.038484243    8.080729231
    2.570393989   -0.698131701  -45.125257749  -26.464279962    7.821202279
    2.760793544   -0.698131701  -51.821137459  -42.452164399    7.089645385
    2.951193099   -0.698131701  -60.671284465  -48.901152080    5.646381077

   -3.141592654   -0.349065850  -68.853450657  -50.784059967    2.484591740
   -2.951193099   -0.349065850  -77.571694393  -39.773543316   -0.644509460
   -2.760793544   -0.349065850  -83.675013782  -24.146965680   -3.864229478
   -2.570393989   -0.349065850  -86.814589962   -9.528619504   -6.907649163
   -2.379994435   -0.349065850  -87.678902111   -0.831349485   -9.709013585
   -2.189594880   -0.349065850  -87.636183585   -0.007029699  -12.403913520
   -1.999195325   -0.349065850  -88.064801435   -5.163751236  -15.151954144
   -1.808795770   -0.349065850  -89.687395626  -11.650326751  -17.891007647
   -1.618396215   -0.349065850  -92.259598080  -14.401533772  -20.192615809
   -1.427996661   -0.349065850  -94.735167650  -10.406536399  -21.372769836
   -1.237597106   -0.349065850  -95.807803609    0.029512660  -20.818329278
   -1.047197551   -0.349065850  -94.521471081   13.631232354  -18.345095597
   -0.856797996   -0.349065850  -90.700133305   25.821578563  -14.356605144
   -0.666398442   -0.349065850  -85.023844695   32.489468308   -9.708451986
   -0.475998887   -0.349065850  -78.819733717   31.072590784   -5.366272980
   -0.285599332   -0.349065850  -73.724322196   20.984712240   -2.015077162
   -0.095199777   -0.349065850  -71.283278002    3.576494499    0.188931456
    0.095199777   -0.349065850  -72.583108842  -17.489706237    1.639042846
    0.285599332   -0.349065850  -77.802553585  -36.488109520    3.059514529
    0.475998887   -0.349065850  -85.900115660  -46.613409298    5.119523542
    0.666398442   -0.349065850  -94.616092547  -42.382370626    8.054258556
    0.856797996   -0.349065850 -101.012912707  -22.508909358   11.495383371
    1.047197551   -0.349065850 -102.454745157    8.427272998   14.635938162
    1.237597106   -0.349065850  -97.661568352   41.271064555   16.655375191
    1.427996661   -0.349065850  -87.249635466   65.939708100   17.147581925
    1.618396215   -0.349065850  -73.499187165   75.666504611   16.282820399
    1.808795770   -0.349065850  -59.470301126   69.098324501   14.639204943
    1.999195325   -0.349065850  -47.991012242   49.768127948   12.853749563
    2.189594880   -0.349065850  -40.951938290   23.489741048   11.317714495
    2.379994435   -0.349065850  -39.111912332   -3.962192688   10.063636636
    2.570393989   -0.349065850  -42.236424427  -27.994798859    8.843521886
    2.760793544   -0.349065850  -49.327980419  -45.156631671    7.308647282
    2.951193099   -0.349065850  -58.829073891  -53.044627768    5.202382788

   -3.141592654    0.000000000  -68.116308370  -56.211541712    0.960993886
   -2.951193099    0.000000000  -77.917259620  -45.606311453   -1.932156061
   -2.760793544    0.000000000  -85.128073522  -29.853072982   -4.799452112
   -2.570393989    0.000000000  -89.313975420  -14.780775050   -7.449354306
   -2.379994435    0.000000000  -91.132885993   -5.628627050   -9.841156231
   -2.189594880    0.000000000  -91.973907967   -4.508896077  -12.060377803
   -1.999195325    0.000000000  -93.231270254   -9.316296557  -14.158061087
   -1.808795770    0.000000000  -95.569459225  -14.866326378  -15.965525177
   -1.618396215    0.000000000  -98.583456087  -15.628341653  -17.029955016
   -1.427996661    0.000000000 -101.019639147   -8.626243716  -16.781117692
   -1.237597106    0.000000000 -101.433681796    5.137980860  -14.856197893
   -1.047197551    0.000000000  -98.908235269   21.320406340  -11.384371634
   -0.856797996    0.000000000  -93.504053666   34.435560959   -7.022880017
   -0.666398442    0.000000000  -86.254208358   40.099881953   -2.707133652
   -0.475998887    0.000000000  -78.815877563   36.265447916    0.738659743
   -0.285599332    0.000000000  -72.998715137   23.408886683    2.961648048
   -0.095199777    0.000000000  -70.301586011    4.059109239    4.209537650
    0.095199777    0.000000000  -71.566561355  -17.300148915    5.218042833
    0.285599332    0.000000000  -76.635070040  -34.839326672    6.862565697
    0.475998887    0.000000000  -84.187795800  -42.471333777    9.718996967
    0.666398442    0.000000000  -91.885496690  -35.998101726   13.715588312
    0.856797996    0.000000000  -96.962898420  -15.374979457   18.080512967
    1.047197551    0.000000000  -97.135140629   14.287232295   21.654655155
    1.237597106    0.000000000  -91.478764228   44.300861042   23.444687211
    1.427996661    0.000000000  -80.801492406   65.745745349   23.087340614
    1.618396215    0.000000000  -67.341241982   73.018764748   20.960269847
    1.808795770    0.000000000  -53.944610286   65.340800039   17.903741151
    1.999195325    0.000000000  -43.190399548   46.061839487   14.769511014
    2.189594880    0.000000000  -36.805177818   20.354696888   12.069905576
    2.379994435    0.000000000  -35.516134399   -6.682883837    9.878174300
    2.570393989    0.000000000  -39.162093613  -30.855824673    7.953359204
    2.760793544    0.000000000  -46.858567789  -48.730574129    5.956010398
    2.951193099    0.000000000  -57.133414086  -57.613555241    3.641179414

   -3.141592654    0.349065850  -66.652181883  -59.667075102    0.536769526
   -2.951193099    0.349065850  -77.160428238  -49.532218992   -1.162651855
   -2.760793544    0.349065850  -85.151174780  -34.066580687   -2.764885011
   -2.570393989    0.349065850  -90.152338999  -19.095848575   -4.276692992
   -2.379994435    0.349065850  -92.791154312   -9.901830472   -5.746451378
   -2.189594880    0.349065850  -94.428269213   -8.548485508   -7.213655472
   -1.999195325    0.349065850  -96.402937925  -12.713292066   -8.611112819
   -1.808795770    0.349065850  -99.272110465  -16.905261762   -9.695913843
   -1.618396215    0.349065850 -102.478267126  -15.477012044  -10.077621786
   -1.427996661    0.349065850 -104.631974617   -5.771453178   -9.385541697
   -1.237597106    0.349065850 -104.257191211   10.452677660   -7.500420589
   -1.047197551    0.349065850 -100.566315508   27.999447275   -4.700301773
   -0.856797996    0.349065850  -93.885922150   40.888795569   -1.594253388
   -0.666398442    0.349065850  -85.547300916   44.894083759    1.141048261
   -0.475998887    0.349065850  -77.413031313   38.766655782    3.071022034
   -0.285599332    0.349065850  -71.310008974   24.069429393    4.235278036
   -0.095199777    0.349065850  -68.556741054    4.269667728    5.138046551
    0.095199777    0.349065850  -69.683357418  -15.773125694    6.554447858
    0.285599332    0.349065850  -74.219691225  -30.624926343    9.161785554
    0.475998887    0.349065850  -80.681325305  -35.305940548   13.173330645
    0.666398442    0.349065850  -86.813815380  -27.035625603   18.120516370
    0.856797996    0.349065850  -90.184830388   -6.844855338   22.941601564
    1.047197551    0.349065850  -88.965925720   20.014318147   26.378107021
    1.237597106    0.349065850  -82.613129853   45.765835573   27.525398268
    1.427996661    0.349065850  -72.072173320   62.992168380   26.211737836
    1.618396215    0.349065850  -59.438641411   67.393619609   23.011521933
    1.808795770    0.349065850  -47.237170180   58.724719871   18.901914443
    1.999195325    0.349065850  -37.708347551   40.007877991   14.804254757
    2.189594880    0.349065850  -32.355711949   15.614463213   11.271984647
    2.379994435    0.349065850  -31.842774865  -10.153302940    8.433387467
    2.570393989    0.349065850  -36.068321693  -33.579027988    6.138193166
    2.760793544    0.349065850  -44.262313948  -51.331831168    4.156046645
    2.951193099    0.349065850  -55.059355027  -60.550230650    2.312936788

   -3.141592654    0.698131701  -65.195084040  -61.105538658   -0.134257508
   -2.951193099    0.698131701  -75.992184457  -51.124950335   -0.359870561
   -2.760793544    0.698131701  -84.309672921  -35.890213256   -0.426077153
   -2.570393989    0.698131701  -89.679439696  -21.124198626   -0.532444490
   -2.379994435    0.698131701  -92.715791126  -12.022443674   -0.823001603
   -2.189594880    0.698131701  -94.751401988  -10.568712860   -1.329331163
   -1.999195325    0.698131701  -97.079470040  -14.344709005   -1.951035945
   -1.808795770    0.698131701 -100.192501169  -17.767936085   -2.488235793
   -1.618396215    0.698131701 -103.461172436  -15.223090046   -2.714216809
   -1.427996661    0.698131701 -105.449029417   -4.293050508   -2.472393818
   -1.237597106    0.698131701 -104.696409897   12.850589329   -1.757703656
   -1.047197551    0.698131701 -100.512534177   30.639120416   -0.730561376
   -0.856797996    0.698131701  -93.369408781   42.993211916    0.370497846
   -0.666398442    0.698131701  -84.723322807   45.987335203    1.376980209
   -0.475998887    0.698131701  -76.470069089   39.020068130    2.314879735
   -0.285599332    0.698131701  -70.333390187   24.359523726    3.469932001
   -0.095199777    0.698131701  -67.416314063    5.936234972    5.291062832
    0.095199777    0.698131701  -67.991955515  -11.486697350    8.219999120
    0.285599332    0.698131701  -71.412879822  -23.200590561   12.424797220
    0.475998887    0.698131701  -76.205312554  -25.423650610   17.600715981
    0.666398442    0.698131701  -80.364352074  -16.585589946   22.924467961
    0.856797996    0.698131701  -81.890356371    1.654229696   27.259917305
    1.047197551    0.698131701  -79.417578859   24.409029436   29.549237651
    1.237597106    0.698131701  -72.703300107   45.151659204   29.250255604
    1.427996661    0.698131701  -62.715918764   58.023619406   26.539536969
    1.618396215    0.698131701  -51.307932025   59.839773346   22.200796250
    1.808795770    0.698131701  -40.626880124   50.620723645   17.254117570
    1.999195325    0.698131701  -32.566031084   32.878309083   12.557297811
    2.189594880    0.698131701  -28.416742110   10.147493588    8.593747784
    2.379994435    0.698131701  -28.783861813  -13.979112089    5.487097456
    2.570393989    0.698131701  -33.611999278  -36.163208434    3.164595054
    2.760793544    0.698131701  -42.218510389  -53.159627361    1.514369540
    2.951193099    0.698131701  -53.325567299  -62.032428671    0.445776657

   -3.141592654    1.047197551  -66.371183228  -61.238582907   -5.233067005
   -2.951193099    1.047197551  -77.118457775  -50.506894364   -4.450042026
   -2.760793544    1.047197551  -85.279211589  -34.918679076   -3.271075479
   -2.570393989    1.047197551  -90.462906427  -20.193678276   -2.042770256
   -2.379994435    1.047197551  -93.347413188  -11.383149842   -1.021795905
   -2.189594880    1.047197551  -95.294758210  -10.271007110   -0.314259582
   -1.999195325    1.047197551  -97.591081016  -14.279760650    0.097627977
   -1.808795770    1.047197551 -100.700302194  -17.767350732    0.274875368
   -1.618396215    1.047197551 -103.964949958  -15.172541454    0.261470758
   -1.427996661    1.047197551 -105.937614350   -4.197640998    0.079617264
   -1.237597106    1.047197551 -105.169416331   12.890005487   -0.228221904
   -1.047197551    1.047197551 -100.989794700   30.538437629   -0.553387768
   -0.856797996    1.047197551  -93.874197780   42.835121489   -0.695927443
   -0.666398442    1.047197551  -85.238006454   46.122142615   -0.385446993
   -0.475998887    1.047197551  -76.882390260   40.092719547    0.665998481
   -0.285599332    1.047197551  -70.390061901   27.146131559    2.728729001
   -0.095199777    1.047197551  -66.725462124   11.079751111    5.970806644
    0.095199777    1.047197551  -66.081714719   -3.860577533   10.386627304
    0.285599332    1.047197551  -67.859976565  -13.758727507   15.665464998
    0.475998887    1.047197551  -70.794804149  -15.664973645   21.139021737
    0.666398442    1.047197551  -73.223179868   -8.506673691   25.850757688
    0.856797996    1.047197551  -73.522484300    6.198937280   28.814403605
    1.047197551    1.047197551  -70.609190799   24.426219276   29.341808142
    1.237597106    1.047197551  -64.314005345   40.873904603   27.332116795
    1.427996661    1.047197551  -55.451897715   50.762811509   23.288556380
    1.618396215    1.047197551  -45.570429024   51.360380990   18.100035947
    1.808795770    1.047197551  -36.493692568   42.447697987   12.682126223
    1.999195325    1.047197551  -29.885448597   25.872359031    7.686165415
    2.189594880    1.047197551  -26.938393774    4.517246380    3.423372951
    2.379994435    1.047197551  -28.256186972  -18.368521682   -0.034137844
    2.570393989    1.047197551  -33.814985317  -39.461820260   -2.675251628
    2.760793544    1.047197551  -42.949457324  -55.397369972   -4.449346760
    2.951193099    1.047197551  -54.380031743  -63.180954386   -5.293302915

   -3.141592654    1.396263402  -71.252047903  -60.481554361  -10.948529295
   -2.951193099    1.396263402  -81.661120498  -47.801442064   -9.656145789
   -2.760793544    1.396263402  -89.180611769  -31.024550368   -7.816060575
   -2.570393989    1.396263402  -93.581126269  -15.998320651   -5.833851141
   -2.379994435    1.396263402  -95.696625902   -7.597863581   -3.987250983
   -2.189594880    1.396263402  -96.997989751   -7.317937677   -2.374288741
   -1.999195325    1.396263402  -98.828568660  -12.363827606   -0.989382912
   -1.808795770    1.396263402 -101.681172125  -17.008216873    0.152890147
   -1.618396215    1.396263402 -104.917535765  -15.643059745    0.965084233
   -1.427996661    1.396263402 -107.091351653   -5.811397539    1.349489568
   -1.237597106    1.396263402 -106.707837700   10.550660766    1.324126301
   -1.047197551    1.396263402 -102.980511046   28.273170860    1.101598839
   -0.856797996    1.396263402  -96.206315854   41.683965128    1.066321065
   -0.666398442    1.396263402  -87.603231260   47.057992997    1.648996283
   -0.475998887    1.396263402  -78.816155333   43.759441866    3.178320640
   -0.285599332    1.396263402  -71.351261193   33.663566026    5.801391590
   -0.095199777    1.396263402  -66.205117696   20.006273927    9.428192593
    0.095199777    1.396263402  -63.709304584    6.448386879   13.731840073
    0.285599332    1.396263402  -63.509824324   -3.580352834   18.127146376
    0.475998887    1.396263402  -64.659048670   -7.386169484   21.841927687
    0.666398442    1.396263402  -65.822146803   -3.706930554   24.081095730
    0.856797996    1.396263402  -65.617195620    6.625557542   24.292868289
    1.047197551    1.396263402  -63.036124317   20.625901111   22.366979778
    1.237597106    1.396263402  -57.786792801   33.921596988   18.708984251
    1.427996661    1.396263402  -50.425760128   42.202689590   14.049125795
    1.618396215    1.396263402  -42.213567207   42.571552075    9.154880920
    1.808795770    1.396263402  -34.762188814   34.231239304    4.562867881
    1.999195325    1.396263402  -29.644848907   18.421061411    0.484264147
    2.189594880    1.396263402  -28.052685957   -2.286650248   -3.093829681
    2.379994435    1.396263402  -30.608008621  -24.540265194   -6.211867252
    2.570393989    1.396263402  -37.259193743  -44.676481108   -8.778548800
    2.760793544    1.396263402  -47.250014951  -59.060334040  -10.559663938
    2.951193099    1.396263402  -59.184679332  -64.727018361  -11.308751143

   -3.141592654    1.745329252  -77.630124549  -59.348994686  -16.900016941
   -2.951193099    1.745329252  -87.628768084  -44.734250315  -15.683453080
   -2.760793544    1.745329252  -94.441365403  -26.811417866  -13.632103146
   -2.570393989    1.745329252  -97.997836362  -11.470940492  -11.113398448
   -2.379994435    1.745329252  -99.270250338   -3.345996156   -8.404638922
   -2.189594880    1.745329252  -99.814141359   -3.649001199   -5.636449547
   -1.999195325    1.745329252 -101.015467748   -9.452089679   -2.874644559
   -1.808795770    1.745329252 -103.399088508  -15.029169320   -0.247499959
   -1.618396215    1.745329252 -106.359174110  -14.738883480    2.008532967
   -1.427996661    1.745329252 -108.458140811   -5.894122366    3.645437420
   -1.237597106    1.745329252 -108.146554475    9.981601785    4.576247236
   -1.047197551    1.745329252 -104.504928814   28.094264167    4.987894528
   -0.856797996    1.745329252  -97.647668994   42.878024954    5.307844730
   -0.666398442    1.745329252  -88.626009666   50.331360451    6.024857852
   -0.475998887    1.745329252  -78.998357467   49.294526432    7.473603098
   -0.285599332    1.745329252  -70.292963512   41.034679084    9.713229057
   -0.095199777    1.745329252  -63.640679341   28.261163369   12.490166805
    0.095199777    1.745329252  -59.594415815   14.225037188   15.306259365
    0.285599332    1.745329252  -58.080806145    2.190961107   17.505894805
    0.475998887    1.745329252  -58.430972281   -4.947571918   18.445579655
    0.666398442    1.745329252  -59.507302141   -5.256889711   17.693668659
    0.856797996    1.745329252  -59.959928676    1.406664551   15.229086134
    1.047197551    1.745329252  -58.627977076   12.991025322   11.467968695
    1.237597106    1.745329252  -54.930589936   25.521102819    7.136869380
    1.427996661    1.745329252  -49.126783641   34.414064618    2.953377281
    1.618396215    1.745329252  -42.283847440   36.002662677   -0.642396197
    1.808795770    1.745329252  -35.976723233   28.698044849   -3.606163282
    1.999195325    1.745329252  -31.862145347   13.316692414   -6.192808253
    2.189594880    1.745329252  -31.243984469   -7.458416417   -8.719483459
    2.379994435    1.745329252  -34.795316252  -29.774217084  -11.324057746
    2.570393989    1.745329252  -42.407427939  -49.395947285  -13.843584801
    2.760793544    1.745329252  -53.179885888  -62.389823239  -15.876473553
    2.951193099    1.745329252  -65.555914902  -65.932602042  -16.979701913

   -3.141592654    2.094395102  -84.500618394  -58.750871247  -18.850028080
   -2.951193099    2.094395102  -94.191264265  -42.180644839  -17.724139308
   -2.760793544    2.094395102 -100.375078642  -22.872883048  -15.659426255
   -2.570393989    2.094395102 -103.099820496   -6.770936497  -12.961390335
   -2.379994435    2.094395102 -103.440316017    1.684103587   -9.862303282
   -2.189594880    2.094395102 -103.014748048    1.467787100   -6.457305908
   -1.999195325    2.094395102 -103.250586432   -4.475266005   -2.785882428
   -1.808795770    2.094395102 -104.726232644  -10.542037960    1.024870751
   -1.618396215    2.094395102 -106.910805704  -11.147393611    4.685811606
   -1.427996661    2.094395102 -108.430505954   -3.415920803    7.822050424
   -1.237597106    2.094395102 -107.738647638   11.561160212   10.152022653
   -1.047197551    2.094395102 -103.831582280   29.425942756   11.640947734
   -0.856797996    2.094395102  -96.677973115   44.779232094   12.519986318
   -0.666398442    2.094395102  -87.190930496   53.363899595   13.146837438
   -0.475998887    2.094395102  -76.871231369   53.476098712   13.800544145
   -0.285599332    2.094395102  -67.303339204   45.760096629   14.533186009
   -0.095199777    2.094395102  -59.781887077   32.461377887   15.115059033
    0.095199777    2.094395102  -55.085620033   16.640385150   15.110155880
    0.285599332    2.094395102  -53.369889382    1.752878880   14.021096358
    0.475998887    2.094395102  -54.119654628   -8.722269435   11.517375115
    0.666398442    2.094395102  -56.208661266  -11.961704221    7.640617651
    0.856797996    2.094395102  -58.121942927   -6.962491713    2.902726802
    1.047197551    2.094395102  -58.405516874    4.689893328   -1.861636615
    1.237597106    2.094395102  -56.158594445   18.777636962   -5.804765884
    1.427996661    2.094395102  -51.427989029   29.908960426   -8.441653680
    1.618396215    2.094395102  -45.248200283   33.415201714   -9.827268905
    1.808795770    2.094395102  -39.329947593   27.005220543  -10.473568549
    1.999195325    2.094395102  -35.546760303   11.363631801  -11.060016776
    2.189594880    2.094395102  -35.388350035  -10.390906973  -12.112974473
    2.379994435    2.094395102  -39.596236873  -33.663129519  -13.785074474
    2.570393989    2.094395102  -47.987310653  -53.519673248  -15.819591651
    2.760793544    2.094395102  -59.484501117  -65.687671639  -17.687134650
    2.951193099    2.094395102  -72.333937287  -67.484839390  -18.819929868

   -3.141592654    2.443460953  -90.825923022  -58.539572981  -12.672331267
   -2.951193099    2.443460953 -100.312667527  -40.302838830  -11.124799325
   -2.760793544    2.443460953 -106.001152488  -19.613577032   -8.908563189
   -2.570393989    2.443460953 -107.997699708   -2.425213960   -6.300229896
   -2.379994435    2.443460953 -107.418019774    6.991901168   -3.468679023
   -2.189594880    2.443460953 -105.890425170    7.727016955   -0.400635904
   -1.999195325    2.443460953 -104.851389894    2.611747975    3.012244002
   -1.808795770    2.443460953 -104.930314233   -3.062055242    6.788855832
   -1.618396215    2.443460953 -105.708174841   -3.988281002   10.711812152
   -1.427996661    2.443460953 -105.954469253    2.686918183   14.343846813
   -1.237597106    2.443460953 -104.238033529   16.177548226   17.201432891
   -1.047197551    2.443460953  -99.594513169   32.580527759   18.973566621
   -0.856797996    2.443460953  -91.950332969   46.846159418   19.638825417
   -0.666398442    2.443460953  -82.138790674   54.750453873   19.405060982
   -0.475998887    2.443460953  -71.605406323   54.315682267   18.528951778
   -0.285599332    2.443460953  -61.949828937   45.751566861   17.131223806
   -0.095199777    2.443460953  -54.561955906   30.932346667   15.107103443
    0.095199777    2.443460953  -50.363915036   12.811579114   12.192219923
    0.285599332    2.443460953  -49.637888192   -4.848406574    8.146144966
    0.475998887    2.443460953  -51.896435484  -17.854944223    3.000928368
    0.666398442    2.443460953  -55.881241069  -22.468911588   -2.775968292
    0.856797996    2.443460953  -59.784334299  -17.019040384   -8.317451132
    1.047197551    2.443460953  -61.789484754   -3.057599965  -12.648060805
    1.237597106    2.443460953  -60.701793805   14.445603514  -15.085496465
    1.427996661    2.443460953  -56.468311499   28.906918758  -15.551057743
    1.618396215    2.443460953  -50.248298750   34.589417371  -14.577630263
    1.808795770    2.443460953  -44.029937478   28.720089144  -13.040401175
    1.999195325    2.443460953  -39.987210108   12.194876585  -11.770968235
    2.189594880    2.443460953  -39.819254951  -11.162668036  -11.267531831
    2.379994435    2.443460953  -44.324471273  -35.924660645  -11.579798604
    2.570393989    2.443460953  -53.230989256  -56.504539535  -12.378929854
    2.760793544    2.443460953  -65.283770090  -68.358529284  -13.135813102
    2.951193099    2.443460953  -78.537919302  -68.947045725  -13.336626949

   -3.141592654    2.792526803  -93.969049153  -57.124514309    0.698716218
   -2.951193099    2.792526803 -103.078089630  -37.810859374    2.832921595
   -2.760793544    2.792526803 -108.211685442  -16.342830248    4.879464297
   -2.570393989    2.792526803 -109.534287281    1.349085052    6.723347886
   -2.379994435    2.792526803 -108.193540654   11.224268811    8.478935339
   -2.189594880    2.792526803 -105.801323670   12.617409868   10.466874780
   -1.999195325    2.792526803 -103.748712508    8.390256998   13.031892425
   -1.808795770    2.792526803 -102.643085364    3.557151054   16.296462308
   -1.618396215    2.792526803 -102.115949951    2.978637415   19.995323091
   -1.427996661    2.792526803 -101.068033838    9.155381043   23.515637851
   -1.237597106    2.792526803  -98.238792342   21.263916418   26.130895612
   -1.047197551    2.792526803  -92.809709479   35.681902222   27.296103619
   -0.856797996    2.792526803  -84.781389718   47.776365934   26.837730159
   -0.666398442    2.792526803  -74.991344699   53.618575332   24.934829492
   -0.475998887    2.792526803  -64.857140500   51.266222115   21.947020047
   -0.285599332    2.792526803  -55.964628218   40.767235893   18.187112964
   -0.095199777    2.792526803  -49.723072324   23.848509754   13.798250332
    0.095199777    2.792526803  -47.081719458    3.556705318    8.778355862
    0.285599332    2.792526803  -48.298977781  -15.889107300    3.148165715
    0.475998887    2.792526803  -52.749296354  -29.593406059   -2.841092696
    0.666398442    2.792526803  -58.903142931  -33.190625693   -8.600411221
    0.856797996    2.792526803  -64.603197307  -24.882919730  -13.306357383
    1.047197551    2.792526803  -67.728276636   -6.822073305  -16.200056778
    1.237597106    2.792526803  -66.951332332   14.863898295  -16.940605392
    1.427996661    2.792526803  -62.321116791   32.401025578  -15.778420429
    1.618396215    2.792526803  -55.283131971   39.380131879  -13.436136598
    1.808795770    2.792526803  -48.170009853   33.094983898  -10.772582720
    1.999195325    2.792526803  -43.427260236   15.069905844   -8.431456231
    2.189594880    2.792526803  -42.882602202  -10.053845675   -6.668607172
    2.379994435    2.792526803  -47.317412882  -36.180767662   -5.374379533
    2.570393989    2.792526803  -56.342875826  -57.353765881   -4.238670688
    2.760793544    2.792526803  -68.546958119  -68.970839022   -2.939137625
    2.951193099    2.792526803  -81.841253170  -68.687404326   -1.288651699
