#! FIELDS phi psi file.free der_phi der_psi
#! SET min_phi -pi
#! SET max_phi pi
#! SET nbins_phi  33
#! SET periodic_phi true
#! SET min_psi -pi
#! SET max_psi pi
#! SET nbins_psi  18
#! SET periodic_psi true
   -3.141592654   -3.141592654  -98.158499080  -53.573888505   16.590994521
   -2.951193099   -3.141592654 -106.599369003  -34.507131380   19.089148253
   -2.760793544   -3.141592654 -111.184161740  -13.977268524   20.651529337
   -2.570393989   -3.141592654 -112.160700936    2.654461221   21.409656476
   -2.379994435   -3.141592654 -110.628968497   12.072940161   21.812953758
   -2.189594880   -3.141592654 -108.033591255   14.084970658   22.483622928
   -1.999195325   -3.141592654 -105.560701937   11.458334359   23.950251766
   -1.808795770   -3.141592654 -103.685455149    8.554086503   26.377885195
   -1.618396215   -3.141592654 -102.059962330    9.348167226   29.424527961
   -1.427996661   -3.141592654  -99.763218965   15.659699942   32.323093128
   -1.237597106   -3.141592654  -95.797684388   26.463161068   34.164156785
   -1.047197551   -3.141592654  -89.595611079   38.462834423   34.237445880
   -0.856797996   -3.141592654  -81.314207460   47.615487458   32.266665375
   -0.666398442   -3.141592654  -71.837180592   50.527859272   28.429036343
   -0.475998887   -3.141592654  -62.550667577   45.502858180   23.211581540
   -0.285599332   -3.141592654  -54.988236727   32.602368211   17.167452468
   -0.095199777   -3.141592654  -50.510228769   13.532559253   10.757823288
    0.095199777   -3.141592654  -50.005162532   -8.465806250    4.300631976
    0.285599332   -3.141592654  -53.606745567  -28.720054296   -1.933146909
    0.475998887   -3.141592654  -60.464718507  -41.769665620   -7.589661317
    0.666398442   -3.141592654  -68.732954714  -42.925523733  -12.168754460
    0.856797996   -3.141592654  -75.923981754  -30.586104227  -15.130528680
    1.047197551   -3.141592654  -79.682987812   -7.736237113  -16.117746289
    1.237597106   -3.141592654  -78.648730189   18.320491936  -15.182301440
    1.427996661   -3.141592654  -73.056384991   38.747101854  -12.805519646
    1.618396215   -3.141592654  -64.690982654   46.646406738   -9.691031907
    1.808795770   -3.141592654  -56.250757558   39.537189940   -6.448993060
    1.999195325   -3.141592654  -50.445925984   19.701835844   -3.364441306
    2.189594880   -3.141592654  -49.203134577   -7.282885678   -0.389667347
    2.379994435   -3.141592654  -53.236630347  -34.581645904    2.697220602
    2.570393989   -3.141592654  -61.988609849  -55.919497447    6.067843173
    2.760793544   -3.141592654  -73.864940073  -66.876856793    9.697403873
    2.951193099   -3.141592654  -86.669651540  -65.669588358   13.334707393

   -3.141592654   -2.792526803  -90.632478165  -48.808576474   24.648454694
   -2.951193099   -2.792526803  -98.372380015  -31.951339953   27.003899110
   -2.760793544   -2.792526803 -102.673643312  -13.478889475   28.055742376
   -2.570393989   -2.792526803 -103.691756486    1.899116726   28.120351314
   -2.379994435   -2.792526803 -102.326273133   11.308344917   27.808899757
   -2.189594880   -2.792526803  -99.774156164   14.577897900   27.811148930
   -1.999195325   -2.792526803  -97.019431192   13.990616860   28.615942162
   -1.808795770   -2.792526803  -94.468914975   13.013781347   30.285424016
   -1.618396215   -2.792526803  -91.890811820   14.644718373   32.375430908
   -1.427996661   -2.792526803  -88.642939571   20.040826961   34.066968096
   -1.237597106   -2.792526803  -84.077662040   28.122793031   34.463315309
   -1.047197551   -2.792526803  -77.924536819   36.174261106   32.923624464
   -0.856797996   -2.792526803  -70.486087985   41.097760823   29.277679040
   -0.666398442   -2.792526803  -62.608086100   40.436944548   23.837634539
   -0.475998887   -2.792526803  -55.488300901   33.072661439   17.249171121
   -0.285599332   -2.792526803  -50.405166206   19.224377565   10.231181985
   -0.095199777   -2.792526803  -48.466185484    0.426975313    3.397667308
    0.095199777   -2.792526803  -50.352677971  -20.332676770   -2.829627827
    0.285599332   -2.792526803  -56.033175646  -38.563332880   -8.155853028
    0.475998887   -2.792526803  -64.517231141  -48.889973769  -12.319539533
    0.666398442   -2.792526803  -73.836158126  -46.763351567  -15.040215400
    0.856797996   -2.792526803  -81.426005800  -30.924062888  -16.097596819
    1.047197551   -2.792526803  -84.941856131   -4.939240777  -15.462205419
    1.237597106   -2.792526803  -83.148354505   23.324234787  -13.411959643
    1.427996661   -2.792526803  -76.488789091   44.773167039  -10.459870318
    1.618396215   -2.792526803  -66.958703907   52.744910608   -7.144593397
    1.808795770   -2.792526803  -57.385828357   45.335179440   -3.793729669
    1.999195325   -2.792526803  -50.492073786   25.413119838   -0.416685424
    2.189594880   -2.792526803  -48.131802956   -1.176035943    3.199346629
    2.379994435   -2.792526803  -50.935414176  -27.753297943    7.276478161
    2.570393989   -2.792526803  -58.323233565  -48.489797063   11.831598036
    2.760793544   -2.792526803  -68.771419044  -59.451600721   16.589482486
    2.951193099   -2.792526803  -80.232098215  -59.147617770   21.045292188

   -3.141592654   -2.443460953  -82.272938347  -43.674384510   22.418361678
   -2.951193099   -2.443460953  -89.250927440  -29.093734905   24.183362824
   -2.760793544   -2.443460953  -93.205471095  -12.601421144   24.829742247
   -2.570393989   -2.443460953  -94.180862433    1.644452146   24.702349847
   -2.379994435   -2.443460953  -92.884073194   11.031209433   24.301311722
   -2.189594880   -2.443460953  -90.307132490   15.237901407   24.100590502
   -1.999195325   -2.443460953  -87.299897155   15.983507252   24.365606933
   -1.808795770   -2.443460953  -84.270743116   15.908068277   25.032832880
   -1.618396215   -2.443460953  -81.147090089   17.235092162   25.689239051
   -1.427996661   -2.443460953  -77.561284158   20.737310144   25.694220258
   -1.237597106   -2.443460953  -73.159924015   25.532464019   24.414068747
   -1.047197551   -2.443460953  -67.875037127   29.629626246   21.480854789
   -0.856797996   -2.443460953  -62.044016808   30.899721759   16.941642804
   -0.666398442   -2.443460953  -56.369394266   27.754367698   11.240158701
   -0.475998887   -2.443460953  -51.775562573   19.509099738    5.061185659
   -0.285599332   -2.443460953  -49.233279102    6.345077273   -0.918013519
   -0.095199777   -2.443460953  -49.586617510  -10.619165504   -6.190763468
    0.095199777   -2.443460953  -53.348615435  -28.913312671  -10.491958253
    0.285599332   -2.443460953  -60.409257576  -44.458758527  -13.724239066
    0.475998887   -2.443460953  -69.759572267  -52.090234262  -15.855537485
    0.666398442   -2.443460953  -79.438479140  -47.360888764  -16.843006052
    0.856797996   -2.443460953  -86.911892721  -29.135691298  -16.661508792
    1.047197551   -2.443460953  -89.896462710   -1.233508950  -15.367143084
    1.237597106   -2.443460953  -87.269771470   28.255874863  -13.178225982
    1.427996661   -2.443460953  -79.614912565   50.194179521  -10.422420015
    1.618396215   -2.443460953  -69.046827585   58.186872308   -7.411965297
    1.808795770   -2.443460953  -58.440646496   50.783387093   -4.297107475
    1.999195325   -2.443460953  -50.479861869   31.248990676   -1.018109719
    2.189594880   -2.443460953  -46.933094995    5.507132337    2.601243327
    2.379994435   -2.443460953  -48.365532357  -20.054054443    6.677414902
    2.570393989   -2.443460953  -54.212835735  -40.119136706   11.106638991
    2.760793544   -2.443460953  -63.063714923  -51.218310396   15.533517619
    2.951193099   -2.443460953  -73.048735104  -52.053323851   19.455152467

   -3.141592654   -2.094395102  -76.006122924  -39.890710922   13.801418858
   -2.951193099   -2.094395102  -82.422244096  -26.961858314   14.852290914
   -2.760793544   -2.094395102  -86.108802331  -11.861530232   15.318713627
   -2.570393989   -2.094395102  -87.038921126    1.466100167   15.430693501
   -2.379994435   -2.094395102  -85.824121641   10.426927858   15.381864776
   -2.189594880   -2.094395102  -83.373802623   14.546679679   15.257510412
   -1.999195325   -2.094395102  -80.499952167   15.248757143   15.012469670
   -1.808795770   -2.094395102  -77.638850190   14.792086370   14.484934489
   -1.618396215   -2.094395102  -74.814914924   15.080504214   13.428895745
   -1.427996661   -2.094395102  -71.798331961   16.802752251   11.585996882
   -1.237597106   -2.094395102  -68.358543198   19.338022307    8.790420176
   -1.047197551   -2.094395102  -64.468984166   21.248205561    5.081806430
   -0.856797996   -2.094395102  -60.391259855   21.038641727    0.735343899
   -0.666398442   -2.094395102  -56.644538934   17.591544697   -3.797857361
   -0.475998887   -2.094395102  -53.914684649   10.290372329   -8.019960045
   -0.285599332   -2.094395102  -52.960783219   -0.996444345  -11.551067451
   -0.095199777   -2.094395102  -54.498642831  -15.696623688  -14.211133932
    0.095199777   -2.094395102  -59.018438327  -31.837590245  -16.029051570
    0.285599332   -2.094395102  -66.461163552  -45.611305981  -17.147298475
    0.475998887   -2.094395102  -75.893816223  -51.844647993  -17.711132735
    0.666398442   -2.094395102  -85.412028472  -45.939302988  -17.779822952
    0.856797996   -2.094395102  -92.511503117  -26.628952150  -17.326916411
    1.047197551   -2.094395102  -94.924866516    2.236894458  -16.278582029
    1.237597106   -2.094395102  -91.563573127   32.456335221  -14.622683658
    1.427996661   -2.094395102  -83.064256238   54.811330232  -12.430525702
    1.618396215   -2.094395102  -71.596134464   62.996908441   -9.840599133
    1.808795770   -2.094395102  -60.057094258   55.783278614   -6.976911046
    1.999195325   -2.094395102  -51.109182606   36.651886478   -3.898208630
    2.189594880   -2.094395102  -46.475494324   11.538422692   -0.615276363
    2.379994435   -2.094395102  -46.696758531  -13.403211385    2.826455631
    2.570393989   -2.094395102  -51.245104840  -33.226309434    6.263189972
    2.760793544   -2.094395102  -58.810822565  -44.743548736    9.417164940
    2.951193099   -2.094395102  -67.658673488  -46.692007157   11.990066254

   -3.141592654   -1.745329252  -73.264044051  -38.249304873    4.960326805
   -2.951193099   -1.745329252  -79.451729759  -26.153624602    5.080536056
   -2.760793544   -1.745329252  -83.036636873  -11.562033435    5.074082679
   -2.570393989   -1.745329252  -83.938619632    1.477034200    5.067173697
   -2.379994435   -1.745329252  -82.749663602   10.120761935    4.992208480
   -2.189594880   -1.745329252  -80.408322015   13.643296712    4.612151169
   -1.999195325   -1.745329252  -77.797227877   13.310568356    3.644150342
   -1.808795770   -1.745329252  -75.440669598   11.362641048    1.900527403
   -1.618396215   -1.745329252  -73.437921942    9.860514048   -0.630229750
   -1.427996661   -1.745329252  -71.585618347    9.837687448   -3.778644823
   -1.237597106   -1.745329252  -69.601639615   11.146678163   -7.250731952
   -1.047197551   -1.745329252  -67.316397244   12.782104598  -10.687849155
   -0.856797996   -1.745329252  -64.785731822   13.450906630  -13.742342091
   -0.666398442   -1.745329252  -62.316417918   11.906258188  -16.130187629
   -0.475998887   -1.745329252  -60.438439976    7.073693414  -17.672630009
   -0.285599332   -1.745329252  -59.859973369   -1.769753732  -18.345026868
   -0.095199777   -1.745329252  -61.353662445  -14.581786429  -18.280197435
    0.095199777   -1.745329252  -65.547619433  -29.673622164  -17.750187113
    0.285599332   -1.745329252  -72.546581140  -43.232181776  -17.072748231
    0.475998887   -1.745329252  -81.554682726  -49.820504675  -16.502954261
    0.666398442   -1.745329252  -90.737759211  -44.438395985  -16.131564609
    0.856797996   -1.745329252  -97.586022517  -25.417342283  -15.857694132
    1.047197551   -1.745329252  -99.761530648    3.600204521  -15.426160496
    1.237597106   -1.745329252  -96.089698340   34.409247868  -14.569682222
    1.427996661   -1.745329252  -87.140835889   57.585432302  -13.119544642
    1.618396215   -1.745329252  -75.064281131   66.585370834  -11.080693482
    1.808795770   -1.745329252  -62.775968270   60.020785698   -8.597391824
    1.999195325   -1.745329252  -52.973909647   41.341632463   -5.877815905
    2.189594880   -1.745329252  -47.419257121   16.478946819   -3.125688581
    2.379994435   -1.745329252  -46.695419301   -8.475762065   -0.532978274
    2.570393989   -1.745329252  -50.334722593  -28.678915274    1.703676342
    2.760793544   -1.745329252  -57.102242857  -40.973841926    3.403109563
    2.951193099   -1.745329252  -65.330219134  -43.976503053    4.468403679

   -3.141592654   -1.396263402  -74.783717800  -39.555837008    2.911087910
   -2.951193099   -1.396263402  -81.196778350  -27.118852045    2.376229483
   -2.760793544   -1.396263402  -84.895595433  -11.777860814    1.786133923
   -2.570393989   -1.396263402  -85.772014716    1.883010786    1.219749659
   -2.379994435   -1.396263402  -84.497872860   10.459286751    0.521808526
   -2.189594880   -1.396263402  -82.175683954   12.938982753   -0.645621109
   -1.999195325   -1.396263402  -79.866659511   10.737049070   -2.625817126
   -1.808795770   -1.396263402  -78.207168456    6.619644711   -5.566350811
   -1.618396215   -1.396263402  -77.288440994    3.339532146   -9.298781817
   -1.427996661   -1.396263402  -76.772081209    2.525054934  -13.357204366
   -1.237597106   -1.396263402  -76.154581331    4.330240380  -17.128822525
   -1.047197551   -1.396263402  -75.022304961    7.668538947  -20.038834786
   -0.856797996   -1.396263402  -73.234860422   10.845885904  -21.718812189
   -0.666398442   -1.396263402  -70.997371106   12.065112856  -22.069580186
   -0.475998887   -1.396263402  -68.845760678    9.687325433  -21.237419973
   -0.285599332   -1.396263402  -67.593044276    2.545526871  -19.548097793
   -0.095199777   -1.396263402  -68.184056420   -9.600122954  -17.413490557
    0.095199777   -1.396263402  -71.453920545  -25.122583496  -15.265513707
    0.285599332   -1.396263402  -77.703383481  -40.032985487  -13.457003227
    0.475998887   -1.396263402  -86.274881404  -48.466721395  -12.187826776
    0.666398442   -1.396263402  -95.371395680  -44.811958037  -11.450990957
    0.856797996   -1.396263402 -102.400576431  -26.784115899  -11.050317466
    1.047197551   -1.396263402 -104.843742403    2.334880648  -10.668986647
    1.237597106   -1.396263402 -101.317176702   34.280077183  -10.010939719
    1.427996661   -1.396263402  -92.234235688   59.147921079   -8.896658751
    1.618396215   -1.396263402  -79.700248262   69.751333084   -7.317804801
    1.808795770   -1.396263402  -66.701323185   64.177799474   -5.398911985
    1.999195325   -1.396263402  -56.077165025   45.674691799   -3.324909360
    2.189594880   -1.396263402  -49.740539172   20.246228342   -1.281751159
    2.379994435   -1.396263402  -48.396361699   -5.797040868    0.550561970
    2.570393989   -1.396263402  -51.652035684  -27.351172533    1.990051160
    2.760793544   -1.396263402  -58.295656915  -40.966135474    2.878675074
    2.951193099   -1.396263402  -66.623051100  -44.938127928    3.154077953

   -3.141592654   -1.047197551  -77.233736985  -42.506886073    4.176528808
   -2.951193099   -1.047197551  -84.174626596  -29.617870054    2.649504039
   -2.760793544   -1.047197551  -88.271553571  -13.452114947    1.002208942
   -2.570393989   -1.047197551  -89.399869139    0.819485088   -0.611663541
   -2.379994435   -1.047197551  -88.329271208    9.221284811   -2.284361677
   -2.189594880   -1.047197551  -86.339358350   10.532153270   -4.327647972
   -1.999195325   -1.047197551  -84.657996216    6.491896400   -7.084535520
   -1.808795770   -1.047197551  -83.981257179    0.630714453  -10.677667950
   -1.618396215   -1.047197551  -84.298897687   -3.436073536  -14.834795434
   -1.427996661   -1.047197551  -85.030093845   -3.536951960  -18.910834751
   -1.237597106   -1.047197551  -85.378640041    0.461999349  -22.110892182
   -1.047197551   -1.047197551  -84.695786042    6.901849835  -23.788750598
   -0.856797996   -1.047197551  -82.746250971   13.257007632  -23.685317653
   -0.666398442   -1.047197551  -79.794902458   16.985777634  -21.981675928
   -0.475998887   -1.047197551  -76.553142867   16.003184163  -19.184067453
   -0.285599332   -1.047197551  -74.062473147    9.036190837  -15.927511206
   -0.095199777   -1.047197551  -73.489433472   -4.028750139  -12.773782722
    0.095199777   -1.047197551  -75.850339108  -21.243084844  -10.097602233
    0.285599332   -1.047197551  -81.552689417  -38.178246222   -8.027614144
    0.475998887   -1.047197551  -89.953220008  -48.451257471   -6.486320078
    0.666398442   -1.047197551  -99.170830634  -45.964075412   -5.279132511
    0.856797996   -1.047197551 -106.453497639  -28.135723750   -4.209686114
    1.047197551   -1.047197551 -109.094691834    1.725054334   -3.148841137
    1.237597106   -1.047197551 -105.560643868   35.014948420   -2.055854612
    1.427996661   -1.047197551  -96.198208302   61.306775242   -0.931973410
    1.618396215   -1.047197551  -83.145564359   72.934706563    0.216812226
    1.808795770   -1.047197551  -69.495145607   67.709495333    1.397787226
    1.999195325   -1.047197551  -58.221023452   48.857280907    2.611504852
    2.189594880   -1.047197551  -51.357180462   22.519550484    3.814814841
    2.379994435   -1.047197551  -49.697558609   -4.801272123    4.883818089
    2.570393989   -1.047197551  -52.900052065  -27.793711620    5.618155945
    2.760793544   -1.047197551  -59.759649171  -42.745225382    5.799948347
    2.951193099   -1.047197551  -68.523068219  -47.641214429    5.302588058

   -3.141592654   -0.698131701  -77.270318102  -46.582414650    3.982586337
   -2.951193099   -0.698131701  -85.012098471  -33.858268833    1.321873684
   -2.760793544   -0.698131701  -89.894319790  -17.415321027   -1.486168624
   -2.570393989   -0.698131701  -91.744815250   -2.840202243   -4.191398315
   -2.379994435   -0.698131701  -91.374621953    5.422544276   -6.790250322
   -2.189594880   -0.698131701  -90.173923730    5.942146419   -9.521260073
   -1.999195325   -0.698131701  -89.477209429    0.722053217  -12.667152885
   -1.808795770   -0.698131701  -89.993906213   -6.015323976  -16.272390207
   -1.618396215   -0.698131701  -91.579493272   -9.869376810  -19.952842842
   -1.427996661   -0.698131701  -93.395273966   -8.230285803  -22.957521660
   -1.237597106   -0.698131701  -94.361301278   -1.150214033  -24.471791834
   -1.047197551   -0.698131701  -93.638631000    8.947394146  -23.993143447
   -0.856797996   -0.698131701  -90.977310972   18.539023788  -21.572479495
   -0.666398442   -0.698131701  -86.805279813   24.272448226  -17.785645196
   -0.475998887   -0.698131701  -82.110238092   23.710046934  -13.489711625
   -0.285599332   -0.698131701  -78.228768201   15.734300152   -9.492062961
   -0.095199777   -0.698131701  -76.553493565    0.750052692   -6.278067055
    0.095199777   -0.698131701  -78.208540725  -18.582666259   -3.908465048
    0.285599332   -0.698131701  -83.573545194  -37.173563841   -2.075922135
    0.475998887   -0.698131701  -91.871632788  -48.218854309   -0.329000824
    0.666398442   -0.698131701 -101.042219445  -45.576427390    1.657371282
    0.856797996   -0.698131701 -108.181593643  -26.968224762    3.889311759
    1.047197551   -0.698131701 -110.509174267    3.818549486    6.064529311
    1.237597106   -0.698131701 -106.505203660   37.780049654    7.771745662
    1.427996661   -0.698131701  -96.585812596   64.309804844    8.755279215
    1.618396215   -0.698131701  -82.970352063   75.784380429    9.051768134
    1.808795770   -0.698131701  -68.812789964   70.154018712    8.935088634
    1.999195325   -0.698131701  -57.123714153   50.750230712    8.730461707
    2.189594880   -0.698131701  -49.962829056   23.718393476    8.625154220
    2.379994435   -0.698131701  -48.157458244   -4.506612319    8.575327949
    2.570393989   -0.698131701  -51.410205530  -28.651332758    8.340223715
    2.760793544   -0.698131701  -58.556049788  -44.897401823    7.606555926
    2.951193099   -0.698131701  -67.845641859  -50.970083795    6.155293903

   -3.141592654   -0.349065850  -76.156712324  -51.974335610    3.102118269
   -2.951193099   -0.349065850  -84.990206564  -39.799833499   -0.042400616
   -2.760793544   -0.349065850  -91.001405395  -23.225035580   -3.269568784
   -2.570393989   -0.349065850  -93.912516262   -8.145969408   -6.336843807
   -2.379994435   -0.349065850  -94.510281899    0.506768478   -9.203179950
   -2.189594880   -0.349065850  -94.242161804    0.992340637  -12.016654353
   -1.999195325   -0.349065850  -94.516434549   -4.529406413  -14.931959575
   -1.808795770   -0.349065850  -96.040013974  -11.215693531  -17.864641380
   -1.618396215   -0.349065850  -98.531336855  -13.956097816  -20.353922954
   -1.427996661   -0.349065850 -100.910741925   -9.836821963  -21.682416481
   -1.237597106   -0.349065850 -101.863195445    0.700567129  -21.212115051
   -1.047197551   -0.349065850 -100.448002245   14.279392426  -18.749454103
   -0.856797996   -0.349065850  -96.516312277   26.300468999  -14.707271618
   -0.666398442   -0.349065850  -90.771612343   32.711572607   -9.962638297
   -0.475998887   -0.349065850  -84.549476946   31.043602807   -5.508363602
   -0.285599332   -0.349065850  -79.476650083   20.791150373   -2.055308240
   -0.095199777   -0.349065850  -77.077715798    3.343649424    0.219648848
    0.095199777   -0.349065850  -78.415899891  -17.649918574    1.695985981
    0.285599332   -0.349065850  -83.653152314  -36.519038766    3.094852127
    0.475998887   -0.349065850  -91.744746855  -46.534752444    5.096487773
    0.666398442   -0.349065850 -100.440703198  -42.272199268    7.962588723
    0.856797996   -0.349065850 -106.819420839  -22.440285393   11.360310733
    1.047197551   -0.349065850 -108.252742100    8.451923710   14.514407950
    1.237597106   -0.349065850 -103.451720849   41.347030967   16.618529707
    1.427996661   -0.349065850  -93.009498628   66.195913757   17.257817110
    1.618396215   -0.349065850  -79.188527141   76.138176427   16.574867552
    1.808795770   -0.349065850  -65.060115284   69.622635215   15.112383977
    1.999195325   -0.349065850  -53.502746185   49.987221147   13.475848643
    2.189594880   -0.349065850  -46.483259524   23.002614546   12.036604993
    2.379994435   -0.349065850  -44.823228044   -5.382730316   10.820955517
    2.570393989   -0.349065850  -48.299326267  -30.217571307    9.588904862
    2.760793544   -0.349065850  -55.852626471  -47.681980336    8.011111201
    2.951193099   -0.349065850  -65.808642071  -55.188412267    5.855457597

   -3.141592654    0.000000000  -75.264702344  -57.509350752    1.450643467
   -2.951193099    0.000000000  -85.198496356  -45.714632642   -1.486691487
   -2.760793544    0.000000000  -92.332839969  -29.020183901   -4.383832498
   -2.570393989    0.000000000  -96.311145314  -13.534067802   -7.079003407
   -2.379994435    0.000000000  -97.896056221   -4.497724305   -9.556835123
   -2.189594880    0.000000000  -98.557932457   -3.784897504  -11.911149492
   -1.999195325    0.000000000  -99.717349884   -8.990261752  -14.181864852
   -1.808795770    0.000000000 -102.014046809  -14.716331786  -16.172200611
   -1.618396215    0.000000000 -104.994092821  -15.381557224  -17.394724206
   -1.427996661    0.000000000 -107.359805641   -8.122021072  -17.248779572
   -1.237597106    0.000000000 -107.652287417    5.887965757  -15.354189467
   -1.047197551    0.000000000 -104.971454833   22.158440467  -11.842018266
   -0.856797996    0.000000000  -99.415231968   35.149585528   -7.390118090
   -0.666398442    0.000000000  -92.054108570   40.525408199   -2.963872700
   -0.475998887    0.000000000  -84.567120255   36.347746248    0.581744413
   -0.285599332    0.000000000  -78.762544499   23.208109761    2.869914281
   -0.095199777    0.000000000  -76.119547294    3.711265832    4.135494379
    0.095199777    0.000000000  -77.452036430  -17.643206356    5.113170973
    0.285599332    0.000000000  -82.575278718  -35.065139614    6.691312223
    0.475998887    0.000000000  -90.155358113  -42.537929482    9.472236964
    0.666398442    0.000000000  -97.851362383  -35.927556051   13.420777483
    0.856797996    0.000000000 -102.904945579  -15.203356044   17.802055147
    1.047197551    0.000000000 -103.034734911   14.562451278   21.480612804
    1.237597106    0.000000000  -97.311004582   44.742800661   23.461657468
    1.427996661    0.000000000  -86.527615069   66.420593875   23.353220308
    1.618396215    0.000000000  -72.918034688   73.887860622   21.485534244
    1.808795770    0.000000000  -59.353430253   66.177659132   18.648607463
    1.999195325    0.000000000  -48.472941472   46.471064744   15.656415630
    2.189594880    0.000000000  -42.083658159   19.926784204   13.005734996
    2.379994435    0.000000000  -40.974484647   -8.156487987   10.776766559
    2.570393989    0.000000000  -44.989940427  -33.205992797    8.754384734
    2.760793544    0.000000000  -53.175803059  -51.411076352    6.635182122
    2.951193099    0.000000000  -63.934330690  -59.899045410    4.209139202

   -3.141592654    0.349065850  -73.641791107  -61.179442738    0.806603412
   -2.951193099    0.349065850  -84.317118676  -49.790757082   -0.916476571
   -2.760793544    0.349065850  -92.256757689  -33.357821666   -2.530213933
   -2.570393989    0.349065850  -97.075338603  -17.994562786   -4.074136031
   -2.379994435    0.349065850  -99.512506436   -8.966388388   -5.617961324
   -2.189594880    0.349065850 -101.012494299   -8.066392791   -7.202584274
   -1.999195325    0.349065850 -102.936911666  -12.636706275   -8.744715358
   -1.808795770    0.349065850 -105.808421653  -16.955267497   -9.973555234
   -1.618396215    0.349065850 -109.009565863  -15.326596572  -10.470201328
   -1.427996661    0.349065850 -111.098769274   -5.231414109   -9.844407281
   -1.237597106    0.349065850 -110.583846639   11.356430976   -7.970961102
   -1.047197551    0.349065850 -106.701202089   29.052730582   -5.137645282
   -0.856797996    0.349065850  -99.828023006   41.801881043   -1.973820001
   -0.666398442    0.349065850  -91.347761430   45.429815166    0.822841428
   -0.475998887    0.349065850  -83.155910040   38.829202017    2.802314162
   -0.285599332    0.349065850  -77.081828687   23.720710294    3.996504613
   -0.095199777    0.349065850  -74.420055974    3.686084617    4.908674794
    0.095199777    0.349065850  -75.662275572  -16.373321362    6.317179941
    0.285599332    0.349065850  -80.298349451  -31.053683468    8.908498541
    0.475998887    0.349065850  -86.815003255  -35.449689899   12.912362959
    0.666398442    0.349065850  -92.944033663  -26.863340879   17.884401722
    0.856797996    0.349065850  -96.252794379   -6.371650186   22.788694638
    1.047197551    0.349065850  -94.916360247   20.768495120   26.382355264
    1.237597106    0.349065850  -88.393123697   46.797244881   27.754105945
    1.427996661    0.349065850  -77.631036896   64.268373084   26.699012449
    1.618396215    0.349065850  -64.740882957   68.772398643   23.739542506
    1.808795770    0.349065850  -52.289694644   59.900415915   19.799900509
    1.999195325    0.349065850  -42.589586894   40.549119061   15.766924626
    2.189594880    0.349065850  -37.227076317   15.120273587   12.189943709
    2.379994435    0.349065850  -36.922191070  -11.847131074    9.222126211
    2.570393989    0.349065850  -41.568756180  -36.238326626    6.757276207
    2.760793544    0.349065850  -50.313796030  -54.339737080    4.612395308
    2.951193099    0.349065850  -61.653667052  -63.122015571    2.648699463

   -3.141592654    0.698131701  -72.076489749  -62.703910049    0.004503089
   -2.951193099    0.698131701  -83.051831752  -51.423446024   -0.157378536
   -2.760793544    0.698131701  -91.325546144  -35.226623068   -0.167529683
   -2.570393989    0.698131701  -96.525178190  -20.112513169   -0.261197293
   -2.379994435    0.698131701  -99.382374726  -11.231673191   -0.594630446
   -2.189594880    0.698131701 -101.312520101  -10.269358288   -1.189098465
   -1.999195325    0.698131701 -103.626090060  -14.453670592   -1.923011560
   -1.808795770    0.698131701 -106.774421165  -17.973167099   -2.575359417
   -1.618396215    0.698131701 -110.063185977  -15.180466550   -2.906896454
   -1.427996661    0.698131701 -112.002722306   -3.817449525   -2.758801745
   -1.237597106    0.698131701 -111.119790707   13.711092526   -2.127886232
   -1.047197551    0.698131701 -106.752425950   31.644195470   -1.175413307
   -0.856797996    0.698131701  -99.427464854   43.838297100   -0.133494700
   -0.666398442    0.698131701  -90.654547364   46.437785845    0.843801855
   -0.475998887    0.698131701  -82.360310490   38.997368553    1.798257631
   -0.285599332    0.698131701  -76.267023758   23.948118973    3.022635351
   -0.095199777    0.698131701  -73.449517839    5.333047638    4.957867918
    0.095199777    0.698131701  -74.139047808  -12.046787497    8.023673056
    0.285599332    0.698131701  -77.645351469  -23.516602714   12.363218757
    0.475998887    0.698131701  -82.463404087  -25.369655220   17.656301667
    0.666398442    0.698131701  -86.572478289  -16.121807892   23.082019538
    0.856797996    0.698131701  -87.971705801    2.512017594   27.522148811
    1.047197551    0.698131701  -85.300683299   25.620893760   29.939477146
    1.237597106    0.698131701  -78.325310337   46.667772969   29.798322535
    1.427996661    0.698131701  -68.027420934   59.741067653   27.256235231
    1.618396215    0.698131701  -56.289155930   61.538215744   23.055053015
    1.808795770    0.698131701  -45.313980575   51.935662876   18.167388910
    1.999195325    0.698131701  -37.074204804   33.362039590   13.422298917
    2.189594880    0.698131701  -32.942480968    9.431642078    9.310451572
    2.379994435    0.698131701  -33.570019614  -15.987807598    5.998056531
    2.570393989    0.698131701  -38.881312886  -39.146896316    3.474412360
    2.760793544    0.698131701  -48.095847833  -56.432657808    1.683048132
    2.951193099    0.698131701  -59.787539193  -64.776175396    0.560584437

   -3.141592654    1.047197551  -73.330837355  -62.661755677   -5.044951418
   -2.951193099    1.047197551  -84.222545291  -50.641041614   -4.073329876
   -2.760793544    1.047197551  -92.315435153  -34.174482167   -2.752473385
   -2.570393989    1.047197551  -97.323756517  -19.205960106   -1.466293903
   -2.379994435    1.047197551 -100.041854587  -10.694407782   -0.471728886
   -2.189594880    1.047197551 -101.906944816  -10.105349825    0.150248209
   -1.999195325    1.047197551 -104.214158324  -14.517231191    0.446744250
   -1.808795770    1.047197551 -107.381819557  -18.088030662    0.495952329
   -1.618396215    1.047197551 -110.688619764  -15.252230023    0.342054974
   -1.427996661    1.047197551 -112.639206906   -3.880225353   -0.002328877
   -1.237597106    1.047197551 -111.775622814   13.540929731   -0.495976252
   -1.047197551    1.047197551 -107.455990742   31.302725195   -1.012371071
   -0.856797996    1.047197551 -100.203053572   43.466201317   -1.311639935
   -0.666398442    1.047197551  -91.472235303   46.461181208   -1.074857416
   -0.475998887    1.047197551  -83.082008866   40.121261916    0.021817474
   -0.285599332    1.047197551  -76.606287263   26.962282555    2.252443442
   -0.095199777    1.047197551  -72.984030927   10.838535240    5.751525502
    0.095199777    1.047197551  -72.378539356   -4.002626806   10.453566286
    0.285599332    1.047197551  -74.163945610  -13.683088659   15.984840780
    0.475998887    1.047197551  -77.056811649  -15.297987008   21.633458463
    0.666398442    1.047197551  -79.384116372   -7.816702436   26.432935352
    0.856797996    1.047197551  -79.519732157    7.224676593   29.420203550
    1.047197551    1.047197551  -76.378712736   25.784940088   29.947601275
    1.237597106    1.047197551  -69.795088611   42.529250378   27.948437325
    1.427996661    1.047197551  -60.598539943   52.584188046   23.932450580
    1.618396215    1.047197551  -50.374785944   53.069386435   18.762427251
    1.808795770    1.047197551  -41.015120825   43.627476425   13.311330406
    1.999195325    1.047197551  -34.268545419   26.068697067    8.201507386
    2.189594880    1.047197551  -31.404188056    3.419012820    3.754092603
    2.379994435    1.047197551  -33.056085721  -20.749200544    0.092687343
    2.570393989    1.047197551  -39.159119363  -42.699762756   -2.699122594
    2.760793544    1.047197551  -48.933498332  -58.746606790   -4.513691290
    2.951193099    1.047197551  -60.946818934  -65.836828919   -5.274705888

   -3.141592654    1.396263402  -78.397380882  -61.390659764  -10.557772199
   -2.951193099    1.396263402  -88.851506008  -47.431917750   -9.053658660
   -2.760793544    1.396263402  -96.219030381  -29.916735596   -7.102394269
   -2.570393989    1.396263402 -100.393074397  -14.838874874   -5.122955773
   -2.379994435    1.396263402 -102.326478477   -6.907427387   -3.362597690
   -2.189594880    1.396263402 -103.557050942   -7.264158121   -1.870845224
   -1.999195325    1.396263402 -105.426723554  -12.780147905   -0.605551459
   -1.808795770    1.396263402 -108.377100455  -17.564298912    0.425841754
   -1.618396215    1.396263402 -111.707048535  -16.033410024    1.117443762
   -1.427996661    1.396263402 -113.926248922   -5.893090377    1.346091044
   -1.237597106    1.396263402 -113.529955563   10.740724590    1.126278517
   -1.047197551    1.396263402 -109.749845342   28.600776906    0.701298346
   -0.856797996    1.396263402 -102.909384681   42.027693742    0.516586784
   -0.666398442    1.396263402  -94.242515206   47.377067364    1.067869473
   -0.475998887    1.396263402  -85.394145168   44.090177585    2.721190128
   -0.285599332    1.396263402  -77.860205541   34.062183907    5.611670841
   -0.095199777    1.396263402  -72.628710095   20.496263506    9.588955990
    0.095199777    1.396263402  -70.031630131    7.011109347   14.238844384
    0.285599332    1.396263402  -69.720588573   -2.983955864   18.893473017
    0.475998887    1.396263402  -70.753754442   -6.767885428   22.729299559
    0.666398442    1.396263402  -71.793609314   -3.025353008   24.945184394
    0.856797996    1.396263402  -71.444581959    7.473056085   25.026054466
    1.047197551    1.396263402  -68.676286538   21.756592131   22.922349237
    1.237597106    1.396263402  -63.179200237   35.386176923   19.098239375
    1.427996661    1.396263402  -55.514898096   43.881188549   14.315062721
    1.618396215    1.396263402  -46.987485144   44.123056928    9.334763155
    1.808795770    1.396263402  -39.291327092   35.154409967    4.664174605
    1.999195325    1.396263402  -34.097519008   18.224986447    0.488875827
    2.189594880    1.396263402  -32.672102681   -3.858239841   -3.199189565
    2.379994435    1.396263402  -35.648987339  -27.339058115   -6.400554698
    2.570393989    1.396263402  -42.906406809  -48.124777688   -8.968880218
    2.760793544    1.396263402  -53.549542979  -62.322587236  -10.636417533
    2.951193099    1.396263402  -66.023004823  -67.020921439  -11.171173788

   -3.141592654    1.745329252  -84.739953587  -59.726674876  -16.610934119
   -2.951193099    1.745329252  -94.693433869  -43.968173479  -15.178779933
   -2.760793544    1.745329252 -101.298361449  -25.521066357  -13.026671121
   -2.570393989    1.745329252 -104.613857900  -10.333448352  -10.525704869
   -2.379994435    1.745329252 -105.722411135   -2.810924140   -7.912035819
   -2.189594880    1.745329252 -106.231371302   -3.805805461   -5.260782240
   -1.999195325    1.745329252 -107.513633244  -10.095609699   -2.599815091
   -1.808795770    1.745329252 -110.040657379  -15.842572500   -0.053580735
   -1.618396215    1.745329252 -113.149236630  -15.456851651    2.118681737
   -1.427996661    1.745329252 -115.364061653   -6.387321037    3.642245453
   -1.237597106    1.745329252 -115.122649460    9.725086895    4.429663102
   -1.047197551    1.745329252 -111.507708341   28.057895010    4.703077502
   -0.856797996    1.745329252 -104.634296737   43.082919891    4.952097579
   -0.666398442    1.745329252  -95.545160417   50.839342451    5.723464472
   -0.475998887    1.745329252  -85.787768596   50.147161904    7.374017838
   -0.285599332    1.745329252  -76.889995242   42.181234769    9.931834962
   -0.095199777    1.745329252  -70.002811056   29.539803357   13.066875797
    0.095199777    1.745329252  -65.717178739   15.419351735   16.186170353
    0.285599332    1.745329252  -63.998954908    3.116217892   18.554606305
    0.475998887    1.745329252  -64.204142362   -4.353658667   19.489638186
    0.666398442    1.745329252  -65.192272968   -4.902330826   18.570524166
    0.856797996    1.745329252  -65.582311517    1.749823177   15.830019352
    1.047197551    1.745329252  -64.164059365   13.589824274   11.759371994
    1.237597106    1.745329252  -60.313021032   26.542710373    7.154966705
    1.427996661    1.745329252  -54.277515395   35.783145336    2.773917344
    1.618396215    1.745329252  -47.167218541   37.350031096   -0.943623518
    1.808795770    1.745329252  -40.649080005   29.459561925   -3.982052183
    1.999195325    1.745329252  -36.488394383   12.961841547   -6.626881172
    2.189594880    1.745329252  -36.065718078   -9.163126044   -9.201055646
    2.379994435    1.745329252  -40.055452579  -32.600019952  -11.815643686
    2.570393989    1.745329252  -48.261861524  -52.680353804  -14.264898601
    2.760793544    1.745329252  -59.634669362  -65.273062928  -16.122947155
    2.951193099    1.745329252  -72.461718962  -67.701719644  -16.967617214

   -3.141592654    2.094395102  -91.561322078  -58.671037572  -18.801996342
   -2.951193099    2.094395102 -101.136647406  -41.149102959  -17.524724714
   -2.760793544    2.094395102 -107.084327206  -21.547847397  -15.410797859
   -2.570393989    2.094395102 -109.579874550   -5.777329848  -12.755368022
   -2.379994435    2.094395102 -109.792816007    1.998982454   -9.746250287
   -2.189594880    2.094395102 -109.373822025    1.106280350   -6.427959335
   -1.999195325    2.094395102 -109.724738730   -5.272351384   -2.809334712
   -1.808795770    2.094395102 -111.369766409  -11.482157269    0.982729157
   -1.618396215    2.094395102 -113.728246004  -12.015212476    4.638927405
   -1.427996661    2.094395102 -115.396545094   -4.103160759    7.763282621
   -1.237597106    2.094395102 -114.813411325   11.104725485   10.075410461
   -1.047197551    2.094395102 -110.964365164   29.279991831   11.566823276
   -0.856797996    2.094395102 -103.798298495   45.071765080   12.509227620
   -0.666398442    2.094395102  -94.203039169   54.216484657   13.288853549
   -0.475998887    2.094395102  -83.665234664   54.899612296   14.179988381
   -0.285599332    2.094395102  -73.783800518   47.582395620   15.190218117
   -0.095199777    2.094395102  -65.902389941   34.347761513   16.019773049
    0.095199777    2.094395102  -60.870879975   18.210482310   16.162613483
    0.285599332    2.094395102  -58.909884842    2.719376939   15.076108205
    0.475998887    2.094395102  -59.540347849   -8.433170914   12.422581738
    0.666398442    2.094395102  -61.626756642  -12.181911624    8.273923102
    0.856797996    2.094395102  -63.602069920   -7.328295716    3.198193156
    1.047197551    2.094395102  -63.935007018    4.596287811   -1.906398394
    1.237597106    2.094395102  -61.654875194   19.240627282   -6.138702068
    1.427996661    2.094395102  -56.781393779   30.905247400   -8.984792358
    1.618396215    2.094395102  -50.388266381   34.559823744  -10.498675821
    1.808795770    2.094395102  -44.285603148   27.680042935  -11.211131953
    1.999195325    2.094395102  -40.465694881   10.993366635  -11.823432039
    2.189594880    2.094395102  -40.499453022  -12.040251095  -12.869703943
    2.379994435    2.094395102  -45.125300975  -36.319738462  -14.490948008
    2.570393989    2.094395102  -54.063927927  -56.477445115  -16.410085695
    2.760793544    2.094395102  -66.084524217  -68.096958500  -18.091461400
    2.951193099    2.094395102  -79.287180776  -68.720381751  -18.993067160

   -3.141592654    2.443460953  -97.906546192  -58.215337664  -12.765908797
   -2.951193099    2.443460953 -107.246138011  -39.186430327  -11.168895216
   -2.760793544    2.443460953 -112.697766510  -18.359870520   -8.972463361
   -2.570393989    2.443460953 -114.488815699   -1.595387931   -6.430296114
   -2.379994435    2.443460953 -113.814514171    7.137847705   -3.670128552
   -2.189594880    2.443460953 -112.320437440    7.258219799   -0.640104963
   -1.999195325    2.443460953 -111.409065006    1.788705327    2.787563639
   -1.808795770    2.443460953 -111.656048837   -3.967420364    6.628654030
   -1.618396215    2.443460953 -112.597991611   -4.793655212   10.650046816
   -1.427996661    2.443460953 -112.979348926    2.080072317   14.399053453
   -1.237597106    2.443460953 -111.352952437   15.842844542   17.389023212
   -1.047197551    2.443460953 -106.736760558   32.643776414   19.314976709
   -0.856797996    2.443460953  -99.029149704   47.468512141   20.161378865
   -0.666398442    2.443460953  -89.035604668   56.042340538   20.127385428
   -0.475998887    2.443460953  -78.195126102   56.218953122   19.441513731
   -0.285599332    2.443460953  -68.139357540   47.984381888   18.182933138
   -0.095199777    2.443460953  -60.329116780   33.046701686   16.208350747
    0.095199777    2.443460953  -55.776288200   14.350859098   13.233822919
    0.285599332    2.443460953  -54.837208484   -4.186356557    9.025431003
    0.475998887    2.443460953  -57.057009965  -18.094743282    3.643802189
    0.666398442    2.443460953  -61.154065475  -23.348149882   -2.404716915
    0.856797996    2.443460953  -65.248214308  -18.063020522   -8.216043466
    1.047197551    2.443460953  -67.425591031   -3.749486721  -12.787905798
    1.237597106    2.443460953  -66.405493944   14.455089876  -15.422876874
    1.427996661    2.443460953  -62.099513680   29.617446027  -16.037653845
    1.618396215    2.443460953  -55.705410196   35.602868355  -15.167057842
    1.808795770    2.443460953  -49.315538590   29.384968681  -13.690585469
    1.999195325    2.443460953  -45.229178640   11.904175287  -12.443053510
    2.189594880    2.443460953  -45.231113803  -12.657164602  -11.921949999
    2.379994435    2.443460953  -50.117478260  -38.347622949  -12.173243301
    2.570393989    2.443460953  -59.519359018  -59.148928587  -12.867320869
    2.760793544    2.443460953  -72.030283765  -70.403720469  -13.485883126
    2.951193099    2.443460953  -85.568666408  -69.835851179  -13.542548009

   -3.141592654    2.792526803 -101.046002382  -56.796594320    0.863968256
   -2.951193099    2.792526803 -110.016670519  -36.786004392    2.926044191
   -2.760793544    2.792526803 -114.936823826  -15.234232657    4.865311257
   -2.570393989    2.792526803 -116.081693617    2.042586438    6.604074933
   -2.379994435    2.792526803 -114.666631180   11.300789641    8.293270926
   -2.189594880    2.792526803 -112.311904217   12.178291954   10.277740447
   -1.999195325    2.792526803 -110.371527658    7.697421204   12.909525734
   -1.808795770    2.792526803 -109.400966691    2.864950731   16.304922433
   -1.618396215    2.792526803 -108.991040460    2.449259445   20.187270151
   -1.427996661    2.792526803 -108.020419172    8.878663669   23.931367213
   -1.237597106    2.792526803 -105.213450602   21.309903059   26.797787718
   -1.047197551    2.792526803  -99.735359816   36.162560058   28.221760169
   -0.856797996    2.792526803  -91.563829196   48.809569767   27.998622286
   -0.666398442    2.792526803  -81.519907283   55.240788358   26.264994884
   -0.475998887    2.792526803  -71.030204390   53.334140962   23.338681808
   -0.285599332    2.792526803  -61.727084357   42.938395447   19.508002515
   -0.095199777    2.792526803  -55.097397241   25.669446575   14.924188494
    0.095199777    2.792526803  -52.175127120    4.626992431    9.628242693
    0.285599332    2.792526803  -53.277826322  -15.775320877    3.704304173
    0.475998887    2.792526803  -57.793365694  -30.362441420   -2.536389367
    0.666398442    2.792526803  -64.152773758  -34.513030270   -8.470766084
    0.856797996    2.792526803  -70.117913498  -26.261077267  -13.275974395
    1.047197551    2.792526803  -73.469172945   -7.750027997  -16.220333578
    1.237597106    2.792526803  -72.797339403   14.711686508  -16.996973693
    1.427996661    2.792526803  -68.119755693   33.007923338  -15.878259117
    1.618396215    2.792526803  -60.922122787   40.347292387  -13.586849561
    1.808795770    2.792526803  -53.640274980   33.779648167  -10.963148670
    1.999195325    2.792526803  -48.843341592   14.871753207   -8.627735901
    2.189594880    2.792526803  -48.444424415  -11.388404360   -6.822982182
    2.379994435    2.792526803  -53.225093670  -38.397912701   -5.443776157
    2.570393989    2.792526803  -62.705036879  -59.781642331   -4.202809126
    2.760793544    2.792526803  -75.328506355  -70.833444296   -2.810352060
    2.951193099    2.792526803  -88.878963619  -69.470363042   -1.110647728
