#! FIELDS phi psi file.free der_phi der_psi
#! SET min_phi -pi
#! SET max_phi pi
#! SET nbins_phi  33
#! SET periodic_phi true
#! SET min_psi -pi
#! SET max_psi pi
#! SET nbins_psi  18
#! SET periodic_psi true
   -3.141592654   -3.141592654  -85.508418598  -54.181831307   15.288139286
   -2.951193099   -3.141592654  -94.144232667  -35.817556308   18.049642966
   -2.760793544   -3.141592654  -98.985971994  -15.232450097   19.937470923
   -2.570393989   -3.141592654 -100.147776731    2.042397694   21.007985198
   -2.379994435   -3.141592654  -98.655235304   12.280037007   21.649710745
   -2.189594880   -3.141592654  -95.960928711   14.857616796   22.445368130
   -1.999195325   -3.141592654  -93.325599140   12.304861242   23.897912127
   -1.808795770   -3.141592654  -91.321611705    9.001444210   26.152722644
   -1.618396215   -3.141592654  -89.674225649    9.122703678   28.858182136
   -1.427996661   -3.141592654  -87.489758500   14.726126263   31.266069227
   -1.237597106   -3.141592654  -83.761843365   24.939764619   32.533006554
   -1.047197551   -3.141592654  -77.897977568   36.466036412   32.060979834
   -0.856797996   -3.141592654  -70.036177612   45.229418612   29.711191149
   -0.666398442   -3.141592654  -61.040763805   47.898135065   25.781067530
   -0.475998887   -3.141592654  -52.254375913   42.960320730   20.813180924
   -0.285599332   -3.141592654  -45.127838828   30.671035397   15.321399653
   -0.095199777   -3.141592654  -40.914915273   12.777158751    9.634114712
    0.095199777   -3.141592654  -40.412054691   -7.692773201    3.882804835
    0.285599332   -3.141592654  -43.720693267  -26.443473907   -1.839295701
    0.475998887   -3.141592654  -50.035268016  -38.427536160   -7.284206238
    0.666398442   -3.141592654  -57.622883242  -39.243519107  -11.951484505
    0.856797996   -3.141592654  -64.147887945  -27.399809830  -15.201968182
    1.047197551   -3.141592654  -67.407931670   -5.774321895  -16.527992676
    1.237597106   -3.141592654  -66.153083329   18.653791433  -15.847044082
    1.427996661   -3.141592654  -60.650176498   37.547867528  -13.577343190
    1.618396215   -3.141592654  -52.613603621   44.549082421  -10.447948093
    1.808795770   -3.141592654  -44.581378918   37.537012140   -7.155310097
    1.999195325   -3.141592654  -39.069857967   18.756800882   -4.077690914
    2.189594880   -3.141592654  -37.862667350   -6.688395216   -1.216092106
    2.379994435   -3.141592654  -41.650110979  -32.684849231    1.666681945
    2.570393989   -3.141592654  -49.981653756  -53.561035461    4.811718132
    2.760793544   -3.141592654  -61.446651392  -65.058768011    8.282543807
    2.951193099   -3.141592654  -74.014443721  -65.049955652   11.896688957

   -3.141592654   -2.792526803  -78.364595110  -48.685192399   23.111184075
   -2.951193099   -2.792526803  -86.149011971  -32.442315938   25.838664023
   -2.760793544   -2.792526803  -90.556041447  -13.990645180   27.296202652
   -2.570393989   -2.792526803  -91.635060780    1.835096399   27.708375279
   -2.379994435   -2.792526803  -90.227933091   11.810724742   27.624353928
   -2.189594880   -2.792526803  -87.546517294   15.371912486   27.706573744
   -1.999195325   -2.792526803  -84.652862025   14.564182729   28.437596641
   -1.808795770   -2.792526803  -82.055658116   12.867288281   29.879261791
   -1.618396215   -2.792526803  -79.599382303   13.506998338   31.595324548
   -1.427996661   -2.792526803  -76.661619217   17.965569926   32.801251327
   -1.237597106   -2.792526803  -72.557899945   25.430889790   32.683190661
   -1.047197551   -2.792526803  -66.944846740   33.277311056   30.724787925
   -0.856797996   -2.792526803  -60.047503597   38.379501069   26.894501942
   -0.666398442   -2.792526803  -52.644128611   38.229064613   21.605840018
   -0.475998887   -2.792526803  -45.872324361   31.683393997   15.518759253
   -0.285599332   -2.792526803  -40.954619060   18.920779593    9.256802958
   -0.095199777   -2.792526803  -38.958576462    1.350007301    3.247245736
    0.095199777   -2.792526803  -40.559197887  -18.280950114   -2.307046319
    0.285599332   -2.792526803  -45.768484212  -35.727590122   -7.286189977
    0.475998887   -2.792526803  -53.679713322  -45.787440813  -11.496397336
    0.666398442   -2.792526803  -62.427657452  -43.945148377  -14.596326950
    0.856797996   -2.792526803  -69.548588581  -28.880356374  -16.205685934
    1.047197551   -2.792526803  -72.779770226   -4.031761488  -16.104607461
    1.237597106   -2.792526803  -70.937102430   22.935075616  -14.426539963
    1.427996661   -2.792526803  -64.467428901   43.229739680  -11.637559698
    1.618396215   -2.792526803  -55.304497960   50.555358399   -8.329906136
    1.808795770   -2.792526803  -46.148617146   43.298304806   -4.942440038
    1.999195325   -2.792526803  -39.562414451   24.340193178   -1.590740579
    2.189594880   -2.792526803  -37.273753226   -0.823818486    1.890656387
    2.379994435   -2.792526803  -39.881092373  -26.110961449    5.751033322
    2.570393989   -2.792526803  -46.885540338  -46.236909292   10.093055980
    2.760793544   -2.792526803  -56.917445303  -57.458938240   14.741940767
    2.951193099   -2.792526803  -68.077565730  -58.036731101   19.262019838

   -3.141592654   -2.443460953  -70.286886511  -42.907991957   21.713501565
   -2.951193099   -2.443460953  -77.180234999  -28.900077717   23.788558149
   -2.760793544   -2.443460953  -81.119254785  -12.547408379   24.725102621
   -2.570393989   -2.443460953  -82.068325735    1.919269791   24.802264672
   -2.379994435   -2.443460953  -80.690164140   11.610730535   24.489686003
   -2.189594880   -2.443460953  -77.993150142   15.862063212   24.263645363
   -1.999195325   -2.443460953  -74.900837436   16.164725460   24.405651501
   -1.808795770   -2.443460953  -71.919248362   15.166480328   24.865346532
   -1.618396215   -2.443460953  -69.046894227   15.340604613   25.242209370
   -1.427996661   -2.443460953  -65.922778494   17.852331576   24.925742812
   -1.237597106   -2.443460953  -62.127766757   22.165930746   23.351135778
   -1.047197551   -2.443460953  -57.479479393   26.432017087   20.247927069
   -0.856797996   -2.443460953  -52.194385155   28.456154842   15.762186204
   -0.666398442   -2.443460953  -46.880826160   26.460239894   10.391650593
   -0.475998887   -2.443460953  -42.409551036   19.534647023    4.791225891
   -0.285599332   -2.443460953  -39.740434393    7.630579482   -0.484102226
   -0.095199777   -2.443460953  -39.750882245   -8.353453132   -5.111978089
    0.095199777   -2.443460953  -43.025195561  -26.133821409   -9.012002210
    0.285599332   -2.443460953  -49.550984335  -41.691517880  -12.203772711
    0.475998887   -2.443460953  -58.413582982  -49.779622366  -14.659052422
    0.666398442   -2.443460953  -67.719558975  -45.769604086  -16.224687723
    0.856797996   -2.443460953  -74.968460811  -28.369238154  -16.695301724
    1.047197551   -2.443460953  -77.889100874   -1.325227889  -15.948429626
    1.237597106   -2.443460953  -75.362785612   27.302960097  -14.090602071
    1.427996661   -2.443460953  -67.965342586   48.481941663  -11.437677424
    1.618396215   -2.443460953  -57.772251730   56.046091333   -8.376464484
    1.808795770   -2.443460953  -47.569540431   48.807770846   -5.169692877
    1.999195325   -2.443460953  -39.914876314   30.119280827   -1.851486046
    2.189594880   -2.443460953  -36.463453442    5.677321401    1.719465727
    2.379994435   -2.443460953  -37.738691342  -18.614417644    5.688803605
    2.570393989   -2.443460953  -43.231400982  -37.938862854   10.025380042
    2.760793544   -2.443460953  -51.657632980  -49.050658445   14.449581475
    2.951193099   -2.443460953  -61.282225159  -50.492941823   18.500447459

   -3.141592654   -2.094395102  -63.954846864  -38.775964651   14.357906636
   -2.951193099   -2.094395102  -70.222191674  -26.460764156   15.551758334
   -2.760793544   -2.094395102  -73.845826489  -11.627739560   16.092196805
   -2.570393989   -2.094395102  -74.731098121    1.754373320   16.187079785
   -2.379994435   -2.094395102  -73.447129032   10.870106373   16.042474257
   -2.189594880   -2.094395102  -70.913430751   14.929349950   15.779870537
   -1.999195325   -2.094395102  -68.007243932   15.123032982   15.391820662
   -1.808795770   -2.094395102  -65.256264319   13.704270225   14.739448050
   -1.618396215   -2.094395102  -62.750478411   12.835872569   13.585525612
   -1.427996661   -2.094395102  -60.256792442   13.643852422   11.680749355
   -1.237597106   -2.094395102  -57.458852271   15.895315696    8.887661063
   -1.047197551   -2.094395102  -54.190713660   18.304927894    5.285379220
   -0.856797996   -2.094395102  -50.572316710   19.254181411    1.182739754
   -0.666398442   -2.094395102  -47.025473700   17.312071124   -2.971033969
   -0.475998887   -2.094395102  -44.205611179   11.492006258   -6.735338615
   -0.285599332   -2.094395102  -42.908745059    1.330135879   -9.838032924
   -0.095199777   -2.094395102  -43.942985178  -12.829288123  -12.224818814
    0.095199777   -2.094395102  -47.919425829  -29.094371078  -14.021587954
    0.285599332   -2.094395102  -54.897687795  -43.531805400  -15.397084110
    0.475998887   -2.094395102  -64.022247931  -50.687827660  -16.436596953
    0.666398442   -2.094395102  -73.407181469  -45.653338800  -17.072487347
    0.856797996   -2.094395102  -80.518439211  -26.990902340  -17.131113984
    1.047197551   -2.094395102  -83.046650853    1.419833610  -16.426367882
    1.237597106   -2.094395102  -79.879446208   31.238884165  -14.904318583
    1.427996661   -2.094395102  -71.650809247   53.196811854  -12.670279432
    1.618396215   -2.094395102  -60.518793343   61.133123603   -9.944497540
    1.808795770   -2.094395102  -49.327979264   54.086092414   -6.938127381
    1.999195325   -2.094395102  -40.642305582   35.697469389   -3.766417086
    2.189594880   -2.094395102  -36.082045039   11.771023687   -0.449852885
    2.379994435   -2.094395102  -36.140232677  -11.947317442    2.995272135
    2.570393989   -2.094395102  -40.328013183  -30.983332341    6.451690995
    2.760793544   -2.094395102  -47.447122380  -42.400806301    9.678305118
    2.951193099   -2.094395102  -55.889526362  -44.839060867   12.383282348

   -3.141592654   -1.745329252  -60.745766977  -37.151853723    6.206508578
   -2.951193099   -1.745329252  -66.799946056  -25.798627948    6.294603857
   -2.760793544   -1.745329252  -70.361864638  -11.596022349    6.165844764
   -2.570393989   -1.745329252  -71.278197760    1.422503268    5.965472637
   -2.379994435   -1.745329252  -70.086555952   10.221422328    5.674837555
   -2.189594880   -1.745329252  -67.720849462   13.759237597    5.117469220
   -1.999195325   -1.745329252  -65.116747643   13.045268745    4.058613319
   -1.808795770   -1.745329252  -62.882892726   10.284583250    2.331597776
   -1.618396215   -1.745329252  -61.181427357    7.782478338   -0.081781449
   -1.427996661   -1.745329252  -59.804606208    7.014338477   -3.035428211
   -1.237597106   -1.745329252  -58.381953351    8.214895508   -6.255811854
   -1.047197551   -1.745329252  -56.605078926   10.509027338   -9.401954565
   -0.856797996   -1.745329252  -54.395891859   12.428006374  -12.145009580
   -0.666398442   -1.745329252  -51.982859026   12.348339823  -14.234720182
   -0.475998887   -1.745329252  -49.895012552    8.783589837  -15.548321246
   -0.285599332   -1.745329252  -48.910431293    0.689424319  -16.129898003
   -0.095199777   -1.745329252  -49.919051966  -12.048620867  -16.165315670
    0.095199777   -1.745329252  -53.676494115  -27.703187025  -15.934644299
    0.285599332   -1.745329252  -60.388637832  -42.211279068  -15.702127973
    0.475998887   -1.745329252  -69.298752312  -49.768792560  -15.619747105
    0.666398442   -1.745329252  -78.543528101  -45.057737094  -15.660637996
    0.856797996   -1.745329252  -85.542385816  -26.314179237  -15.634333486
    1.047197551   -1.745329252  -87.894776633    2.662289309  -15.256181140
    1.237597106   -1.745329252  -84.406323839   33.403729906  -14.292209862
    1.427996661   -1.745329252  -75.667874266   56.365408732  -12.648600072
    1.618396215   -1.745329252  -63.846949282   65.152496321  -10.409970581
    1.808795770   -1.745329252  -51.829327747   58.698882518   -7.774442135
    1.999195325   -1.745329252  -42.226030388   40.681107005   -4.964328246
    2.189594880   -1.745329252  -36.695548164   16.941768342   -2.165145918
    2.379994435   -1.745329252  -35.768577179   -6.823975052    0.464133403
    2.570393989   -1.745329252  -39.011932008  -26.259084169    2.753916105
    2.760793544   -1.745329252  -45.301601371  -38.483941599    4.529089183
    2.951193099   -1.745329252  -53.101297850  -42.038278877    5.672470507

   -3.141592654   -1.396263402  -61.681479146  -38.808268320    3.819562582
   -2.951193099   -1.396263402  -68.039302233  -27.232252758    3.176769487
   -2.760793544   -1.396263402  -71.812402015  -12.352823262    2.387115731
   -2.570393989   -1.396263402  -72.806982775    1.295706770    1.565798919
   -2.379994435   -1.396263402  -71.622904038   10.135726110    0.619571169
   -2.189594880   -1.396263402  -69.339007736   12.835382043   -0.721096516
   -1.999195325   -1.396263402  -67.053660121   10.525711035   -2.746494551
   -1.808795770   -1.396263402  -65.478211631    5.895694901   -5.580409375
   -1.618396215   -1.396263402  -64.766070660    1.893623174   -9.065283158
   -1.427996661   -1.396263402  -64.583491725    0.544749759  -12.777513733
   -1.237597106   -1.396263402  -64.355499891    2.339423659  -16.160581647
   -1.047197551   -1.396263402  -63.554430041    6.289116465  -18.701133217
   -0.856797996   -1.396263402  -61.935596645   10.508474707  -20.086697930
   -0.666398442   -1.396263402  -59.656192010   12.831279363  -20.265953348
   -0.475998887   -1.396263402  -57.276637831   11.250951980  -19.422964789
   -0.285599332   -1.396263402  -55.693032044    4.366605846  -17.903213134
   -0.095199777   -1.396263402  -55.960773400   -8.103238767  -16.103740074
    0.095199777   -1.396263402  -59.013524973  -24.378542740  -14.399106837
    0.285599332   -1.396263402  -65.206209774  -40.155090472  -13.048425991
    0.475998887   -1.396263402  -73.868070037  -49.213384312  -12.149997297
    0.666398442   -1.396263402  -83.131451988  -45.721857649  -11.623188402
    0.856797996   -1.396263402  -90.315987548  -27.451941503  -11.250711699
    1.047197551   -1.396263402  -92.852703493    2.012052982  -10.750832036
    1.237597106   -1.396263402  -89.372889311   34.056789783   -9.896611720
    1.427996661   -1.396263402  -80.353051770   58.663524227   -8.580681036
    1.618396215   -1.396263402  -67.950658652   68.872766402   -6.842736992
    1.808795770   -1.396263402  -55.137670644   63.196546288   -4.821055644
    1.999195325   -1.396263402  -44.664984677   45.182591097   -2.686279790
    2.189594880   -1.396263402  -38.331760224   20.770743246   -0.598347866
    2.379994435   -1.396263402  -36.778955386   -4.144246186    1.286063516
    2.570393989   -1.396263402  -39.643121170  -24.980827040    2.793637474
    2.760793544   -1.396263402  -45.824510050  -38.596932729    3.755300564
    2.951193099   -1.396263402  -53.755823019  -43.224092517    4.078525598

   -3.141592654   -1.047197551  -63.761913408  -42.057109439    4.022997976
   -2.951193099   -1.047197551  -70.716254062  -30.149529502    2.437385843
   -2.760793544   -1.047197551  -74.974666430  -14.510504248    0.662348680
   -2.570393989   -1.047197551  -76.312164137   -0.221962959   -1.124981009
   -2.379994435   -1.047197551  -75.406638572    8.582053322   -2.968648064
   -2.189594880   -1.047197551  -73.494136176   10.345923021   -5.122044590
   -1.999195325   -1.047197551  -71.825300828    6.486217545   -7.875507557
   -1.808795770   -1.047197551  -71.166005321    0.396676280  -11.319763601
   -1.618396215   -1.047197551  -71.575053692   -4.180207051  -15.183579546
   -1.427996661   -1.047197551  -72.495986230   -4.730182698  -18.862598305
   -1.237597106   -1.047197551  -73.088582897   -0.814342992  -21.632376171
   -1.047197551   -1.047197551  -72.620051181    6.013248667  -22.932384274
   -0.856797996   -1.047197551  -70.776364785   13.074194346  -22.581999580
   -0.666398442   -1.047197551  -67.790584382   17.515970463  -20.815738043
   -0.475998887   -1.047197551  -64.402157049   16.958413181  -18.156638199
   -0.285599332   -1.047197551  -61.724458316    9.979195532  -15.214077416
   -0.095199777   -1.047197551  -61.006913097   -3.496063044  -12.480443450
    0.095199777   -1.047197551  -63.324028310  -21.316196157  -10.232750527
    0.285599332   -1.047197551  -69.093812418  -38.759014951   -8.499685531
    0.475998887   -1.047197551  -77.627674769  -49.183975729   -7.137285288
    0.666398442   -1.047197551  -86.965798157  -46.418173394   -5.941054514
    0.856797996   -1.047197551  -94.287231835  -28.069499487   -4.759326475
    1.047197551   -1.047197551  -96.873727710    2.188258296   -3.538341713
    1.237597106   -1.047197551  -93.248436652   35.429272744   -2.307526970
    1.427996661   -1.047197551  -83.851360317   61.203963229   -1.107583973
    1.618396215   -1.047197551  -70.882641544   72.184382326    0.053537427
    1.808795770   -1.047197551  -57.411993484   66.683057310    1.206320029
    1.999195325   -1.047197551  -46.306338911   48.248871278    2.381103684
    2.189594880   -1.047197551  -39.468422100   22.933859505    3.556859176
    2.379994435   -1.047197551  -37.617790524   -3.223524378    4.622358721
    2.570393989   -1.047197551  -40.440589898  -25.479964125    5.379902975
    2.760793544   -1.047197551  -46.850551424  -40.462478311    5.603565393
    2.951193099   -1.047197551  -55.241700239  -46.100506550    5.145057598

   -3.141592654   -0.698131701  -63.892215080  -46.025644771    3.020650088
   -2.951193099   -0.698131701  -71.638334224  -34.404342668    0.435299026
   -2.760793544   -0.698131701  -76.696133820  -18.600069781   -2.363101012
   -2.570393989   -0.698131701  -78.785786585   -4.055835640   -5.114187659
   -2.379994435   -0.698131701  -78.610891550    4.655380514   -7.778085878
   -2.189594880   -0.698131701  -77.499918074    5.767493096  -10.544695344
   -1.999195325   -0.698131701  -76.795054270    0.929192719  -13.649989384
   -1.808795770   -0.698131701  -77.268492344   -5.827387053  -17.108529914
   -1.618396215   -0.698131701  -78.849336103  -10.042054979  -20.536900037
   -1.427996661   -0.698131701  -80.740766372   -8.821449438  -23.223477407
   -1.237597106   -0.698131701  -81.845079214   -1.943770019  -24.423853230
   -1.047197551   -0.698131701  -81.267214589    8.287759993  -23.715708111
   -0.856797996   -0.698131701  -78.699160995   18.253466538  -21.212369734
   -0.666398442   -0.698131701  -74.544391583   24.370366508  -17.513517125
   -0.475998887   -0.698131701  -69.810138903   23.989269659  -13.452205065
   -0.285599332   -0.698131701  -65.881527956   15.914852139   -9.769746341
   -0.095199777   -0.698131701  -64.199851526    0.626226760   -6.858815989
    0.095199777   -0.698131701  -65.911767453  -19.033107714   -4.690562751
    0.285599332   -0.698131701  -71.381712189  -37.767094583   -2.901365689
    0.475998887   -0.698131701  -79.783021677  -48.641235605   -1.042394915
    0.666398442   -0.698131701  -88.995949666  -45.551837739    1.148517188
    0.856797996   -0.698131701  -96.082998958  -26.455764760    3.580329400
    1.047197551   -0.698131701  -98.287397125    4.536705359    5.860443756
    1.237597106   -0.698131701  -94.167533219   38.198746620    7.531408226
    1.427996661   -0.698131701  -84.233721454   64.004709492    8.348351327
    1.618396215   -0.698131701  -70.752326009   74.729110413    8.401407364
    1.808795770   -0.698131701  -56.833849772   68.825968229    8.030652335
    1.999195325   -0.698131701  -45.364257879   49.916041076    7.614024860
    2.189594880   -0.698131701  -38.262043646   24.018039644    7.367427047
    2.379994435   -0.698131701  -36.275997168   -2.924182311    7.257983827
    2.570393989   -0.698131701  -39.137401464  -26.225448422    7.043605546
    2.760793544   -0.698131701  -45.804813938  -42.434053949    6.397853669
    2.951193099   -0.698131701  -54.686451207  -49.248031354    5.072411487

   -3.141592654   -0.349065850  -63.141017415  -50.993169445    1.885066076
   -2.951193099   -0.349065850  -71.909895271  -40.055659260   -1.019956691
   -2.760793544   -0.349065850  -78.057106201  -24.283351594   -4.085880563
   -2.570393989   -0.349065850  -81.196361347   -9.361817303   -7.071667881
   -2.379994435   -0.349065850  -81.995226272   -0.306925430   -9.908943168
   -2.189594880   -0.349065850  -81.822569451    0.817742579  -12.705073286
   -1.999195325   -0.349065850  -82.078199302   -4.203165533  -15.574954366
   -1.808795770   -0.349065850  -83.522043108  -10.764669323  -18.410099043
   -1.618396215   -0.349065850  -85.947430322  -13.762448934  -20.752386370
   -1.427996661   -0.349065850  -88.330437681  -10.060657617  -21.917582427
   -1.237597106   -0.349065850  -89.361233275    0.146697094  -21.322958797
   -1.047197551   -0.349065850  -88.066040267   13.628853481  -18.828246330
   -0.856797996   -0.349065850  -84.251058300   25.762901160  -14.872933937
   -0.666398442   -0.349065850  -78.592116973   32.360755137  -10.320540299
   -0.475998887   -0.349065850  -72.423916109   30.821387957   -6.109747105
   -0.285599332   -0.349065850  -67.390021285   20.599543568   -2.873275648
   -0.095199777   -0.349065850  -65.030333947    3.132508637   -0.709642305
    0.095199777   -0.349065850  -66.408612824  -17.835718306    0.809674509
    0.285599332   -0.349065850  -71.670818437  -36.559089531    2.404398214
    0.475998887   -0.349065850  -79.746542106  -46.298465503    4.693985254
    0.666398442   -0.349065850  -88.368385305  -41.722609872    7.836173016
    0.856797996   -0.349065850  -94.624233964  -21.736469670   11.387517132
    1.047197551   -0.349065850  -95.937390249    8.946344033   14.498871686
    1.237597106   -0.349065850  -91.098991773   41.185301180   16.355526810
    1.427996661   -0.349065850  -80.774780172   65.110843891   16.599556026
    1.618396215   -0.349065850  -67.240824743   74.284609689   15.467238176
    1.808795770   -0.349065850  -53.493607512   67.618657297   13.593048950
    1.999195325   -0.349065850  -42.265978378   48.678228513   11.645391463
    2.189594880   -0.349065850  -35.373556377   23.061013666   10.024591244
    2.379994435   -0.349065850  -33.555814450   -3.801741746    8.764612593
    2.570393989   -0.349065850  -36.618953956  -27.569026652    7.619855110
    2.760793544   -0.349065850  -43.633987637  -44.825192531    6.240971562
    2.951193099   -0.349065850  -53.098389271  -52.999253438    4.355240081

   -3.141592654    0.000000000  -62.642817625  -55.835076288    0.374434832
   -2.951193099    0.000000000  -72.390231391  -45.398353262   -2.258573022
   -2.760793544    0.000000000  -79.568290161  -29.685073851   -4.954550750
   -2.570393989    0.000000000  -83.716342431  -14.523640022   -7.548539079
   -2.379994435    0.000000000  -85.470797340   -5.195846594   -9.993660277
   -2.189594880    0.000000000  -86.211055657   -3.885937480  -12.343584684
   -1.999195325    0.000000000  -87.337685278   -8.585032786  -14.603746989
   -1.808795770    0.000000000  -89.538235727  -14.175624002  -16.560543836
   -1.618396215    0.000000000  -92.437230317  -15.129228422  -17.731872051
   -1.427996661    0.000000000  -94.803592313   -8.388495244  -17.543206997
   -1.237597106    0.000000000  -95.196729326    5.134427175  -15.651590913
   -1.047197551    0.000000000  -92.689650747   21.149498490  -12.213329518
   -0.856797996    0.000000000  -87.328541993   34.165052724   -7.902708634
   -0.666398442    0.000000000  -80.136633629   39.769912433   -3.649047998
   -0.475998887    0.000000000  -72.764841843   35.909379912   -0.247008721
   -0.285599332    0.000000000  -67.013166194   23.099126447    1.989737248
   -0.095199777    0.000000000  -64.362108357    3.911445854    3.339469155
    0.095199777    0.000000000  -65.629933278  -17.159633560    4.540734144
    0.285599332    0.000000000  -70.638489491  -34.341189923    6.437846403
    0.475998887    0.000000000  -78.065253995  -41.659367362    9.545570212
    0.666398442    0.000000000  -85.593140352  -35.062065666   13.721132761
    0.856797996    0.000000000  -90.505642740  -14.634312338   18.136482099
    1.047197551    0.000000000  -90.584903722   14.472133732   21.612841726
    1.237597106    0.000000000  -84.968960772   43.669858243   23.180031823
    1.427996661    0.000000000  -74.492854794   64.292574428   22.530091745
    1.618396215    0.000000000  -61.365677846   71.052604983   20.104017622
    1.808795770    0.000000000  -48.351971127   63.389124850   16.791167322
    1.999195325    0.000000000  -37.925942742   44.641807356   13.469912974
    2.189594880    0.000000000  -31.735482727   19.753059528   10.664122873
    2.379994435    0.000000000  -30.484863609   -6.514349824    8.456673055
    2.570393989    0.000000000  -34.048590723  -30.215821137    6.617319884
    2.760793544    0.000000000  -41.608104944  -47.983320249    4.807738620
    2.951193099    0.000000000  -51.752312955  -57.011668713    2.759564043

   -3.141592654    0.349065850  -61.382889623  -58.715897948    0.167202387
   -2.951193099    0.349065850  -71.738142090  -48.870530358   -1.330919320
   -2.760793544    0.349065850  -79.627521637  -33.639826020   -2.824910051
   -2.570393989    0.349065850  -84.561725307  -18.789677890   -4.336098750
   -2.379994435    0.349065850  -87.144220927   -9.594852338   -5.900556068
   -2.189594880    0.349065850  -88.716270605   -8.164024174   -7.527005528
   -1.999195325    0.349065850  -90.610901124  -12.266618003   -9.108781498
   -1.808795770    0.349065850  -93.396837358  -16.494960160  -10.364831280
   -1.618396215    0.349065850  -96.538937122  -15.231351967  -10.877499508
   -1.427996661    0.349065850  -98.668333192   -5.762513301  -10.267369875
   -1.237597106    0.349065850  -98.314501258   10.236035566   -8.425204558
   -1.047197551    0.349065850  -94.681015873   27.634820443   -5.645528848
   -0.856797996    0.349065850  -88.076526109   40.475499860   -2.548514700
   -0.666398442    0.349065850  -79.813826326   44.529182029    0.192173246
   -0.475998887    0.349065850  -71.737798153   38.540912438    2.158505200
   -0.285599332    0.349065850  -65.657236303   24.082099272    3.409112680
   -0.095199777    0.349065850  -62.872149339    4.607649237    4.457111806
    0.095199777    0.349065850  -63.900231479  -15.071494759    6.065763095
    0.285599332    0.349065850  -68.272551954  -29.617611827    8.879229224
    0.475998887    0.349065850  -74.526564082  -34.164670503   13.062301022
    0.666398442    0.349065850  -80.451126793  -26.038717516   18.098024683
    0.856797996    0.349065850  -83.673448148   -6.332275107   22.892580377
    1.047197551    0.349065850  -82.428870104   19.734127704   26.185309221
    1.237597106    0.349065850  -76.219520960   44.537566892   27.101315910
    1.427996661    0.349065850  -65.996542231   60.927338992   25.520811202
    1.618396215    0.349065850  -53.806135196   64.894812765   22.072578275
    1.808795770    0.349065850  -42.077070212   56.370082585   17.773282520
    1.999195325    0.349065850  -32.939015710   38.334474824   13.562749359
    2.189594880    0.349065850  -27.814109481   14.922287359    9.998978945
    2.379994435    0.349065850  -27.339726564   -9.891343859    7.211408882
    2.570393989    0.349065850  -31.446404709  -32.645901923    5.050332659
    2.760793544    0.349065850  -39.429766557  -50.111278891    3.276777359
    2.951193099    0.349065850  -49.994294992  -59.367572673    1.688823468

   -3.141592654    0.698131701  -59.993645277  -59.781497870   -0.353401411
   -2.951193099    0.698131701  -70.578207222  -50.220085797   -0.519618152
   -2.760793544    0.698131701  -78.763748418  -35.389947285   -0.589905912
   -2.570393989    0.698131701  -84.069025798  -20.915075253   -0.764339371
   -2.379994435    0.698131701  -87.081494818  -11.952349012   -1.173755225
   -2.189594880    0.698131701  -89.106370968  -10.508664449   -1.829662572
   -1.999195325    0.698131701  -91.419428924  -14.246902605   -2.608032648
   -1.808795770    0.698131701  -94.513124408  -17.670635406   -3.283648112
   -1.618396215    0.698131701  -97.770199670  -15.209758021   -3.605984101
   -1.427996661    0.698131701  -99.768304194   -4.414957726   -3.403693129
   -1.237597106    0.698131701  -99.051569931   12.606458425   -2.672994279
   -1.047197551    0.698131701  -94.921152763   30.342516308   -1.589070526
   -0.856797996    0.698131701  -87.832504935   42.736835521   -0.413077241
   -0.666398442    0.698131701  -79.224262932   45.865329299    0.667187864
   -0.475998887    0.698131701  -70.975598516   39.112166766    1.670391151
   -0.285599332    0.698131701  -64.795990197   24.734192324    2.886752617
   -0.095199777    0.698131701  -61.778153827    6.625752176    4.774378950
    0.095199777    0.698131701  -62.194850830  -10.513204088    7.778222537
    0.285599332    0.698131701  -65.412863973  -22.066174134   12.057857950
    0.475998887    0.698131701  -69.990751104  -24.341330154   17.289133384
    0.666398442    0.698131701  -73.971465249  -15.839043098   22.628065033
    0.856797996    0.698131701  -75.412223986    1.759480308   26.926477702
    1.047197551    0.698131701  -73.001011055   23.633253196   29.131169468
    1.237597106    0.698131701  -66.525901163   43.428398869   28.720228896
    1.427996661    0.698131701  -56.943836964   55.548298003   25.898999166
    1.618396215    0.698131701  -46.044411753   57.069869852   21.476534912
    1.808795770    0.698131701  -35.872570844   48.149684630   16.486353536
    1.999195325    0.698131701  -28.210828593   31.229941653   11.787104130
    2.189594880    0.698131701  -24.272719315    9.601235331    7.857151085
    2.379994435    0.698131701  -24.640294360  -13.463339852    4.816442541
    2.570393989    0.698131701  -29.291886618  -34.880087593    2.590470239
    2.760793544    0.698131701  -37.613911491  -51.519964771    1.060945510
    2.951193099    0.698131701  -48.406252792  -60.416572688    0.119756042

   -3.141592654    1.047197551  -61.136176393  -59.900375143   -5.178046597
   -2.951193099    1.047197551  -71.677115098  -49.682112291   -4.514922215
   -2.760793544    1.047197551  -79.729655853  -34.585732540   -3.468500681
   -2.570393989    1.047197551  -84.887154068  -20.214903415   -2.371655479
   -2.379994435    1.047197551  -87.795552720  -11.579591686   -1.473611621
   -2.189594880    1.047197551  -89.784262397  -10.486991440   -0.879566881
   -1.999195325    1.047197551  -92.116429417  -14.434377300   -0.570494003
   -1.808795770    1.047197551  -95.248860603  -17.856548651   -0.475627894
   -1.618396215    1.047197551  -98.527623994  -15.235712968   -0.531533289
   -1.427996661    1.047197551 -100.512194229   -4.259519421   -0.696818360
   -1.237597106    1.047197551  -99.755597661   12.836523610   -0.925023665
   -1.047197551    1.047197551  -95.584071127   30.518218124   -1.125063274
   -0.856797996    1.047197551  -88.467634674   42.871923089   -1.134151984
   -0.666398442    1.047197551  -79.817232260   46.244470677   -0.722731378
   -0.475998887    1.047197551  -71.427800810   40.339855554    0.370843783
   -0.285599332    1.047197551  -64.872311395   27.579438847    2.414322688
   -0.095199777    1.047197551  -61.103585889   11.750482890    5.593448878
    0.095199777    1.047197551  -60.309523036   -2.953414039    9.928746813
    0.285599332    1.047197551  -61.899633771  -12.708836862   15.132707359
    0.475998887    1.047197551  -64.635807612  -14.662072736   20.551994885
    0.666398442    1.047197551  -66.899087146   -7.818671055   25.238384294
    0.856797996    1.047197551  -67.121594832    6.274063415   28.209464695
    1.047197551    1.047197551  -64.272892907   23.647365873   28.778695078
    1.237597106    1.047197551  -58.215446256   39.166828548   26.843917907
    1.427996661    1.047197551  -49.754685027   48.311450435   22.903639803
    1.618396215    1.047197551  -40.377318124   48.612832369   17.837924389
    1.808795770    1.047197551  -31.805895931   39.996019317   12.549896869
    1.999195325    1.047197551  -25.592645642   24.250173550    7.676975246
    2.189594880    1.047197551  -22.849782831    4.021193706    3.517504954
    2.379994435    1.047197551  -24.155066083  -17.765059913    0.133421679
    2.570393989    1.047197551  -29.517241348  -38.057936677   -2.471568339
    2.760793544    1.047197551  -38.343054106  -53.630836908   -4.252201679
    2.951193099    1.047197551  -49.437539730  -61.475040735   -5.147063583

   -3.141592654    1.396263402  -65.822111313  -59.582736505  -10.784164824
   -2.951193099    1.396263402  -76.109386030  -47.413367205   -9.719256586
   -2.760793544    1.396263402  -83.598239502  -31.062425268   -8.072965039
   -2.570393989    1.396263402  -88.034009713  -16.291596497   -6.232047457
   -2.379994435    1.396263402  -90.215935772   -7.970538511   -4.475633551
   -2.189594880    1.396263402  -91.584899421   -7.636953976   -2.918418121
   -1.999195325    1.396263402  -93.465377298  -12.564439127   -1.573476538
   -1.808795770    1.396263402  -96.344316903  -17.080433950   -0.460827735
   -1.618396215    1.396263402  -99.583820136  -15.602310964    0.344071187
   -1.427996661    1.396263402 -101.739910135   -5.664888426    0.762725914
   -1.237597106    1.396263402 -101.319361490   10.793719476    0.820759925
   -1.047197551    1.396263402  -97.540168664   28.572447971    0.715512826
   -0.856797996    1.396263402  -90.709752291   41.966243684    0.792091258
   -0.666398442    1.396263402  -82.060006831   47.263671607    1.434940307
   -0.475998887    1.396263402  -73.242395602   43.887079548    2.941632162
   -0.285599332    1.396263402  -65.755091392   33.796642412    5.458112292
   -0.095199777    1.396263402  -60.573558729   20.270400914    8.921982766
    0.095199777    1.396263402  -58.007263271    6.940494073   13.050768011
    0.285599332    1.396263402  -57.691695177   -2.857913313   17.304605716
    0.475998887    1.396263402  -58.690075158   -6.548230158   20.946538287
    0.666398442    1.396263402  -59.700392039   -2.980730874   23.201840582
    0.856797996    1.396263402  -59.391861206    6.939188621   23.522507144
    1.047197551    1.396263402  -56.814152233   20.240912640   21.787091989
    1.237597106    1.396263402  -51.718290044   32.692993887   18.377220817
    1.427996661    1.396263402  -44.665441519   40.241353664   13.991677946
    1.618396215    1.396263402  -36.867618404   40.270600804    9.364983914
    1.808795770    1.396263402  -29.843215277   32.153363942    5.005147613
    1.999195325    1.396263402  -25.057762668   17.085793981    1.102548227
    2.189594880    1.396263402  -23.624441335   -2.596422003   -2.368367468
    2.379994435    1.396263402  -26.143107867  -23.873631348   -5.455555229
    2.570393989    1.396263402  -32.599334781  -43.356810365   -8.071102954
    2.760793544    1.396263402  -42.312294796  -57.532407340   -9.978406869
    2.951193099    1.396263402  -53.969262129  -63.389275524  -10.917452274

   -3.141592654    1.745329252  -71.979860097  -59.118547395  -16.630783755
   -2.951193099    1.745329252  -81.979630930  -44.951176789  -15.665820619
   -2.760793544    1.745329252  -88.863401739  -27.304461199  -13.805220470
   -2.570393989    1.745329252  -92.524700084  -12.040221565  -11.400000452
   -2.379994435    1.745329252  -93.901088937   -3.843583509   -8.735415850
   -2.189594880    1.745329252  -94.526607872   -3.999492929   -5.967623823
   -1.999195325    1.745329252  -95.778798195   -9.635769241   -3.191747147
   -1.808795770    1.745329252  -98.182056936  -15.045402096   -0.553732414
   -1.618396215    1.745329252 -101.129409145  -14.581158357    1.710313087
   -1.427996661    1.745329252 -103.180784079   -5.549036189    3.363502744
   -1.237597106    1.745329252 -102.787440658   10.490161102    4.325727965
   -1.047197551    1.745329252  -99.042118485   28.657942769    4.775625069
   -0.856797996    1.745329252  -92.086359430   43.322715723    5.114836985
   -0.666398442    1.745329252  -83.004087686   50.509527292    5.801453229
   -0.475998887    1.745329252  -73.372118256   49.175036867    7.152348279
   -0.285599332    1.745329252  -64.709243833   40.745675527    9.234541694
   -0.095199777    1.745329252  -58.110566242   28.033009171   11.826392115
    0.095199777    1.745329252  -54.084167285   14.281354883   14.475890767
    0.285599332    1.745329252  -52.522846664    2.646757854   16.572369794
    0.475998887    1.745329252  -52.750720359   -4.135391206   17.505216627
    0.666398442    1.745329252  -53.654106113   -4.294935942   16.857659785
    0.856797996    1.745329252  -53.935371379    2.187360313   14.603844122
    1.047197551    1.745329252  -52.501056519   13.235321604   11.137860999
    1.237597106    1.745329252  -48.828787185   24.996448598    7.150776161
    1.427996661    1.745329252  -43.198985195   33.146195911    3.317635174
    1.618396215    1.745329252  -36.644998122   34.317577611    0.036881089
    1.808795770    1.745329252  -30.658631688   27.114857810   -2.680285532
    1.999195325    1.745329252  -26.795530006   12.327229111   -5.108348167
    2.189594880    1.745329252  -26.286427095   -7.596062709   -7.571025514
    2.379994435    1.745329252  -29.787029313  -29.136789626  -10.205747535
    2.570393989    1.745329252  -37.230641293  -48.327335715  -12.844946002
    2.760793544    1.745329252  -47.793647666  -61.324611815  -15.076597089
    2.951193099    1.745329252  -59.995994279  -65.211511720  -16.435044678

   -3.141592654    2.094395102  -78.702258847  -59.041781388  -18.518160696
   -2.951193099    2.094395102  -88.484788173  -42.817841427  -17.621600679
   -2.760793544    2.094395102  -94.805651175  -23.633567408  -15.722887296
   -2.570393989    2.094395102  -97.670936039   -7.450913622  -13.110337219
   -2.379994435    2.094395102  -98.124546384    1.193762971  -10.022965459
   -2.189594880    2.094395102  -97.772890959    1.181991432   -6.581241729
   -1.999195325    2.094395102  -98.046049106   -4.587634232   -2.859028119
   -1.808795770    2.094395102  -99.529233383  -10.502477983    0.987023668
   -1.618396215    2.094395102 -101.691848735  -10.945217032    4.651604588
   -1.427996661    2.094395102 -103.155681234   -3.026714889    7.758022927
   -1.237597106    2.094395102 -102.373923441   12.108468767   10.030412788
   -1.047197551    2.094395102  -98.358838534   29.988763003   11.439542273
   -0.856797996    2.094395102  -91.114785747   45.131506672   12.217044230
   -0.666398442    2.094395102  -81.596771929   53.318605796   12.719024298
   -0.475998887    2.094395102  -71.327825560   53.006408867   13.228715606
   -0.285599332    2.094395102  -61.876965539   45.051803609   13.815061256
   -0.095199777    2.094395102  -54.487863816   31.843810752   14.276124227
    0.095199777    2.094395102  -49.874192551   16.443514572   14.208527916
    0.285599332    2.094395102  -48.139253019    2.172143267   13.140072518
    0.475998887    2.094395102  -48.750196092   -7.699390787   10.750447245
    0.666398442    2.094395102  -50.603838380  -10.562221259    7.073446376
    0.856797996    2.094395102  -52.245298166   -5.576226117    2.599514107
    1.047197551    2.094395102  -52.301286318    5.630001116   -1.864294452
    1.237597106    2.094395102  -49.944854411   18.958047423   -5.498480057
    1.427996661    2.094395102  -45.259189740   29.281000520   -7.844464555
    1.618396215    2.094395102  -39.257727893   32.244310495   -8.981015707
    1.808795770    2.094395102  -33.577533591   25.771761760   -9.439523579
    1.999195325    2.094395102  -29.996325638   10.543224982   -9.911821125
    2.189594880    2.094395102  -29.932115322  -10.541630455  -10.928859032
    2.379994435    2.094395102  -34.108569876  -33.214504807  -12.644264121
    2.570393989    2.094395102  -42.382639315  -52.800798789  -14.799588801
    2.760793544    2.094395102  -53.749705662  -65.098361670  -16.858055014
    2.951193099    2.094395102  -66.523399811  -67.304320715  -18.231685573

   -3.141592654    2.443460953  -84.969434341  -59.184217683  -12.519002148
   -2.951193099    2.443460953  -94.606648632  -41.193729372  -11.105143416
   -2.760793544    2.443460953 -100.467988852  -20.493457101   -8.965187412
   -2.570393989    2.443460953 -102.614564544   -3.088148913   -6.366685327
   -2.379994435    2.443460953 -102.134161923    6.623712786   -3.485366349
   -2.189594880    2.443460953 -100.651738554    7.610959721   -0.329958290
   -1.999195325    2.443460953  -99.618503064    2.650171208    3.172522706
   -1.808795770    2.443460953  -99.682743326   -2.947560479    7.001542153
   -1.618396215    2.443460953 -100.434531780   -3.820068865   10.908378936
   -1.427996661    2.443460953 -100.642477669    2.927899243   14.443985699
   -1.237597106    2.443460953  -98.874033797   16.479174232   17.136404101
   -1.047197551    2.443460953  -94.176450392   32.827042283   18.704048687
   -0.856797996    2.443460953  -86.506436435   46.841034222   19.162208655
   -0.666398442    2.443460953  -76.733179382   54.340969119   18.752003723
   -0.475998887    2.443460953  -66.316926148   53.521424472   17.754835624
   -0.285599332    2.443460953  -56.831956240   44.814380397   16.307180033
   -0.095199777    2.443460953  -49.606299913   30.238687462   14.310440268
    0.095199777    2.443460953  -45.487549856   12.728774576   11.497913154
    0.285599332    2.443460953  -44.701939395   -4.121912102    7.615326780
    0.475998887    2.443460953  -46.747529661  -16.369254922    2.671904542
    0.666398442    2.443460953  -50.399024605  -20.514969957   -2.891582314
    0.856797996    2.443460953  -53.921522629  -15.055409754   -8.229048448
    1.047197551    2.443460953  -55.591554398   -1.573430151  -12.373899947
    1.237597106    2.443460953  -54.297138355   15.097645760  -14.642771049
    1.427996661    2.443460953  -50.027937518   28.650887238  -14.955184714
    1.618396215    2.443460953  -43.926614475   33.670139887  -13.849953736
    1.808795770    2.443460953  -37.910750755   27.606976919  -12.216454237
    1.999195325    2.443460953  -34.059594701   11.364315727  -10.901457340
    2.189594880    2.443460953  -33.999412726  -11.444398676  -10.411175830
    2.379994435    2.443460953  -38.508439053  -35.713839524  -10.795121759
    2.570393989    2.443460953  -47.351884289  -56.111698163  -11.717146440
    2.760793544    2.443460953  -59.342807738  -68.154055517  -12.634694052
    2.951193099    2.443460953  -72.596648502  -69.164950420  -13.013658189

   -3.141592654    2.792526803  -88.120599356  -57.879250135    0.487371673
   -2.951193099    2.792526803  -97.392694485  -38.721324153    2.589591140
   -2.760793544    2.792526803 -102.693652837  -17.145928865    4.658100174
   -2.570393989    2.792526803 -104.143209633    0.848105502    6.578424338
   -2.379994435    2.792526803 -102.864916273   11.075561016    8.454552618
   -2.189594880    2.792526803 -100.474418343   12.729111723   10.584256142
   -1.999195325    2.792526803  -98.388785315    8.596427180   13.274376164
   -1.808795770    2.792526803  -97.248042292    3.706766040   16.600848147
   -1.618396215    2.792526803  -96.705232340    2.997303827   20.258497870
   -1.427996661    2.792526803  -95.666020133    9.055877707   23.620784334
   -1.237597106    2.792526803  -92.864325493   21.082663497   25.985015368
   -1.047197551    2.792526803  -87.479543223   35.395341563   26.862101411
   -0.856797996    2.792526803  -79.523037864   47.296140173   26.149270715
   -0.666398442    2.792526803  -69.848438400   52.887084870   24.086693508
   -0.475998887    2.792526803  -59.872773814   50.365986970   21.067417488
   -0.285599332    2.792526803  -51.148642294   39.958188172   17.402734284
   -0.095199777    2.792526803  -45.024443666   23.489929930   13.203192885
    0.095199777    2.792526803  -42.384070773    3.946477671    8.417257496
    0.285599332    2.792526803  -43.446240579  -14.648995657    3.012770639
    0.475998887    2.792526803  -47.590087898  -27.653588059   -2.799579044
    0.666398442    2.792526803  -53.335935107  -30.913455254   -8.450031755
    0.856797996    2.792526803  -58.608173384  -22.744135972  -13.109182173
    1.047197551    2.792526803  -61.376256390   -5.273912490  -15.992551357
    1.237597106    2.792526803  -60.385999513   15.531204409  -16.728086222
    1.427996661    2.792526803  -55.717633320   32.160159140  -15.546397629
    1.618396215    2.792526803  -48.794280875   38.485967671  -13.170916543
    1.808795770    2.792526803  -41.879481869   31.994180839  -10.478198169
    1.999195325    2.792526803  -37.329788090   14.206469148   -8.133781263
    2.189594880    2.792526803  -36.905174824  -10.433780764   -6.406286581
    2.379994435    2.792526803  -41.368644424  -36.131670502   -5.186369830
    2.570393989    2.792526803  -50.366214913  -57.164156524   -4.153514154
    2.760793544    2.792526803  -62.548464212  -68.976595371   -2.968234385
    2.951193099    2.792526803  -75.880089929  -69.083081535   -1.423279490
