#! FIELDS phi psi file.free der_phi der_psi
#! SET min_phi -pi
#! SET max_phi pi
#! SET nbins_phi  33
#! SET periodic_phi true
#! SET min_psi -pi
#! SET max_psi pi
#! SET nbins_psi  18
#! SET periodic_psi true
   -3.141592654   -3.141592654 -109.218441592  -53.427586201   17.461795512
   -2.951193099   -3.141592654 -117.624918982  -34.338933587   19.819702203
   -2.760793544   -3.141592654 -122.190669096  -13.986916189   21.210631001
   -2.570393989   -3.141592654 -123.195765235    2.340297676   21.809813904
   -2.379994435   -3.141592654 -121.751511390   11.478212003   22.091628109
   -2.189594880   -3.141592654 -119.283439355   13.363682820   22.686981733
   -1.999195325   -3.141592654 -116.940174163   10.853405134   24.134038734
   -1.808795770   -3.141592654 -115.149463436    8.297607758   26.619906053
   -1.618396215   -3.141592654 -113.524420225    9.613766729   29.832546509
   -1.427996661   -3.141592654 -111.119278055   16.531112557   33.020325197
   -1.237597106   -3.141592654 -106.929031249   27.932421231   35.251267797
   -1.047197551   -3.141592654 -100.395891847   40.440541427   35.744277521
   -0.856797996   -3.141592654  -91.701622244   49.929232818   34.115438730
   -0.666398442   -3.141592654  -81.772103745   52.904555252   30.430754046
   -0.475998887   -3.141592654  -72.055575760   47.561749039   25.102265110
   -0.285599332   -3.141592654  -64.166293362   33.891069192   18.679088716
   -0.095199777   -3.141592654  -59.548394699   13.649363968   11.703312232
    0.095199777   -3.141592654  -59.149318884   -9.709299842    4.642645291
    0.285599332   -3.141592654  -63.106158716  -31.160600018   -2.061072746
    0.475998887   -3.141592654  -70.502779284  -44.888780104   -7.924519279
    0.666398442   -3.141592654  -79.373459001  -46.023589424  -12.410272170
    0.856797996   -3.141592654  -87.098863574  -33.022318391  -15.046817539
    1.047197551   -3.141592654  -91.224807327   -9.128478984  -15.618461494
    1.237597106   -3.141592654  -90.348957152   18.020014058  -14.328372495
    1.427996661   -3.141592654  -84.725675746   39.308656699  -11.758279595
    1.618396215   -3.141592654  -76.200857682   47.679734679   -8.630488702
    1.808795770   -3.141592654  -67.551714066   40.625206109   -5.498557089
    1.999195325   -3.141592654  -61.561282334   20.513469857   -2.552848762
    2.189594880   -3.141592654  -60.204509348   -6.911529053    0.339325300
    2.379994435   -3.141592654  -64.207702208  -34.615484295    3.437090393
    2.570393989   -3.141592654  -72.989798429  -56.167211450    6.888931152
    2.760793544   -3.141592654  -84.913341939  -67.097732102   10.605761347
    2.951193099   -3.141592654  -97.742469053  -65.704424599   14.269940044

   -3.141592654   -2.792526803 -101.395031572  -49.097436562   25.752145676
   -2.951193099   -2.792526803 -109.188270604  -32.251871910   27.900916352
   -2.760793544   -2.792526803 -113.555656243  -13.901988330   28.760650081
   -2.570393989   -2.792526803 -114.671469849    1.276347122   28.686090453
   -2.379994435   -2.792526803 -113.441641324   10.515499578   28.301893977
   -2.189594880   -2.792526803 -111.044534136   13.766180858   28.292912784
   -1.999195325   -2.792526803 -108.424819861   13.427640695   29.145037375
   -1.808795770   -2.792526803 -105.933659795   12.991471960   30.927875044
   -1.618396215   -2.792526803 -103.288657660   15.389476790   33.209701769
   -1.427996661   -2.792526803  -99.818196845   21.622644546   35.167661393
   -1.237597106   -2.792526803  -94.879782678   30.412828395   35.865056677
   -1.047197551   -2.792526803  -88.245643748   38.864668444   34.583487491
   -0.856797996   -2.792526803  -80.288901539   43.766864021   31.055092659
   -0.666398442   -2.792526803  -71.940539276   42.624392386   25.512122791
   -0.475998887   -2.792526803  -64.483219013   34.356867443   18.574107005
   -0.285599332   -2.792526803  -59.266319969   19.297965324   11.011154472
   -0.095199777   -2.792526803  -57.437704765   -0.809726474    3.562695434
    0.095199777   -2.792526803  -59.671829631  -22.700137593   -3.183622930
    0.285599332   -2.792526803  -65.874172316  -41.590189333   -8.784005075
    0.475998887   -2.792526803  -74.944678742  -51.920854892  -12.902926491
    0.666398442   -2.792526803  -84.789619547  -49.177948462  -15.291598624
    0.856797996   -2.792526803  -92.746123249  -32.333453131  -15.852639801
    1.047197551   -2.792526803  -96.425645267   -5.273006858  -14.715890160
    1.237597106   -2.792526803  -94.606946737   23.863748604  -12.287994374
    1.427996661   -2.792526803  -87.787790723   45.841403459   -9.135876953
    1.618396215   -2.792526803  -78.032578271   53.977762513   -5.774648584
    1.808795770   -2.792526803  -68.233368703   46.430803117   -2.460439703
    1.999195325   -2.792526803  -61.160238618   26.171666503    0.873545146
    2.189594880   -2.792526803  -58.694638524   -0.835296692    4.486556466
    2.379994435   -2.792526803  -61.470624942  -27.791904128    8.601838079
    2.570393989   -2.792526803  -68.891564796  -48.779778408   13.198667821
    2.760793544   -2.792526803  -79.404913270  -59.832306597   17.950228339
    2.951193099   -2.792526803  -90.935042093  -59.497047390   22.316865147

   -3.141592654   -2.443460953  -92.780895186  -44.360072316   23.186091786
   -2.951193099   -2.443460953  -99.885203626  -29.746790079   24.783114980
   -2.760793544   -2.443460953 -103.962510642  -13.258588422   25.307103933
   -2.570393989   -2.443460953 -105.066440980    0.932153762   25.121499434
   -2.379994435   -2.443460953 -103.909895254   10.274296747   24.721092941
   -2.189594880   -2.443460953 -101.471807414   14.557758133   24.560569197
   -1.999195325   -2.443460953  -98.567017678   15.630946357   24.892210813
   -1.808795770   -2.443460953  -95.549570704   16.176817349   25.648317875
   -1.618396215   -2.443460953  -92.296486187   18.342189448   26.414807347
   -1.427996661   -2.443460953  -88.416176000   22.698573519   26.536559866
   -1.237597106   -2.443460953  -83.576286775   28.108932554   25.341033850
   -1.047197551   -2.443460953  -77.776107713   32.368770113   22.403994142
   -0.856797996   -2.443460953  -71.450295408   33.257964321   17.716440746
   -0.666398442   -2.443460953  -65.402697605   29.232761844   11.697206267
   -0.475998887   -2.443460953  -60.638322439   19.773808488    5.058351630
   -0.285599332   -2.443460953  -58.169552179    5.305030105   -1.436457390
   -0.095199777   -2.443460953  -58.831450474  -12.773656420   -7.152726358
    0.095199777   -2.443460953  -63.075251875  -31.734924550  -11.695810275
    0.285599332   -2.443460953  -70.687540292  -47.336156475  -14.887738551
    0.475998887   -2.443460953  -80.540868821  -54.419610831  -16.702450777
    0.666398442   -2.443460953  -90.576448335  -48.746410227  -17.192431588
    0.856797996   -2.443460953  -98.213455408  -29.490452398  -16.478840687
    1.047197551   -2.443460953 -101.179386913   -0.737927092  -14.752416757
    1.237597106   -2.443460953  -98.401217094   29.288799824  -12.301983919
    1.427996661   -2.443460953  -90.522932326   51.456680443   -9.445186401
    1.618396215   -2.443460953  -79.711686693   59.439727108   -6.429343369
    1.808795770   -2.443460953  -68.881451046   51.854004955   -3.328516896
    1.999195325   -2.443460953  -60.743810979   32.012201014   -0.034195230
    2.189594880   -2.443460953  -57.087205809    5.883793305    3.636022009
    2.379994435   -2.443460953  -58.486050363  -20.079471911    7.769476198
    2.570393989   -2.443460953  -64.371740899  -40.490284896   12.218819262
    2.760793544   -2.443460953  -73.316012140  -51.818935250   16.595691689
    2.951193099   -2.443460953  -83.424957747  -52.747183064   20.392839949

   -3.141592654   -2.094395102  -86.458554012  -40.766540681   13.752211789
   -2.951193099   -2.094395102  -93.027785553  -27.698751888   14.830786773
   -2.760793544   -2.094395102  -96.841634261  -12.484933100   15.375678771
   -2.570393989   -2.094395102  -97.884682008    0.877469844   15.594561571
   -2.379994435   -2.094395102  -96.781890912    9.834417344   15.650609315
   -2.189594880   -2.094395102  -94.438648035   14.033312314   15.601503054
   -1.999195325   -2.094395102  -91.637164574   15.044120597   15.390919556
   -1.808795770   -2.094395102  -88.762176550   15.180144052   14.855650455
   -1.618396215   -2.094395102  -85.790590907   16.254164722   13.750500824
   -1.427996661   -2.094395102  -82.475887587   18.723906173   11.810174748
   -1.237597106   -2.094395102  -78.621233939   21.694140537    8.852027552
   -1.047197551   -2.094395102  -74.280706772   23.523582334    4.900283589
   -0.856797996   -2.094395102  -69.820914640   22.681356337    0.227709469
   -0.666398442   -2.094395102  -65.856080523   18.179035499   -4.687929120
   -0.475998887   -2.094395102  -63.129570040    9.653083092   -9.290090271
   -0.285599332   -2.094395102  -62.404607893   -2.729055293  -13.114515299
   -0.095199777   -2.094395102  -64.345951054  -18.125596020  -15.893955244
    0.095199777   -2.094395102  -69.349694722  -34.398892319  -17.599874331
    0.285599332   -2.094395102  -77.245112215  -47.729405590  -18.378867117
    0.475998887   -2.094395102  -87.002915175  -53.107571872  -18.454018269
    0.666398442   -2.094395102  -96.667448441  -46.230265096  -18.014282835
    0.856797996   -2.094395102 -103.740622955  -26.117666325  -17.165081875
    1.047197551   -2.094395102 -106.004214606    3.235083348  -15.911405041
    1.237597106   -2.094395102 -102.429981862   33.647847458  -14.239156300
    1.427996661   -2.094395102  -93.700171132   56.015600278  -12.149368219
    1.618396215   -2.094395102  -82.008488437   64.124734039   -9.687737100
    1.808795770   -2.094395102  -70.267152265   56.759912408   -6.909511430
    1.999195325   -2.094395102  -61.155108228   37.371649573   -3.854156086
    2.189594880   -2.094395102  -56.417725894   11.882761672   -0.555651835
    2.379994435   -2.094395102  -56.614854924  -13.506069957    2.901404665
    2.570393989   -2.094395102  -61.223525063  -33.753975430    6.325419415
    2.760793544   -2.094395102  -68.919500280  -45.569781053    9.437520002
    2.951193099   -2.094395102  -77.937015227  -47.628520946   11.962347348

   -3.141592654   -1.745329252  -83.872663117  -38.894855668    4.371440350
   -2.951193099   -1.745329252  -90.161209601  -26.579706480    4.713457317
   -2.760793544   -1.745329252  -93.811685952  -11.861093329    4.965096281
   -2.570393989   -1.745329252  -94.769038150    1.159039690    5.191878067
   -2.379994435   -1.745329252  -93.649715507    9.696403741    5.276194552
   -2.189594880   -1.745329252  -91.394939743   13.177916816    4.953462951
   -1.999195325   -1.745329252  -88.858926325   13.029696072    3.940938500
   -1.808795770   -1.745329252  -86.515156929   11.544721727    2.063461874
   -1.618396215   -1.745329252  -84.417819702   10.678599774   -0.675429800
   -1.427996661   -1.745329252  -82.351409665   11.227271204   -4.094234884
   -1.237597106   -1.745329252  -80.071188212   12.790703591   -7.887413984
   -1.047197551   -1.745329252  -77.484652569   14.208541270  -11.675729483
   -0.856797996   -1.745329252  -74.738605340   14.214453430  -15.078513493
   -0.666398442   -1.745329252  -72.209245487   11.741501699  -17.763815375
   -0.475998887   -1.745329252  -70.451957053    5.984384982  -19.496820647
   -0.285599332   -1.745329252  -70.148211229   -3.512933290  -20.198350850
   -0.095199777   -1.745329252  -72.000065853  -16.523850897  -19.967054970
    0.095199777   -1.745329252  -76.542122988  -31.316548702  -19.082542090
    0.285599332   -1.745329252  -83.792294686  -44.193062244  -17.925913402
    0.475998887   -1.745329252  -92.903848513  -49.959211655  -16.864810055
    0.666398442   -1.745329252 -102.043439361  -43.896434642  -16.116298431
    0.856797996   -1.745329252 -108.747620570  -24.512655231  -15.670350080
    1.047197551   -1.745329252 -110.740475840    4.566240645  -15.287925778
    1.237597106   -1.745329252 -106.891111170   35.293210471  -14.640393990
    1.427996661   -1.745329252  -97.780677878   58.403633133  -13.453438107
    1.618396215   -1.745329252  -85.548968025   67.396773609  -11.635195879
    1.808795770   -1.745329252  -73.107133790   60.800383275   -9.281403435
    1.999195325   -1.745329252  -63.169083922   41.951974815   -6.610041424
    2.189594880   -1.745329252  -57.527704521   16.744487000   -3.868608471
    2.379994435   -1.745329252  -56.794372394   -8.656245998   -1.289059540
    2.570393989   -1.745329252  -60.507530814  -29.265470810    0.923993896
    2.760793544   -1.745329252  -67.411118400  -41.793079106    2.617406823
    2.951193099   -1.745329252  -75.797778760  -44.798096735    3.737061526

   -3.141592654   -1.396263402  -85.715252137  -39.657890499    2.352044977
   -2.951193099   -1.396263402  -92.118399409  -26.942476784    2.136201663
   -2.760793544   -1.396263402  -95.771815106  -11.534817545    1.897158323
   -2.570393989   -1.396263402  -96.614691114    1.943539235    1.633098677
   -2.379994435   -1.396263402  -95.358285923   10.195884528    1.128305985
   -2.189594880   -1.396263402  -93.113092325   12.415999872    0.016047380
   -1.999195325   -1.396263402  -90.909451693   10.198438162   -2.043376457
   -1.808795770   -1.396263402  -89.329632388    6.357853710   -5.178896689
   -1.618396215   -1.396263402  -88.417963806    3.535261102   -9.197233403
   -1.427996661   -1.396263402  -87.821288870    3.137639248  -13.603681949
   -1.237597106   -1.396263402  -87.065015525    5.112382771  -17.749905936
   -1.047197551   -1.396263402  -85.794180564    8.270103365  -21.014985999
   -0.856797996   -1.396263402  -83.932797061   10.974627475  -22.978486747
   -0.666398442   -1.396263402  -81.726310239   11.600181482  -23.490394752
   -0.475998887   -1.396263402  -79.712575646    8.729318130  -22.659135683
   -0.285599332   -1.396263402  -78.666373889    1.383891366  -20.794233732
   -0.095199777   -1.396263402  -79.467471520  -10.589904506  -18.323466309
    0.095199777   -1.396263402  -82.882448835  -25.623118077  -15.733479926
    0.285599332   -1.396263402  -89.167522032  -39.917593058  -13.466963379
    0.475998887   -1.396263402  -97.665289992  -47.860475785  -11.830497275
    0.666398442   -1.396263402 -106.623627861  -44.039224795  -10.905758651
    0.856797996   -1.396263402 -113.517425805  -26.190627222  -10.533113832
    1.047197551   -1.396263402 -115.878736832    2.588236479  -10.363217799
    1.237597106   -1.396263402 -112.329097142   34.298509606  -10.013547492
    1.427996661   -1.396263402 -103.243259994   59.199934333   -9.202343917
    1.618396215   -1.396263402  -90.676605517   70.057462553   -7.847434081
    1.808795770   -1.396263402  -77.592112356   64.741860768   -6.053479324
    1.999195325   -1.396263402  -66.850831915   46.283002706   -4.036378091
    2.189594880   -1.396263402  -60.416354770   20.612645343   -2.032759441
    2.379994435   -1.396263402  -59.039790134   -5.844841262   -0.254202655
    2.570393989   -1.396263402  -62.341289402  -27.769448010    1.128790296
    2.760793544   -1.396263402  -69.081308482  -41.524286824    2.007688056
    2.951193099   -1.396263402  -77.504561078  -45.353928704    2.375733329

   -3.141592654   -1.047197551  -88.516222646  -41.975288218    3.968141392
   -2.951193099   -1.047197551  -95.313818401  -28.698971856    2.721511551
   -2.760793544   -1.047197551  -99.226156354  -12.516790490    1.390873853
   -2.570393989   -1.047197551 -100.205194769    1.385659912    0.054829768
   -2.379994435   -1.047197551  -99.080234785    9.201141649   -1.435424545
   -2.189594880   -1.047197551  -97.147147749    9.980086051   -3.418599592
   -1.999195325   -1.047197551  -95.600708842    5.678453214   -6.236855125
   -1.808795770   -1.047197551  -95.075956543   -0.108029009  -10.000039483
   -1.618396215   -1.047197551  -95.506125370   -3.860556294  -14.416381624
   -1.427996661   -1.047197551  -96.282267948   -3.604599035  -18.811111411
   -1.237597106   -1.047197551  -96.618417037    0.616246842  -22.345107653
   -1.047197551   -1.047197551  -95.901420512    7.054043245  -24.313411676
   -0.856797996   -1.047197551  -93.937603576   13.223198926  -24.395789704
   -0.666398442   -1.047197551  -91.015692785   16.704544940  -22.726234536
   -0.475998887   -1.047197551  -87.844100359   15.566536165  -19.793975451
   -0.285599332   -1.047197551  -85.434473140    8.653224703  -16.253707021
   -0.095199777   -1.047197551  -84.909805282   -4.126969015  -12.723606304
    0.095199777   -1.047197551  -87.249980447  -20.925731630   -9.662399048
    0.285599332   -1.047197551  -92.854659262  -37.509865375   -7.291217974
    0.475998887   -1.047197551 -101.113280765  -47.697399970   -5.609621649
    0.666398442   -1.047197551 -110.207201590  -45.486913371   -4.459226949
    0.856797996   -1.047197551 -117.447183993  -28.196447670   -3.625380526
    1.047197551   -1.047197551 -120.151414132    1.144740371   -2.910071037
    1.237597106   -1.047197551 -116.753425593   34.227100009   -2.176817208
    1.427996661   -1.047197551 -107.525600971   60.738577537   -1.337079505
    1.618396215   -1.047197551  -94.535001053   72.866156928   -0.343865054
    1.808795770   -1.047197551  -80.849759686   68.100417374    0.809769782
    1.999195325   -1.047197551  -69.480255931   49.391794776    2.075588031
    2.189594880   -1.047197551  -62.530670199   22.822371164    3.341834556
    2.379994435   -1.047197551  -60.851760343   -4.918326060    4.435759390
    2.570393989   -1.047197551  -64.108862786  -28.217112285    5.156857580
    2.760793544   -1.047197551  -71.051255721  -43.136179338    5.335766078
    2.951193099   -1.047197551  -79.856131496  -47.646162031    4.910312718

   -3.141592654   -0.698131701  -88.708134293  -45.715289537    4.182667777
   -2.951193099   -0.698131701  -96.229168095  -32.477837474    1.662842806
   -2.760793544   -0.698131701 -100.835958336  -16.009240797   -0.957147613
   -2.570393989   -0.698131701 -102.456522652   -1.914566224   -3.481849134
   -2.379994435   -0.698131701 -101.980672593    5.571919581   -5.951528442
   -2.189594880   -0.698131701 -100.824578266    5.348790344   -8.628971170
   -1.999195325   -0.698131701 -100.289290389   -0.322472902  -11.802805728
   -1.808795770   -0.698131701 -101.016426679   -7.127061243  -15.514341459
   -1.618396215   -0.698131701 -102.793742647  -10.739137604  -19.367133034
   -1.427996661   -0.698131701 -104.739212596   -8.726908366  -22.583039200
   -1.237597106   -0.698131701 -105.764946647   -1.308555314  -24.303234406
   -1.047197551   -0.698131701 -105.049162904    8.993109946  -23.970131672
   -0.856797996   -0.698131701 -102.369738948   18.655774800  -21.585555689
   -0.666398442   -0.698131701  -98.174135668   24.390475380  -17.701541595
   -0.475998887   -0.698131701  -93.455039318   23.847794902  -13.188728217
   -0.285599332   -0.698131701  -89.538569983   15.972569111   -8.905174144
   -0.095199777   -0.698131701  -87.801207200    1.164693044   -5.412814185
    0.095199777   -0.698131701  -89.359813755  -18.003414588   -2.854864879
    0.285599332   -0.698131701  -94.608804106  -36.582519682   -0.987170060
    0.475998887   -0.698131701 -102.813070943  -47.884754512    0.618986922
    0.666398442   -0.698131701 -111.966195870  -45.774269895    2.316556511
    0.856797996   -0.698131701 -119.204066154  -27.809053308    4.183117666
    1.047197551   -0.698131701 -121.739835016    2.519957388    6.009080640
    1.237597106   -0.698131701 -117.991422772   36.473341986    7.467563148
    1.427996661   -0.698131701 -108.279686101   63.499134982    8.353997744
    1.618396215   -0.698131701  -94.745528418   75.748537342    8.709439843
    1.808795770   -0.698131701  -80.526470244   70.773214826    8.764461895
    1.999195325   -0.698131701  -68.690272902   51.576178824    8.767532492
    2.189594880   -0.698131701  -61.392891764   24.245749943    8.824533921
    2.379994435   -0.698131701  -59.537698676   -4.529564374    8.840944400
    2.570393989   -0.698131701  -62.837359646  -29.072690387    8.579464827
    2.760793544   -0.698131701  -70.065814787  -45.265636129    7.781486447
    2.951193099   -0.698131701  -79.381148015  -50.817539668    6.300738382

   -3.141592654   -0.349065850  -87.559631133  -51.108898780    3.363545720
   -2.951193099   -0.349065850  -96.158835111  -38.284429974    0.210860645
   -2.760793544   -0.349065850 -101.861027528  -21.615261573   -2.964125186
   -2.570393989   -0.349065850 -104.503502689   -7.029490941   -5.951249954
   -2.379994435   -0.349065850 -104.965556277    0.771904593   -8.740557504
   -2.189594880   -0.349065850 -104.729670364    0.409990678  -11.501594610
   -1.999195325   -0.349065850 -105.173699653   -5.670452528  -14.400217722
   -1.808795770   -0.349065850 -106.934835567  -12.509042610  -17.354962661
   -1.618396215   -0.349065850 -109.656826612  -15.041423674  -19.897559424
   -1.427996661   -0.349065850 -112.204297269  -10.506829194  -21.288322270
   -1.237597106   -0.349065850 -113.238571075    0.496450558  -20.855010648
   -1.047197551   -0.349065850 -111.821437946   14.470729565  -18.367840279
   -0.856797996   -0.349065850 -107.824391276   26.764000786  -14.217351167
   -0.666398442   -0.349065850 -101.975119332   33.317672647   -9.286361419
   -0.475998887   -0.349065850  -95.632027814   31.687531769   -4.604870295
   -0.285599332   -0.349065850  -90.438532228   21.397704176   -0.945513309
   -0.095199777   -0.349065850  -87.932002359    3.848368774    1.444344328
    0.095199777   -0.349065850  -89.189733240  -17.334112810    2.885891662
    0.285599332   -0.349065850  -94.393797503  -36.521655987    4.076205072
    0.475998887   -0.349065850 -102.527170021  -47.003702975    5.719945640
    0.666398442   -0.349065850 -111.364113319  -43.298364880    8.150023951
    0.856797996   -0.349065850 -117.986291776  -23.947414621   11.132298896
    1.047197551   -0.349065850 -119.727915579    6.783981181   13.987093482
    1.237597106   -0.349065850 -115.219648203   40.019877365   15.971158759
    1.427996661   -0.349065850 -104.957617383   65.682419023   16.684546760
    1.618396215   -0.349065850  -91.138652417   76.616490233   16.237084841
    1.808795770   -0.349065850  -76.841627105   70.826085133   15.100478813
    1.999195325   -0.349065850  -65.032107646   51.307499252   13.788859096
    2.189594880   -0.349065850  -57.801096907   23.810195906   12.586946805
    2.379994435   -0.349065850  -56.062362040   -5.379925659   11.468542002
    2.570393989   -0.349065850  -59.600450985  -30.804032918   10.195132460
    2.760793544   -0.349065850  -67.275742411  -48.273670624    8.490801754
    2.951193099   -0.349065850  -77.294614972  -55.184254910    6.199881229

   -3.141592654    0.000000000  -86.603164034  -56.917027218    1.682005252
   -2.951193099    0.000000000  -96.342275249  -44.343664241   -1.386950388
   -2.760793544    0.000000000 -103.183998306  -27.443660752   -4.337949775
   -2.570393989    0.000000000 -106.892514641  -12.378959085   -7.027833026
   -2.379994435    0.000000000 -108.330481986   -4.159581021   -9.465959463
   -2.189594880    0.000000000 -109.009586530   -4.287024294  -11.767954054
   -1.999195325    0.000000000 -110.324029955  -10.057156652  -13.988995933
   -1.808795770    0.000000000 -112.844651308  -15.936830820  -15.937770721
   -1.618396215    0.000000000 -116.039555981  -16.365839898  -17.121034562
   -1.427996661    0.000000000 -118.547926442   -8.618207556  -16.921267921
   -1.237597106    0.000000000 -118.878892598    5.969441779  -14.938653800
   -1.047197551    0.000000000 -116.130431035   22.751382522  -11.292788188
   -0.856797996    0.000000000 -110.424803283   36.081429721   -6.668006641
   -0.666398442    0.000000000 -102.871006288   41.569245173   -2.058016019
   -0.475998887    0.000000000  -95.192338814   37.276522668    1.638454614
   -0.285599332    0.000000000  -89.236609651   23.834643446    3.995728134
   -0.095199777    0.000000000  -86.513037488    3.906326750    5.207068615
    0.095199777    0.000000000  -87.855349069  -17.958508993    5.985507431
    0.285599332    0.000000000  -93.089469104  -35.927660712    7.230350608
    0.475998887    0.000000000 -100.884534805  -43.935000029    9.595116016
    0.666398442    0.000000000 -108.889532301  -37.759152563   13.129875142
    0.856797996    0.000000000 -114.314570735  -17.226959395   17.197795684
    1.047197551    0.000000000 -114.815412764   12.759831384   20.742888892
    1.237597106    0.000000000 -109.372981141   43.663027874   22.803983036
    1.427996661    0.000000000  -98.692191583   66.456365972   22.967075155
    1.618396215    0.000000000  -84.961735982   75.082684019   21.494878200
    1.808795770    0.000000000  -71.088854164   68.104765853   19.083587927
    1.999195325    0.000000000  -59.830486520   48.365348565   16.450514622
    2.189594880    0.000000000  -53.144513599   21.042225977   14.015827545
    2.379994435    0.000000000  -51.927270766   -8.151196546   11.823806613
    2.570393989    0.000000000  -56.029680157  -34.040798865    9.675119887
    2.760793544    0.000000000  -64.399280494  -52.379265380    7.327036244
    2.951193099    0.000000000  -75.293684915  -60.265951363    4.649140086

   -3.141592654    0.349065850  -84.906427314  -61.059441788    1.092444576
   -2.951193099    0.349065850  -95.461559203  -48.729502522   -0.820757751
   -2.760793544    0.349065850 -103.152308045  -31.934905437   -2.546796578
   -2.570393989    0.349065850 -107.718142899  -16.871362246   -4.128967142
   -2.379994435    0.349065850 -110.006051183   -8.578059967   -5.650025731
   -2.189594880    0.349065850 -111.508444045   -8.466846494   -7.168427137
   -1.999195325    0.349065850 -113.564705453  -13.560838620   -8.621119860
   -1.808795770    0.349065850 -116.628552738  -17.982456349   -9.753058537
   -1.618396215    0.349065850 -120.001313790  -16.045274411  -10.152943010
   -1.427996661    0.349065850 -122.174629650   -5.378307745   -9.429293355
   -1.237597106    0.349065850 -121.624895845   11.852086889   -7.453512246
   -1.047197551    0.349065850 -117.594083736   30.065106750   -4.515012713
   -0.856797996    0.349065850 -110.498107653   43.068906169   -1.252392557
   -0.666398442    0.349065850 -101.776734825   46.632876156    1.621253387
   -0.475998887    0.349065850  -93.385190234   39.675131520    3.639714628
   -0.285599332    0.349065850  -87.200942453   24.000161535    4.819171681
   -0.095199777    0.349065850  -84.547812210    3.299775351    5.647897060
    0.095199777    0.349065850  -85.926796811  -17.424347450    6.893958493
    0.285599332    0.349065850  -90.818967126  -32.682251313    9.249324004
    0.475998887    0.349065850  -97.687597286  -37.493736455   12.978296340
    0.666398442    0.349065850 -104.225527052  -29.075545516   17.701324415
    0.856797996    0.349065850 -107.944018102   -8.405355786   22.460970345
    1.047197551    0.349065850 -106.942672845   19.350155108   26.076169721
    1.237597106    0.349065850 -100.594820249   46.427300452   27.651944191
    1.427996661    0.349065850  -89.780194549   65.196693957   26.944352163
    1.618396215    0.349065850  -76.596027940   70.863054816   24.395761643
    1.808795770    0.349065850  -63.679625696   62.554398436   20.835139388
    1.999195325    0.349065850  -53.490245556   42.870823408   17.067273472
    2.189594880    0.349065850  -47.783777547   16.301795490   13.592287796
    2.379994435    0.349065850  -47.391690819  -12.116557909   10.555918716
    2.570393989    0.349065850  -52.202781093  -37.592557300    7.884756089
    2.760793544    0.349065850  -61.242830956  -55.932910838    5.454981808
    2.951193099    0.349065850  -72.836610319  -64.084544469    3.193426833

   -3.141592654    0.698131701  -83.207319212  -63.143301884    0.513391271
   -2.951193099    0.698131701  -94.159060131  -50.810229763    0.189881216
   -2.760793544    0.698131701 -102.255100353  -34.097955868    0.060083329
   -2.570393989    0.698131701 -107.241760801  -19.111627511   -0.105101736
   -2.379994435    0.698131701 -109.957025313  -10.800266176   -0.457504817
   -2.189594880    0.698131701 -111.868104575  -10.494295243   -1.018501093
   -1.999195325    0.698131701 -114.271279348  -15.117670491   -1.678157338
   -1.808795770    0.698131701 -117.558694749  -18.708952991   -2.236022643
   -1.618396215    0.698131701 -120.964556557  -15.624524945   -2.478515138
   -1.427996661    0.698131701 -122.941012942   -3.749570956   -2.270638212
   -1.237597106    0.698131701 -121.991097274   14.324609914   -1.625797814
   -1.047197551    0.698131701 -117.464597817   32.651749887   -0.709445641
   -0.856797996    0.698131701 -109.929878339   44.975131908    0.258679830
   -0.666398442    0.698131701 -100.950510536   47.413863005    1.150502083
   -0.475998887    0.698131701  -92.504965811   39.570911244    2.038833070
   -0.285599332    0.698131701  -86.353583695   23.959451831    3.236384226
   -0.095199777    0.698131701  -83.592940531    4.709916263    5.181199867
    0.095199777    0.698131701  -84.460974469  -13.301046344    8.268934289
    0.285599332    0.698131701  -88.258858188  -25.312828205   12.614911065
    0.475998887    0.698131701  -93.455542867  -27.517953313   17.891264355
    0.666398442    0.698131701  -97.982555159  -18.312620981   23.301526086
    0.856797996    0.698131701  -99.769612188    0.697441014   27.775327718
    1.047197551    0.698131701  -97.369818030   24.655410166   30.319449941
    1.237597106    0.698131701  -90.463405337   46.951293144   30.409294581
    1.427996661    0.698131701  -79.977199046   61.421316983   28.168006015
    1.618396215    0.698131701  -67.803386056   64.339371600   24.270027660
    1.808795770    0.698131701  -56.242318847   55.127354526   19.614482439
    1.999195325    0.698131701  -47.434783372   35.960377674   14.979318526
    2.189594880    0.698131701  -42.934051468   10.599643337   10.841509008
    2.379994435    0.698131701  -43.502892982  -16.534415921    7.388172641
    2.570393989    0.698131701  -49.051548960  -40.975957123    4.651565007
    2.760793544    0.698131701  -58.663516018  -58.611785928    2.621027288
    2.951193099    0.698131701  -70.724299636  -66.349268254    1.269147973

   -3.141592654    1.047197551  -84.337722485  -63.392015602   -4.281526254
   -2.951193099    1.047197551  -95.258015635  -50.283840369   -3.397465914
   -2.760793544    1.047197551 -103.217179824  -33.246025851   -2.192182056
   -2.570393989    1.047197551 -108.042984018  -18.319677143   -1.020241965
   -2.379994435    1.047197551 -110.630741062  -10.266373297   -0.101274319
   -2.189594880    1.047197551 -112.466870793  -10.226372092    0.511149304
   -1.999195325    1.047197551 -114.836565160  -15.009590010    0.861936950
   -1.808795770    1.047197551 -118.109844146  -18.657354620    0.997867359
   -1.618396215    1.047197551 -121.509307353  -15.619588793    0.912498798
   -1.427996661    1.047197551 -123.496540341   -3.895019094    0.568955321
   -1.237597106    1.047197551 -122.599443902   13.885742865   -0.018289775
   -1.047197551    1.047197551 -118.187302990   31.891175664   -0.713203569
   -0.856797996    1.047197551 -110.811336267   44.131735481   -1.227120574
   -0.666398442    1.047197551 -101.958183621   47.048333641   -1.169902691
   -0.475998887    1.047197551  -93.472766838   40.510346480   -0.149727932
   -0.285599332    1.047197551  -86.949297738   27.051256264    2.142188287
   -0.095199777    1.047197551  -83.345946592   10.523279438    5.826517661
    0.095199777    1.047197551  -82.846347589   -4.823753802   10.782014790
    0.285599332    1.047197551  -84.838962246  -15.044953459   16.564851144
    0.475998887    1.047197551  -88.034806530  -17.093725389   22.413534715
    0.666398442    1.047197551  -90.721940703   -9.744346483   27.352838125
    0.856797996    1.047197551  -91.199607208    5.640354572   30.447792816
    1.047197551    1.047197551  -88.283349886   25.087577821   31.088742373
    1.237597106    1.047197551  -81.711059781   43.149769768   29.225185000
    1.427996661    1.047197551  -72.257614199   54.636832019   25.345597428
    1.618396215    1.047197551  -61.530316041   56.195735339   20.266107996
    1.808795770    1.047197551  -51.534284946   47.010693829   14.817340069
    1.999195325    1.047197551  -44.200384505   28.677447380    9.613292568
    2.189594880    1.047197551  -40.981990349    4.424501987    5.007747259
    2.379994435    1.047197551  -42.618658007  -21.578360499    1.178692726
    2.570393989    1.047197551  -49.019068754  -44.866180901   -1.744268777
    2.760793544    1.047197551  -59.256077792  -61.266402328   -3.640526718
    2.951193099    1.047197551  -71.701526206  -67.729019513   -4.453662150

   -3.141592654    1.396263402  -89.401356292  -61.978055980   -9.778083463
   -2.951193099    1.396263402  -99.866499881  -47.037861641   -8.286558680
   -2.760793544    1.396263402 -107.103227112  -29.047706681   -6.440059028
   -2.570393989    1.396263402 -111.110400651  -14.044918202   -4.608997255
   -2.379994435    1.396263402 -112.928012044   -6.526938972   -2.978702266
   -2.189594880    1.396263402 -114.130870494   -7.348971773   -1.549931169
   -1.999195325    1.396263402 -116.049297193  -13.174062278   -0.271607763
   -1.808795770    1.396263402 -119.086734269  -18.055013626    0.817908731
   -1.618396215    1.396263402 -122.504664236  -16.448385882    1.555420236
   -1.427996661    1.396263402 -124.788304544   -6.160561274    1.761319916
   -1.237597106    1.396263402 -124.427196343   10.623132519    1.424059454
   -1.047197551    1.396263402 -120.656054364   28.609325877    0.806360132
   -0.856797996    1.396263402 -113.801212708   42.163891317    0.418152682
   -0.666398442    1.396263402 -105.093001996   47.672179157    0.838853958
   -0.475998887    1.396263402  -96.171125002   44.556999592    2.504483625
   -0.285599332    1.396263402  -88.536748423   34.619046561    5.573858172
   -0.095199777    1.396263402  -83.205344211   20.934368321    9.862891630
    0.095199777    1.396263402  -80.558210065    7.039596718   14.879508849
    0.285599332    1.396263402  -80.299425205   -3.596876852   19.866770692
    0.475998887    1.396263402  -81.513581337   -8.044028922   23.937307230
    0.666398442    1.396263402  -82.839012105   -4.687568222   26.271802417
    0.856797996    1.396263402  -82.801242670    5.961798663   26.378341057
    1.047197551    1.396263402  -80.255067212   21.026971252   24.245725497
    1.237597106    1.396263402  -74.780962872   35.919292779   20.362928920
    1.427996661    1.396263402  -66.881989960   45.781042135   15.489419998
    1.618396215    1.396263402  -57.889592261   46.989073681   10.371159292
    1.808795770    1.396263402  -49.618446702   38.154520705    5.511509862
    1.999195325    1.396263402  -43.918265756   20.380546747    1.126284047
    2.189594880    1.396263402  -42.223151173   -3.264995772   -2.733898906
    2.379994435    1.396263402  -45.250137206  -28.425693294   -6.012504321
    2.570393989    1.396263402  -52.834494093  -50.342553294   -8.541430661
    2.760793544    1.396263402  -63.932706098  -64.724059659  -10.083963040
    2.951193099    1.396263402  -76.807531683  -68.727354224  -10.476954014

   -3.141592654    1.745329252  -95.722776535  -59.952346367  -16.150427194
   -2.951193099    1.745329252 -105.640498413  -43.447804536  -14.688375416
   -2.760793544    1.745329252 -112.111525766  -24.732894245  -12.625776181
   -2.570393989    1.745329252 -115.287837165   -9.730764092  -10.277155475
   -2.379994435    1.745329252 -116.318473787   -2.618568852   -7.811119032
   -2.189594880    1.745329252 -116.829131577   -4.006152424   -5.250419536
   -1.999195325    1.745329252 -118.174520529  -10.532760379   -2.608915678
   -1.808795770    1.745329252 -120.794875741  -16.372149990   -0.031209913
   -1.618396215    1.745329252 -124.005848856  -16.000592731    2.181587984
   -1.427996661    1.745329252 -126.323441871   -6.932993859    3.714433022
   -1.237597106    1.745329252 -126.183485524    9.200441103    4.464529444
   -1.047197551    1.745329252 -122.658970759   27.643859636    4.671771919
   -0.856797996    1.745329252 -115.839999642   42.948093906    4.873693103
   -0.666398442    1.745329252 -106.734232886   51.166770177    5.671918859
   -0.475998887    1.745329252  -96.861979987   51.017566552    7.459729765
   -0.285599332    1.745329252  -87.754731335   43.460888152   10.261268715
   -0.095199777    1.745329252  -80.611488040   30.862789370   13.699769406
    0.095199777    1.745329252  -76.108092279   16.290683261   17.109463956
    0.285599332    1.745329252  -74.300217785    3.127243517   19.686057447
    0.475998887    1.745329252  -74.596471344   -5.315735044   20.709135426
    0.666398442    1.745329252  -75.840132111   -6.553921932   19.761588897
    0.856797996    1.745329252  -76.562734659    0.019151178   16.909940606
    1.047197551    1.745329252  -75.423485600   12.493676863   12.682750566
    1.237597106    1.745329252  -71.674913519   26.610956395    7.895629256
    1.427996661    1.745329252  -65.501374584   37.132410927    3.303167313
    1.618396215    1.745329252  -58.038082587   39.594220691   -0.660943409
    1.808795770    1.745329252  -51.065599300   31.829289518   -3.966403231
    1.999195325    1.745329252  -46.510082124   14.599221356   -6.849811778
    2.189594880    1.745329252  -45.894650377   -8.839562043   -9.565988570
    2.379994435    1.745329252  -49.955070332  -33.626485205  -12.173972273
    2.570393989    1.745329252  -58.446864056  -54.535152565  -14.465902670
    2.760793544    1.745329252  -70.186673328  -67.140018195  -16.073671682
    2.951193099    1.745329252  -83.311353568  -68.882778810  -16.668698300

   -3.141592654    2.094395102 -102.510964386  -58.604245129  -18.789581231
   -2.951193099    2.094395102 -112.019749141  -40.596240453  -17.460559900
   -2.760793544    2.094395102 -117.848489495  -20.933417686  -15.412432695
   -2.570393989    2.094395102 -120.249018748   -5.445921995  -12.883910496
   -2.379994435    2.094395102 -120.435996916    1.933940958  -10.002969550
   -2.189594880    2.094395102 -120.060634910    0.727349606   -6.771267261
   -1.999195325    2.094395102 -120.499850253   -5.799297748   -3.184880966
   -1.808795770    2.094395102 -122.249274969  -12.047149226    0.621526076
   -1.618396215    2.094395102 -124.715228499  -12.584732290    4.321165567
   -1.427996661    2.094395102 -126.492108060   -4.683449324    7.504546384
   -1.237597106    2.094395102 -126.016322705   10.560148098    9.892868109
   -1.047197551    2.094395102 -122.255355126   28.923813815   11.491086143
   -0.856797996    2.094395102 -115.119513645   45.144630314   12.589195663
   -0.666398442    2.094395102 -105.450183231   54.942667505   13.580236968
   -0.475998887    2.094395102  -94.704460277   56.338519330   14.722725875
   -0.285599332    2.094395102  -84.495992461   49.507324204   15.982937084
   -0.095199777    2.094395102  -76.239297783   36.252915311   17.006373129
    0.095199777    2.094395102  -70.896372234   19.464211380   17.239846464
    0.285599332    2.094395102  -68.798888420    2.833396637   16.121351157
    0.475998887    2.094395102  -69.527441623   -9.563980396   13.329424264
    0.666398442    2.094395102  -71.921704090  -14.197275451    8.977342935
    0.856797996    2.094395102  -74.309430305   -9.519080090    3.676238149
    1.047197551    2.094395102  -75.012263982    3.011845013   -1.654162746
    1.237597106    2.094395102  -72.928554804   18.808380637   -6.118184373
    1.427996661    2.094395102  -68.014558088   31.727813643   -9.220288202
    1.618396215    2.094395102  -61.371186256   36.255749987  -11.019371953
    1.808795770    2.094395102  -54.916199963   29.541884335  -12.016917313
    1.999195325    2.094395102  -50.785472426   12.277300969  -12.851122277
    2.189594880    2.094395102  -50.669683469  -11.801111813  -13.985878327
    2.379994435    2.094395102  -55.352255160  -37.114293968  -15.522385283
    2.570393989    2.094395102  -64.506087962  -57.845094982  -17.202143148
    2.760793544    2.094395102  -76.788353346  -69.374764319  -18.565193111
    2.951193099    2.094395102  -90.181354305  -69.392462998  -19.170897646

   -3.141592654    2.443460953 -108.903317445  -57.942198987  -12.981704568
   -2.951193099    2.443460953 -118.160375385  -38.664141292  -11.334484008
   -2.760793544    2.443460953 -123.515946414  -17.939219292   -9.175719295
   -2.570393989    2.443460953 -125.256407161   -1.521945339   -6.718735786
   -2.379994435    2.443460953 -124.604397060    6.835533251   -4.053288753
   -2.189594880    2.443460953 -123.192902055    6.710495251   -1.101283432
   -1.999195325    2.443460953 -122.393615208    1.180922635    2.279542566
   -1.808795770    2.443460953 -122.751543690   -4.520819615    6.119421862
   -1.618396215    2.443460953 -123.789491692   -5.254092541   10.202948475
   -1.427996661    2.443460953 -124.248234639    1.722149878   14.094832212
   -1.237597106    2.443460953 -122.674685622   15.650983393   17.318206242
   -1.047197551    2.443460953 -118.066521457   32.774854792   19.557697674
   -0.856797996    2.443460953 -110.285585070   48.133474694   20.763193423
   -0.666398442    2.443460953 -100.100915596   57.389867200   21.076443103
   -0.475998887    2.443460953  -88.940200616   58.194919308   20.657188400
   -0.285599332    2.443460953  -78.472968980   50.239878397   19.522855633
   -0.095199777    2.443460953  -70.251536507   34.989128570   17.497753146
    0.095199777    2.443460953  -65.409941651   15.334638625   14.311537691
    0.285599332    2.443460953  -64.410136303   -4.581026292    9.790504325
    0.475998887    2.443460953  -66.837822767  -19.848176371    4.082041361
    0.666398442    2.443460953  -71.362163761  -25.977856566   -2.229319487
    0.856797996    2.443460953  -75.978805449  -20.791089723   -8.204258473
    1.047197551    2.443460953  -78.620623024   -5.795528598  -12.862955588
    1.237597106    2.443460953  -77.881078012   13.591958418  -15.570619688
    1.427996661    2.443460953  -73.616853169   30.004306541  -16.308949272
    1.618396215    2.443460953  -67.055029626   36.876735022  -15.640624653
    1.808795770    2.443460953  -60.385936740   30.919085024  -14.416195408
    1.999195325    2.443460953  -56.033556324   13.063197812  -13.396237214
    2.189594880    2.443460953  -55.883917465  -12.263824205  -12.995891227
    2.379994435    2.443460953  -60.770973547  -38.716435144  -13.213028072
    2.570393989    2.443460953  -70.288823337  -59.923245286  -13.730430598
    2.760793544    2.443460953  -82.945295702  -71.084482879  -14.096859980
    2.951193099    2.443460953  -96.572627770  -70.062596370  -13.914766707

   -3.141592654    2.792526803 -112.175794932  -56.466745282    1.089950652
   -2.951193099    2.792526803 -121.066281502  -36.333858010    3.130802714
   -2.760793544    2.792526803 -125.910062902  -14.937833720    4.979003272
   -2.570393989    2.792526803 -127.028088392    1.997700274    6.596499519
   -2.379994435    2.792526803 -125.654918144   10.913061449    8.165919290
   -2.189594880    2.792526803 -123.395183331   11.585547751   10.052228245
   -1.999195325    2.792526803 -121.570242361    7.103802222   12.624927054
   -1.808795770    2.792526803 -120.698786549    2.430733824   16.027011635
   -1.618396215    2.792526803 -120.347188634    2.274738981   20.015890299
   -1.427996661    2.792526803 -119.379534702    9.022239929   23.991808458
   -1.237597106    2.792526803 -116.509188188   21.831752734   27.213340791
   -1.047197551    2.792526803 -110.888471733   37.143586937   29.071876439
   -0.856797996    2.792526803 -102.479909729   50.315094894   29.280223226
   -0.666398442    2.792526803  -92.100282636   57.234477032   27.872558373
   -0.475998887    2.792526803  -81.199747813   55.590504653   25.074488507
   -0.285599332    2.792526803  -71.475122944   45.011253857   21.124953185
   -0.095199777    2.792526803  -64.512330420   26.989820150   16.192855666
    0.095199777    2.792526803  -61.450416557    4.701621711   10.407945783
    0.285599332    2.792526803  -62.674250360  -17.128901862    3.989767941
    0.475998887    2.792526803  -67.565640236  -32.888184104   -2.615810892
    0.666398442    2.792526803  -74.469578983  -37.591149666   -8.704205395
    0.856797996    2.792526803  -81.011588142  -29.127704363  -13.456649248
    1.047197551    2.792526803  -84.834821835   -9.767755458  -16.225989638
    1.237597106    2.792526803  -84.437295509   13.857158658  -16.826946156
    1.427996661    2.792526803  -79.812837032   33.255358345  -15.634342912
    1.618396215    2.792526803  -72.489773899   41.327408502  -13.410940088
    1.808795770    2.792526803  -64.991522056   34.973914698  -10.962646161
    1.999195325    2.792526803  -59.985414095   15.799278321   -8.823550625
    2.189594880    2.792526803  -59.459128824  -11.005317298   -7.142328264
    2.379994435    2.792526803  -64.219775509  -38.546314065   -5.758211743
    2.570393989    2.792526803  -73.758707397  -60.199929020   -4.391949989
    2.760793544    2.792526803  -86.458386647  -71.167486498   -2.816801307
    2.951193099    2.792526803 -100.042283520  -69.476245108   -0.959235056
