#! FIELDS phi psi file.free der_phi der_psi
#! SET min_phi -pi
#! SET max_phi pi
#! SET nbins_phi  33
#! SET periodic_phi true
#! SET min_psi -pi
#! SET max_psi pi
#! SET nbins_psi  18
#! SET periodic_psi true
   -3.141592654   -3.141592654  -46.242132224  -50.128754198   10.244545484
   -2.951193099   -3.141592654  -54.656461881  -37.049000557   13.016719471
   -2.760793544   -3.141592654  -59.998612250  -18.650941103   15.367255652
   -2.570393989   -3.141592654  -61.778871046   -0.603658065   17.160994941
   -2.379994435   -3.141592654  -60.589519189   11.853723287   18.524595482
   -2.189594880   -3.141592654  -57.778748656   16.354752316   19.772356174
   -1.999195325   -3.141592654  -54.779878422   14.366932409   21.192357747
   -1.808795770   -3.141592654  -52.450531227   10.146611633   22.809191472
   -1.618396215   -3.141592654  -50.758578115    8.333622357   24.283218947
   -1.427996661   -3.141592654  -48.949899786   11.566437494   25.027417893
   -1.237597106   -3.141592654  -46.063091058   19.324554364   24.492608248
   -1.047197551   -3.141592654  -41.499619497   28.489161531   22.450246013
   -0.856797996   -3.141592654  -35.364217754   35.187435919   19.117676927
   -0.666398442   -3.141592654  -28.425434634   36.540655189   15.046104915
   -0.475998887   -3.141592654  -21.816828615   31.783955417   10.863027264
   -0.285599332   -3.141592654  -16.627100502   21.967819125    6.989515396
   -0.095199777   -3.141592654  -13.625524292    9.228497200    3.516715803
    0.095199777   -3.141592654  -13.129515110   -3.903994110    0.262570253
    0.285599332   -3.141592654  -14.961014408  -14.771273053   -3.005721939
    0.475998887   -3.141592654  -18.434891375  -20.767441032   -6.327580544
    0.666398442   -3.141592654  -22.422278011  -19.942503070   -9.417026540
    0.856797996   -3.141592654  -25.569369662  -12.140014722  -11.744278063
    1.047197551   -3.141592654  -26.725877092    0.418773859  -12.787715200
    1.237597106   -3.141592654  -25.368864667   13.492129903  -12.329150489
    1.427996661   -3.141592654  -21.838776241   22.615214115  -10.586037645
    1.618396215   -3.141592654  -17.195551546   24.923419550   -8.108076238
    1.808795770   -3.141592654  -12.814194277   19.974486213   -5.507907926
    1.999195325   -3.141592654   -9.964316211    9.157596133   -3.191132215
    2.189594880   -3.141592654   -9.569055887   -5.457692235   -1.239759559
    2.379994435   -3.141592654  -12.150975303  -21.753138354    0.537726103
    2.570393989   -3.141592654  -17.812671246  -37.368922805    2.441171844
    2.760793544   -3.141592654  -26.151663330  -49.324028882    4.703119019
    2.951193099   -3.141592654  -36.151591556  -54.323146531    7.363200735

   -3.141592654   -2.792526803  -41.508344088  -44.211428405   15.990264755
   -2.951193099   -2.792526803  -48.891045858  -32.262193993   19.207807750
   -2.760793544   -2.792526803  -53.472287555  -15.485482834   21.483003723
   -2.570393989   -2.792526803  -54.800793410    1.046356032   22.735381072
   -2.379994435   -2.792526803  -53.392235130   12.647978810   23.240351414
   -2.189594880   -2.792526803  -50.442460997   17.153864434   23.473655556
   -1.999195325   -2.792526803  -47.242195564   15.725640278   23.835205944
   -1.808795770   -2.792526803  -44.604781132   11.939074052   24.400469370
   -1.618396215   -2.792526803  -42.590982815    9.741646278   24.852356018
   -1.427996661   -2.792526803  -40.640588023   11.464445502   24.636872130
   -1.237597106   -2.792526803  -37.990746665   16.846327830   23.261267634
   -1.047197551   -2.792526803  -34.145133203   23.478228651   20.556703438
   -0.856797996   -2.792526803  -29.161659651   28.260864114   16.773126433
   -0.666398442   -2.792526803  -23.641244379   28.772741608   12.445111252
   -0.475998887   -2.792526803  -18.510456088   24.173745841    8.143550607
   -0.285599332   -2.792526803  -14.708454993   15.050488838    4.213988720
   -0.095199777   -2.792526803  -12.956908211    2.979948269    0.691765410
    0.095199777   -2.792526803  -13.612370945   -9.801933213   -2.618935650
    0.285599332   -2.792526803  -16.552327452  -20.512356903   -5.912839037
    0.475998887   -2.792526803  -21.088956118  -26.093403783   -9.162196495
    0.666398442   -2.792526803  -25.997079771  -24.133006133  -12.022958723
    0.856797996   -2.792526803  -29.765672729  -14.333069775  -13.957726047
    1.047197551   -2.792526803  -31.105655944    0.731034662  -14.496387919
    1.237597106   -2.792526803  -29.458754040   16.145067043  -13.510412576
    1.427996661   -2.792526803  -25.260771771   26.812743678  -11.296538740
    1.618396215   -2.792526803  -19.753522100   29.634149648   -8.434616278
    1.808795770   -2.792526803  -14.492830143   24.409395653   -5.502848993
    1.999195325   -2.792526803  -10.848547190   13.074664340   -2.820868961
    2.189594880   -2.792526803   -9.736548400   -1.763927110   -0.364067122
    2.379994435   -2.792526803  -11.591841026  -17.718591804    2.145081886
    2.570393989   -2.792526803  -16.412800107  -32.522065694    5.026704254
    2.760793544   -2.792526803  -23.740269120  -43.580597251    8.433005220
    2.951193099   -2.792526803  -32.589820014  -48.098454515   12.223406153

   -3.141592654   -2.443460953  -35.674140951  -37.674845421   16.281495869
   -2.951193099   -2.443460953  -41.948121102  -27.288434478   19.002359495
   -2.760793544   -2.443460953  -45.771698479  -12.527402349   20.666749555
   -2.570393989   -2.443460953  -46.716578175    2.208914637   21.266756492
   -2.379994435   -2.443460953  -45.199779996   12.775458003   21.105974852
   -2.189594880   -2.443460953  -42.252936135   17.123451000   20.629485605
   -1.999195325   -2.443460953  -39.029860924   16.022806890   20.185069479
   -1.808795770   -2.443460953  -36.315249436   12.360173718   19.837803534
   -1.618396215   -2.443460953  -34.270048003    9.485054923   19.346498616
   -1.427996661   -2.443460953  -32.511170077    9.564989006   18.311210821
   -1.237597106   -2.443460953  -30.432821028   12.697699227   16.412771618
   -1.047197551   -2.443460953  -27.590931052   17.171692249   13.600901422
   -0.856797996   -2.443460953  -23.959277606   20.540954581   10.139913111
   -0.666398442   -2.443460953  -19.960990489   20.698117634    6.469963874
   -0.475998887   -2.443460953  -16.329289668   16.624913422    3.001647030
   -0.285599332   -2.443460953  -13.879698340    8.423126582   -0.085217103
   -0.095199777   -2.443460953  -13.310105687   -2.857114427   -2.873167612
    0.095199777   -2.443460953  -15.032205607  -15.227099182   -5.603019989
    0.285599332   -2.443460953  -18.987655633  -25.753268453   -8.451690586
    0.475998887   -2.443460953  -24.491730223  -30.920367528  -11.342297927
    0.666398442   -2.443460953  -30.228084677  -27.855014241  -13.886858084
    0.856797996   -2.443460953  -34.532945729  -16.100298181  -15.527998048
    1.047197551   -2.443460953  -35.978351469    1.436826132  -15.794362505
    1.237597106   -2.443460953  -33.966788674   19.195013702  -14.560093622
    1.427996661   -2.443460953  -29.021810460   31.447314341  -12.114913028
    1.618396215   -2.443460953  -22.561064191   34.849947245   -9.025035908
    1.808795770   -2.443460953  -16.316639487   29.438658351   -5.854541901
    1.999195325   -2.443460953  -11.754088572   17.702944464   -2.917535980
    2.189594880   -2.443460953   -9.775807523    2.792864386   -0.194810357
    2.379994435   -2.443460953  -10.723841072  -12.652047314    2.569065927
    2.570393989   -2.443460953  -14.494199341  -26.518352209    5.650064872
    2.760793544   -2.443460953  -20.587365849  -36.681823333    9.136776481
    2.951193099   -2.443460953  -28.081118210  -40.902360038   12.826419237

   -3.141592654   -2.094395102  -30.512519797  -32.677340602   12.665357455
   -2.951193099   -2.094395102  -35.979119191  -23.907350046   14.406987506
   -2.760793544   -2.094395102  -39.340851469  -11.072153718   15.294820065
   -2.570393989   -2.094395102  -40.179676424    1.939148699   15.359330197
   -2.379994435   -2.094395102  -38.835421093   11.342551000   14.814429714
   -2.189594880   -2.094395102  -36.221735201   15.146853935   13.930650561
   -1.999195325   -2.094395102  -33.394806493   13.866268911   12.897383554
   -1.808795770   -2.094395102  -31.107704842    9.989804225   11.740450197
   -1.618396215   -2.094395102  -29.558962255    6.574743215   10.344405805
   -1.427996661   -2.094395102  -28.433982474    5.777618838    8.561000803
   -1.237597106   -2.094395102  -27.169094534    7.964916010    6.341552837
   -1.047197551   -2.094395102  -25.296424303   11.819110436    3.807558010
   -0.856797996   -2.094395102  -22.698033505   15.156203357    1.223043780
   -0.666398442   -2.094395102  -19.681347551   15.866170786   -1.138446073
   -0.475998887   -2.094395102  -16.893385511   12.611638344   -3.123867469
   -0.285599332   -2.094395102  -15.140910788    5.061252300   -4.796056485
   -0.095199777   -2.094395102  -15.188419776   -6.068954799   -6.391009272
    0.095199777   -2.094395102  -17.550233262  -18.796389262   -8.192216892
    0.285599332   -2.094395102  -22.236123149  -29.831911212  -10.344430400
    0.475998887   -2.094395102  -28.537312887  -35.086486970  -12.714668008
    0.666398442   -2.094395102  -35.006048902  -31.201504829  -14.874228826
    0.856797996   -2.094395102  -39.787544579  -17.600974598  -16.246804340
    1.047197551   -2.094395102  -41.287628174    2.416325107  -16.343472256
    1.237597106   -2.094395102  -38.853513460   22.577858391  -15.011563639
    1.427996661   -2.094395102  -33.091290827   36.480339923  -12.500994206
    1.618396215   -2.094395102  -25.596795496   40.500774775   -9.345948954
    1.808795770   -2.094395102  -18.285998859   34.888666264   -6.104320521
    1.999195325   -2.094395102  -12.731635217   22.670474031   -3.121841562
    2.189594880   -2.094395102   -9.836865182    7.523110552   -0.442503264
    2.379994435   -2.094395102   -9.868318964   -7.678456276    2.109156457
    2.570393989   -2.094395102  -12.639428121  -20.975377016    4.738758094
    2.760793544   -2.094395102  -17.626581803  -30.671699303    7.506707019
    2.951193099   -2.094395102  -23.972964170  -34.991121745   10.254215788

   -3.141592654   -1.745329252  -27.248487270  -30.387238237    7.439449659
   -2.951193099   -1.745329252  -32.391466560  -22.831621688    7.886553230
   -2.760793544   -1.745329252  -35.665042561  -11.203111507    7.755749839
   -2.570393989   -1.745329252  -36.625007244    0.850461788    7.134762792
   -2.379994435   -1.745329252  -35.553981814    9.609107630    6.149232511
   -2.189594880   -1.745329252  -33.314698077   12.963130947    4.886517474
   -1.999195325   -1.745329252  -30.946202244   11.215091685    3.371128288
   -1.808795770   -1.745329252  -29.221085147    6.708546611    1.598030959
   -1.618396215   -1.745329252  -28.367471973    2.552468696   -0.400009722
   -1.427996661   -1.745329252  -28.070113893    1.160702393   -2.503060354
   -1.237597106   -1.745329252  -27.705624122    3.230333134   -4.507535827
   -1.047197551   -1.745329252  -26.692920472    7.646570541   -6.185212067
   -0.856797996   -1.745329252  -24.787655069   12.127796819   -7.363881927
   -0.666398442   -1.745329252  -22.218396758   14.198568293   -8.010040592
   -0.475998887   -1.745329252  -19.637979994   12.014857516   -8.247357422
   -0.285599332   -1.745329252  -17.949384179    4.861181412   -8.344805794
   -0.095199777   -1.745329252  -18.060998901   -6.663213398   -8.625790467
    0.095199777   -1.745329252  -20.621477682  -20.347716826   -9.362429792
    0.285599332   -1.745329252  -25.704857294  -32.416594433  -10.646586245
    0.475998887   -1.745329252  -32.561832056  -38.204363995  -12.307905014
    0.666398442   -1.745329252  -39.602669866  -33.916317205  -13.924097388
    0.856797996   -1.745329252  -44.778924057  -18.870540374  -14.952611888
    1.047197551   -1.745329252  -46.323350062    3.281864571  -14.931987063
    1.237597106   -1.745329252  -43.510920845   25.629252760  -13.692250388
    1.427996661   -1.745329252  -37.002285370   41.120989992  -11.418908876
    1.618396215   -1.745329252  -28.545172744   45.808806873   -8.562342631
    1.808795770   -1.745329252  -20.227222348   40.051313769   -5.620607131
    1.999195325   -1.745329252  -13.738454679   27.295800585   -2.936381430
    2.189594880   -1.745329252  -10.012483973   11.663007217   -0.612944186
    2.379994435   -1.745329252   -9.280586565   -3.756638211    1.424802126
    2.570393989   -1.745329252  -11.309532792  -17.095359633    3.286327866
    2.760793544   -1.745329252  -15.566937975  -26.932763577    4.990093708
    2.951193099   -1.745329252  -21.242235015  -31.757937425    6.430391639

   -3.141592654   -1.396263402  -26.829675793  -31.595993922    5.098542537
   -2.951193099   -1.396263402  -32.252366629  -24.509669657    4.881653529
   -2.760793544   -1.396263402  -35.859989551  -12.983407182    4.113382735
   -2.570393989   -1.396263402  -37.148013635   -0.799185508    2.883883779
   -2.379994435   -1.396263402  -36.381021140    8.029871284    1.286849890
   -2.189594880   -1.396263402  -34.460090544   11.132436396   -0.640837165
   -1.999195325   -1.396263402  -32.494583498    8.762455112   -2.905512191
   -1.808795770   -1.396263402  -31.309822307    3.493921264   -5.473848271
   -1.618396215   -1.396263402  -31.123073764   -1.156460557   -8.179431598
   -1.427996661   -1.396263402  -31.530881286   -2.410313726  -10.699304841
   -1.237597106   -1.396263402  -31.772819399    0.553346737  -12.638004756
   -1.047197551   -1.396263402  -31.137757487    6.427932354  -13.678860245
   -0.856797996   -1.396263402  -29.311763069   12.494728664  -13.718478285
   -0.666398442   -1.396263402  -26.545481352   15.809568538  -12.922282862
   -0.475998887   -1.396263402  -23.593156458   14.170236288  -11.660053046
   -0.285599332   -1.396263402  -21.507283855    6.744848566  -10.391434601
   -0.095199777   -1.396263402  -21.344028448   -5.756316882   -9.513040411
    0.095199777   -1.396263402  -23.858445810  -20.800595275   -9.262485120
    0.285599332   -1.396263402  -29.155677510  -34.154841696   -9.644880736
    0.475998887   -1.396263402  -36.425329550  -40.670006093  -10.431608768
    0.666398442   -1.396263402  -43.933461093  -36.191604410  -11.224111150
    0.856797996   -1.396263402  -49.444437503  -19.965709707  -11.586814934
    1.047197551   -1.396263402  -51.025763636    4.050498198  -11.197165943
    1.237597106   -1.396263402  -47.875039393   28.369587865   -9.976859996
    1.427996661   -1.396263402  -40.691935205   45.335794334   -8.098925307
    1.618396215   -1.396263402  -31.357616461   50.653791797   -5.896751685
    1.808795770   -1.396263402  -22.124079912   44.703330432   -3.705180853
    1.999195325   -1.396263402  -14.812476479   31.228230808   -1.732493022
    2.189594880   -1.396263402  -10.422675375   14.694537115   -0.025808151
    2.379994435   -1.396263402   -9.198207526   -1.606071113    1.468446147
    2.570393989   -1.396263402  -10.897959495  -15.788972891    2.800081240
    2.760793544   -1.396263402  -14.988343178  -26.490990243    3.935322522
    2.951193099   -1.396263402  -20.663902801  -32.199177745    4.751950578

   -3.141592654   -1.047197551  -27.331720079  -33.967854516    3.913459838
   -2.951193099   -1.047197551  -33.255159436  -27.345212939    3.102938409
   -2.760793544   -1.047197551  -37.419319992  -15.946971052    1.641744192
   -2.570393989   -1.047197551  -39.266944880   -3.704797306   -0.335106501
   -2.379994435   -1.047197551  -39.052914147    5.088921169   -2.683288799
   -2.189594880   -1.047197551  -37.718709513    7.855295895   -5.326110274
   -1.999195325   -1.047197551  -36.430444528    4.908994313   -8.233809845
   -1.808795770   -1.047197551  -36.027857873   -0.803571856  -11.308807952
   -1.618396215   -1.047197551  -36.654836896   -5.261491241  -14.273133429
   -1.427996661   -1.047197551  -37.751176566   -5.370378939  -16.671227772
   -1.237597106   -1.047197551  -38.377106001   -0.408262949  -18.023250773
   -1.047197551   -1.047197551  -37.702925012    7.804093430  -18.042809938
   -0.856797996   -1.047197551  -35.415308100   15.856062299  -16.786583959
   -0.666398442   -1.047197551  -31.888316007   20.259967775  -14.650275800
   -0.475998887   -1.047197551  -28.072007548   18.606026106  -12.208236471
   -0.285599332   -1.047197551  -25.220229840   10.225233835  -10.013897283
   -0.095199777   -1.047197551  -24.532981627   -3.791572228   -8.417536502
    0.095199777   -1.047197551  -26.826427523  -20.418348232   -7.505081496
    0.285599332   -1.047197551  -32.173898622  -34.967766779   -7.112526953
    0.475998887   -1.047197551  -39.656900809  -41.961896390   -6.929084499
    0.666398442   -1.047197551  -47.389437923  -37.129003416   -6.632064099
    0.856797996   -1.047197551  -52.986919481  -19.857719228   -6.015928185
    1.047197551   -1.047197551  -54.418258326    5.516672306   -5.050550957
    1.237597106   -1.047197551  -50.866289111   31.049470338   -3.863786580
    1.427996661   -1.047197551  -43.095002899   48.727474820   -2.642952816
    1.618396215   -1.047197551  -33.095817839   54.143577693   -1.534354129
    1.808795770   -1.047197551  -23.229589161   47.793791482   -0.582920593
    1.999195325   -1.047197551  -15.390675267   33.650709147    0.261524389
    2.189594880   -1.047197551  -10.610243655   16.370457247    1.090117007
    2.379994435   -1.047197551   -9.138236335   -0.684469967    1.963271662
    2.570393989   -1.047197551  -10.736832338  -15.659388576    2.853109417
    2.760793544   -1.047197551  -14.883741470  -27.222140533    3.619755145
    2.951193099   -1.047197551  -20.783221132  -33.815285662    4.046364666

   -3.141592654   -0.698131701  -27.058486711  -35.860548608    1.812453669
   -2.951193099   -0.698131701  -33.440406507  -30.244492849    0.374430825
   -2.760793544   -0.698131701  -38.237356698  -19.648960576   -1.747025082
   -2.570393989   -0.698131701  -40.845774388   -7.958021243   -4.377471993
   -2.379994435   -0.698131701  -41.481445741    0.427704719   -7.327585618
   -2.189594880   -0.698131701  -41.071536325    2.809081324  -10.476296413
   -1.999195325   -0.698131701  -40.775377493   -0.430149751  -13.738643524
   -1.808795770   -0.698131701  -41.387848883   -6.021205277  -16.931129989
   -1.618396215   -0.698131701  -42.934449350   -9.539187221  -19.665071409
   -1.427996661   -0.698131701  -44.677272474   -7.725844702  -21.397963995
   -1.237597106   -0.698131701  -45.508472287   -0.137360589  -21.654463244
   -1.047197551   -0.698131701  -44.523343792   10.742583025  -20.281533682
   -0.856797996   -0.698131701  -41.473540974   20.756816101  -17.570549338
   -0.666398442   -0.698131701  -36.919196335   25.940469105  -14.159639619
   -0.475998887   -0.698131701  -32.045447486   23.845812351  -10.775973333
   -0.285599332   -0.698131701  -28.309371586   14.175633437   -7.968198384
   -0.095199777   -0.698131701  -27.019560567   -1.416238181   -5.929250600
    0.095199777   -0.698131701  -28.992207636  -19.342536213   -4.501905334
    0.285599332   -0.698131701  -34.209324752  -34.552828621   -3.305604718
    0.475998887   -0.698131701  -41.618446182  -41.493586390   -1.960858876
    0.666398442   -0.698131701  -49.213315978  -36.108446004   -0.296230371
    0.856797996   -0.698131701  -54.550110224  -18.168779808    1.549024195
    1.047197551   -0.698131701  -55.612992829    7.619038620    3.201339502
    1.237597106   -0.698131701  -51.654060861   33.141094399    4.262629150
    1.427996661   -0.698131701  -43.514443533   50.458822519    4.539144342
    1.618396215   -0.698131701  -33.231160129   55.396050964    4.138460751
    1.808795770   -0.698131701  -23.165074860   48.670326081    3.393473976
    1.999195325   -0.698131701  -15.179297659   34.350853242    2.683353263
    2.189594880   -0.698131701  -10.269519830   17.043000065    2.271621911
    2.379994435   -0.698131701   -8.670525423   -0.037619895    2.227921547
    2.570393989   -0.698131701  -10.160992329  -15.212512537    2.434722119
    2.760793544   -0.698131701  -14.265309026  -27.273624695    2.636597980
    2.951193099   -0.698131701  -20.248061388  -34.688602572    2.522049997

   -3.141592654   -0.349065850  -26.766348584  -38.032757889   -0.026748764
   -2.951193099   -0.349065850  -33.683007266  -33.659678289   -1.581096076
   -2.760793544   -0.349065850  -39.232252084  -24.069782243   -3.726866880
   -2.570393989   -0.349065850  -42.747252528  -12.994356441   -6.328913286
   -2.379994435   -0.349065850  -44.372805052   -4.890229822   -9.221564743
   -2.189594880   -0.349065850  -44.984994221   -2.578032654  -12.264019090
   -1.999195325   -0.349065850  -45.702593300   -5.631564876  -15.299920973
   -1.808795770   -0.349065850  -47.248640590  -10.507378933  -18.045986436
   -1.618396215   -0.349065850  -49.516299863  -12.470115661  -20.040930974
   -1.427996661   -0.349065850  -51.599423045   -8.248151508  -20.758601265
   -1.237597106   -0.349065850  -52.262718915    2.157311404  -19.857095657
   -1.047197551   -0.349065850  -50.594103704   15.498931494  -17.402021570
   -0.856797996   -0.349065850  -46.485181339   26.910868193  -13.906010764
   -0.666398442   -0.349065850  -40.734574630   32.134489312  -10.131623280
   -0.475998887   -0.349065850  -34.769870069   28.967587101   -6.778947444
   -0.285599332   -0.349065850  -30.203764241   17.752463264   -4.214563593
   -0.095199777   -0.349065850  -28.364479926    0.866666540   -2.363407371
    0.095199777   -0.349065850  -29.966061917  -17.577463662   -0.804592463
    0.285599332   -0.349065850  -34.824824750  -32.424185730    0.990116292
    0.475998887   -0.349065850  -41.746837166  -38.470715154    3.355111536
    0.666398442   -0.349065850  -48.684440998  -32.321305047    6.209187916
    0.856797996   -0.349065850  -53.283147587  -14.380457155    9.029207467
    1.047197551   -0.349065850  -53.705176720   10.385920261   11.076564634
    1.237597106   -0.349065850  -49.378360762   34.158807999   11.765454820
    1.427996661   -0.349065850  -41.222134495   49.665247327   10.968012616
    1.618396215   -0.349065850  -31.219422098   53.381832233    9.063443199
    1.808795770   -0.349065850  -21.582670486   46.326684200    6.723051070
    1.999195325   -0.349065850  -14.011434238   32.440110226    4.587591472
    2.189594880   -0.349065850   -9.391265866   15.935243568    3.036846224
    2.379994435   -0.349065850   -7.928619351   -0.402987571    2.131422631
    2.570393989   -0.349065850   -9.447205071  -15.226007322    1.688868085
    2.760793544   -0.349065850  -13.564952421  -27.497413960    1.396877680
    2.951193099   -0.349065850  -19.656332987  -35.694924164    0.919067107

   -3.141592654    0.000000000  -27.013784850  -40.166941994   -1.845293702
   -2.951193099    0.000000000  -34.430275849  -36.757677082   -3.276890929
   -2.760793544    0.000000000  -40.655894691  -28.035351481   -5.081743484
   -2.570393989    0.000000000  -44.990205588  -17.589947714   -7.187262585
   -2.379994435    0.000000000  -47.529294357   -9.845748514   -9.501628499
   -2.189594880    0.000000000  -49.096021898   -7.589130214  -11.922406837
   -1.999195325    0.000000000  -50.737098144  -10.216834089  -14.275377593
   -1.808795770    0.000000000  -53.056817736  -13.898190439  -16.230009157
   -1.618396215    0.000000000  -55.782740123  -13.743141955  -17.310913622
   -1.427996661    0.000000000  -57.849226061   -6.734310265  -17.065263398
   -1.237597106    0.000000000  -57.953474061    6.438556149  -15.314644029
   -1.047197551    0.000000000  -55.267832352   21.692251332  -12.317663820
   -0.856797996    0.000000000  -49.907234359   33.617773137   -8.716314817
   -0.666398442    0.000000000  -42.942272860   37.995053281   -5.261979455
   -0.475998887    0.000000000  -36.008978383   33.221342862   -2.494242235
   -0.285599332    0.000000000  -30.784954198   20.487907866   -0.515458120
   -0.095199777    0.000000000  -28.508260379    2.896129373    1.014684390
    0.095199777    0.000000000  -29.701470659  -15.136042956    2.694360480
    0.285599332    0.000000000  -33.982352959  -28.702391652    5.066437479
    0.475998887    0.000000000  -40.055012682  -33.332900016    8.302971042
    0.666398442    0.000000000  -45.934655576  -26.562828352   12.028202408
    0.856797996    0.000000000  -49.490454879   -9.468052834   15.397445534
    1.047197551    0.000000000  -49.177660156   12.976675249   17.443427173
    1.237597106    0.000000000  -44.646497970   33.673334161   17.534825230
    1.427996661    0.000000000  -36.858618647   46.424792969   15.682895177
    1.618396215    0.000000000  -27.646270985   48.562148653   12.512193170
    1.808795770    0.000000000  -18.963844963   41.344088173    8.932674581
    1.999195325    0.000000000  -12.268421672   28.349346451    5.731908249
    2.189594880    0.000000000   -8.304031342   13.154055112    3.325799520
    2.379994435    0.000000000   -7.254832133   -2.023434546    1.737935161
    2.570393989    0.000000000   -9.008556110  -16.169052710    0.736796323
    2.760793544    0.000000000  -13.288505780  -28.352809792   -0.003806238
    2.951193099    0.000000000  -19.578474007  -37.005121520   -0.788896769

   -3.141592654    0.349065850  -26.984193453  -40.913506353   -2.382114236
   -2.951193099    0.349065850  -34.611342324  -38.244310737   -3.224624990
   -2.760793544    0.349065850  -41.205757166  -30.423704198   -4.203318024
   -2.570393989    0.349065850  -46.080116884  -20.854058089   -5.373359363
   -2.379994435    0.349065850  -49.309208123  -13.780916101   -6.763334241
   -2.189594880    0.349065850  -51.659229376  -11.796447911   -8.327395331
   -1.999195325    0.349065850  -54.078542565  -14.056392140   -9.885852883
   -1.808795770    0.349065850  -57.028137567  -16.525322713  -11.100805426
   -1.618396215    0.349065850  -60.071646769  -14.335477697  -11.552857384
   -1.427996661    0.349065850  -62.018242672   -4.864380414  -10.917132062
   -1.237597106    0.349065850  -61.546639244   10.506299173   -9.155087103
   -1.047197551    0.349065850  -57.947626382   27.011863929   -6.586035838
   -0.856797996    0.349065850  -51.554601049   38.940318434   -3.778118395
   -0.666398442    0.349065850  -43.660950110   42.309422225   -1.284701462
   -0.475998887    0.349065850  -36.034366464   36.206788448    0.604355295
   -0.285599332    0.349065850  -30.335958128   22.619361277    2.006751077
   -0.095199777    0.349065850  -27.654574239    5.206806446    3.377126126
    0.095199777    0.349065850  -28.302063391  -11.560356798    5.295528930
    0.285599332    0.349065850  -31.730182032  -23.298844665    8.155633767
    0.475998887    0.349065850  -36.621368542  -26.485425092   11.898216209
    0.666398442    0.349065850  -41.161340947  -19.642971270   15.913529078
    0.856797996    0.349065850  -43.541696695   -4.369635481   19.208927383
    1.047197551    0.349065850  -42.563869634   14.663234298   20.806878135
    1.237597106    0.349065850  -38.089482226   31.412379962   20.195461633
    1.427996661    0.349065850  -31.057560759   40.968693586   17.564560632
    1.618396215    0.349065850  -23.063171973   41.533377175   13.692027116
    1.808795770    0.349065850  -15.728800317   34.470930139    9.561608777
    1.999195325    0.349065850  -10.226684032   22.823532534    5.951261645
    2.189594880    0.349065850   -7.146149697    9.409358382    3.221230258
    2.379994435    0.349065850   -6.650393513   -4.152359601    1.343729134
    2.570393989    0.349065850   -8.692334171  -17.155633020    0.081467520
    2.760793544    0.349065850  -13.095684271  -28.752938630   -0.834793364
    2.951193099    0.349065850  -19.449030870  -37.351562036   -1.611448093

   -3.141592654    0.698131701  -26.928719406  -41.129881783   -3.139542634
   -2.951193099    0.698131701  -34.621500873  -38.732929467   -3.429009057
   -2.760793544    0.698131701  -41.350659509  -31.365049252   -3.560386291
   -2.570393989    0.698131701  -46.454856470  -22.328894992   -3.670294825
   -2.379994435    0.698131701  -50.011904157  -15.726717012   -3.897628929
   -2.189594880    0.698131701  -52.759267297  -13.966097420   -4.298296726
   -1.999195325    0.698131701  -55.578899582  -16.002225531   -4.786448306
   -1.808795770    0.698131701  -58.832589921  -17.677420245   -5.142042079
   -1.618396215    0.698131701  -61.979075228  -14.202002261   -5.101748369
   -1.427996661    0.698131701  -63.760795786   -3.277180141   -4.489975144
   -1.237597106    0.698131701  -62.867715555   13.254994574   -3.321680751
   -1.047197551    0.698131701  -58.685444080   30.252570661   -1.806828246
   -0.856797996    0.698131701  -51.688984807   41.929025220   -0.252537717
   -0.666398442    0.698131701  -43.290728217   44.586055407    1.106945181
   -0.475998887    0.698131701  -35.296454395   37.862466280    2.240011433
   -0.285599332    0.698131701  -29.294592360   24.288453668    3.381374877
   -0.095199777    0.698131701  -26.219918896    7.828296935    4.931999825
    0.095199777    0.698131701  -26.212418985   -7.210930449    7.284767661
    0.285599332    0.698131701  -28.629862502  -17.084686959   10.572320688
    0.475998887    0.698131701  -32.215695054  -19.206991992   14.489833129
    0.666398442    0.698131701  -35.393192250  -12.934004959   18.285605297
    0.856797996    0.698131701  -36.702503061   -0.130897617   20.987998441
    1.047197551    0.698131701  -35.267436438   15.088849512   21.787417646
    1.237597106    0.698131701  -31.098870815   27.860352509   20.406035797
    1.427996661    0.698131701  -25.044932308   34.511347519   17.217659331
    1.618396215    0.698131701  -18.418906967   33.931847607   13.061768693
    1.808795770    0.698131701  -12.503634711   27.401012917    8.862621795
    1.999195325    0.698131701   -8.209230651   17.310840234    5.276198722
    2.189594880    0.698131701   -6.004427360    5.711638247    2.550065369
    2.379994435    0.698131701   -6.059131355   -6.306478640    0.599327046
    2.570393989    0.698131701   -8.401672866  -18.237418949   -0.800132848
    2.760793544    0.698131701  -12.945355305  -29.211562468   -1.840764066
    2.951193099    0.698131701  -19.356341240  -37.545163994   -2.614444311

   -3.141592654    1.047197551  -28.503330417  -42.158913749   -6.703388522
   -2.951193099    1.047197551  -36.326637436  -39.058577321   -7.067152987
   -2.760793544    1.047197551  -43.057269458  -31.084284119   -6.792623858
   -2.570393989    1.047197551  -48.071405935  -21.717504103   -6.031592007
   -2.379994435    1.047197551  -51.505857920  -15.095325208   -5.041421790
   -2.189594880    1.047197551  -54.146407717  -13.485388386   -4.058769505
   -1.999195325    1.047197551  -56.885745744  -15.610359281   -3.206330059
   -1.808795770    1.047197551  -60.054990435  -17.136469400   -2.479741118
   -1.618396215    1.047197551  -63.064005898  -13.267574303   -1.808496457
   -1.427996661    1.047197551  -64.621487888   -1.863517984   -1.129038825
   -1.237597106    1.047197551  -63.422179801   15.015479765   -0.423676281
   -1.047197551    1.047197551  -58.892403600   32.085174652    0.292249355
   -0.856797996    1.047197551  -51.559968006   43.596178393    1.007894333
   -0.666398442    1.047197551  -42.864269244   46.056079956    1.768231956
   -0.475998887    1.047197551  -34.588474106   39.427200270    2.696130676
   -0.285599332    1.047197551  -28.237966739   26.483414637    4.012446711
   -0.095199777    1.047197551  -24.638182477   11.232861889    5.961432940
    0.095199777    1.047197551  -23.842035353   -2.329086760    8.709923981
    0.285599332    1.047197551  -25.210221948  -11.063826320   12.174529800
    0.475998887    1.047197551  -27.617729530  -13.078687910   15.917256925
    0.666398442    1.047197551  -29.733480348   -8.166262720   19.182728565
    0.856797996    1.047197551  -30.376669303    1.909852309   21.133893278
    1.047197551    1.047197551  -28.872671415   13.745365151   21.177527110
    1.237597106    1.047197551  -25.262903808   23.474628365   19.244652420
    1.427996661    1.047197551  -20.244774822   28.258136168   15.815616790
    1.618396215    1.047197551  -14.871478088   27.261617180   11.699744975
    1.808795770    1.047197551  -10.170555467   21.456069185    7.685133293
    1.999195325    1.047197551   -6.893181358   12.600955967    4.256361889
    2.189594880    1.047197551   -5.470482105    2.157696328    1.519202875
    2.379994435    1.047197551   -6.121218714   -9.081016310   -0.688456311
    2.570393989    1.047197551   -8.947225152  -20.580853098   -2.588571102
    2.760793544    1.047197551  -13.908572813  -31.251748598   -4.288436761
    2.951193099    1.047197551  -20.672922612  -39.176798049   -5.721027483

   -3.141592654    1.396263402  -32.358050364  -44.614533186  -10.230157333
   -2.951193099    1.396263402  -40.469631732  -39.569784316  -10.814892887
   -2.760793544    1.396263402  -47.105039671  -29.610860041  -10.385066898
   -2.570393989    1.396263402  -51.686342166  -18.761065984   -9.067122634
   -2.379994435    1.396263402  -54.478470144  -11.441862485   -7.169881984
   -2.189594880    1.396263402  -56.417724508   -9.878513498   -5.042792877
   -1.999195325    1.396263402  -58.516005511  -12.540838459   -2.964428057
   -1.808795770    1.396263402  -61.171060189  -14.824272577   -1.110215304
   -1.618396215    1.396263402  -63.815803626  -11.749099892    0.419893835
   -1.427996661    1.396263402  -65.153252256   -1.049480692    1.577999017
   -1.237597106    1.396263402  -63.849586469   15.339735554    2.374666317
   -1.047197551    1.396263402  -59.278155603   32.254880005    2.897401809
   -0.856797996    1.396263402  -51.894237414   44.029195720    3.300614990
   -0.666398442    1.396263402  -43.057170058   47.155271940    3.779069899
   -0.475998887    1.396263402  -34.480752373   41.533588214    4.522366170
   -0.285599332    1.396263402  -27.614901235   29.808814295    5.708007662
   -0.095199777    1.396263402  -23.260376011   15.825132913    7.450885254
    0.095199777    1.396263402  -21.486746989    3.270428418    9.754320700
    0.285599332    1.396263402  -21.742422344   -5.129645941   12.412921539
    0.475998887    1.396263402  -23.069806451   -7.872305058   14.982432280
    0.666398442    1.396263402  -24.358400437   -4.864692646   16.859383227
    0.856797996    1.396263402  -24.627549012    2.443217494   17.495117170
    1.047197551    1.396263402  -23.303893095   11.366715797   16.617026313
    1.237597106    1.396263402  -20.379160408   18.818708096   14.375403380
    1.427996661    1.396263402  -16.375821362   22.457017499   11.266801440
    1.618396215    1.396263402  -12.125141339   21.431439493    7.915508901
    1.808795770    1.396263402   -8.477925310   16.279742545    4.812077444
    1.999195325    1.396263402   -6.112069985    8.173932263    2.156095399
    2.189594880    1.396263402   -5.486886859   -1.871523341   -0.135145211
    2.379994435    1.396263402   -6.904689470  -13.175003597   -2.288392580
    2.570393989    1.396263402  -10.537555524  -24.961745863   -4.485420938
    2.760793544    1.396263402  -16.346589803  -35.693677791   -6.717940499
    2.951193099    1.396263402  -23.913757242  -43.024734285   -8.754836229

   -3.141592654    1.745329252  -37.056136302  -47.666778990  -13.434924064
   -2.951193099    1.745329252  -45.541387173  -40.361876006  -14.348067523
   -2.760793544    1.745329252  -52.093840955  -27.974085838  -13.895925700
   -2.570393989    1.745329252  -56.163799356  -15.142932595  -12.140831161
   -2.379994435    1.745329252  -58.142764985   -6.671197927   -9.407684276
   -2.189594880    1.745329252  -59.135225893   -4.841930848   -6.135876725
   -1.999195325    1.745329252  -60.307477089   -7.947819039   -2.751378513
   -1.808795770    1.745329252  -62.167830300  -11.123920129    0.384575075
   -1.618396215    1.745329252  -64.210118195   -9.133522032    2.976913862
   -1.427996661    1.745329252  -65.149530313    0.544145794    4.816465459
   -1.237597106    1.745329252  -63.617108610   16.212810636    5.835546278
   -1.047197551    1.745329252  -58.911734146   32.862937666    6.154502773
   -0.856797996    1.745329252  -51.397513158   44.852222593    6.055565583
   -0.666398442    1.745329252  -42.352323177   48.546397528    5.894330368
   -0.475998887    1.745329252  -33.440483953   43.675578510    5.975971593
   -0.285599332    1.745329252  -26.093507499   32.701253264    6.493743369
   -0.095199777    1.745329252  -21.128556828   19.302772977    7.482695204
    0.095199777    1.745329252  -18.665940694    6.943097987    8.825887651
    0.285599332    1.745329252  -18.251456404   -1.887825051   10.249860278
    0.475998887    1.745329252  -19.062462604   -5.821059008   11.373900553
    0.666398442    1.745329252  -20.126403045   -4.626706069   11.812526550
    0.856797996    1.745329252  -20.543633508    0.664346774   11.331914543
    1.047197551    1.745329252  -19.725581394    7.944528945    9.944072336
    1.237597106    1.745329252  -17.548214819   14.538708410    7.925041318
    1.427996661    1.745329252  -14.372526037   18.169238833    5.674455941
    1.618396215    1.745329252  -10.892529558   17.678077500    3.542373236
    1.808795770    1.745329252   -7.900156743   13.126522995    1.684364032
    1.999195325    1.745329252   -6.103504704    5.266802627    0.025621443
    2.189594880    1.745329252   -6.051638983   -5.075624155   -1.668716614
    2.379994435    1.745329252   -8.144977909  -17.113810393   -3.656664516
    2.570393989    1.745329252  -12.607009744  -29.699359323   -6.065059425
    2.760793544    1.745329252  -19.363681969  -40.791187272   -8.776438715
    2.951193099    1.745329252  -27.869072096  -47.603476889  -11.412115388

   -3.141592654    2.094395102  -42.045211016  -51.028967225  -13.188479856
   -2.951193099    2.094395102  -50.952292554  -41.335334069  -13.980821983
   -2.760793544    2.094395102  -57.435431181  -26.282511764  -13.367435307
   -2.570393989    2.094395102  -60.952812038  -11.131645352  -11.373260309
   -2.379994435    2.094395102  -62.005682594   -1.101234045   -8.274445898
   -2.189594880    2.094395102  -61.860240238    1.393385818   -4.465805037
   -1.999195325    2.094395102  -61.848373187   -1.871758623   -0.361797292
   -1.808795770    2.094395102  -62.621811466   -5.882320537    3.625770563
   -1.618396215    2.094395102  -63.785541045   -5.207772407    7.081399949
   -1.427996661    2.094395102  -64.121258164    2.952454288    9.628252112
   -1.237597106    2.094395102  -62.265126937   17.260757833   11.033011482
   -1.047197551    2.094395102  -57.452726380   33.031775220   11.308040594
   -0.856797996    2.094395102  -49.938275094   44.780831207   10.722064782
   -0.666398442    2.094395102  -40.883655174   48.769589762    9.704494656
   -0.475998887    2.094395102  -31.876699675   44.459400491    8.676281639
   -0.285599332    2.094395102  -24.329275002   33.981966021    7.919331030
   -0.095199777    2.094395102  -19.097120475   20.758495555    7.493165887
    0.095199777    2.094395102  -16.377949900    8.094752810    7.252382332
    0.285599332    2.094395102  -15.812502734   -1.531975642    6.914808568
    0.475998887    2.094395102  -16.659895313   -6.597235366    6.195009703
    0.666398442    2.094395102  -17.984317466   -6.549605934    4.945647305
    0.856797996    2.094395102  -18.852558457   -2.062077054    3.260745822
    1.047197551    2.094395102  -18.583658886    5.019275174    1.442920289
    1.237597106    2.094395102  -16.934478117   11.997642872   -0.125527476
    1.427996661    2.094395102  -14.177811832   16.330669237   -1.183303193
    1.618396215    2.094395102  -10.984439217   16.462050366   -1.710059582
    1.808795770    2.094395102   -8.195675758   12.116587180   -1.928849137
    1.999195325    2.094395102   -6.618157714    3.876004323   -2.200377412
    2.189594880    2.094395102   -6.912840368   -7.401507648   -2.886910203
    2.379994435    2.094395102   -9.566528189  -20.696287050   -4.231178076
    2.570393989    2.094395102  -14.827120944  -34.446988244   -6.267194570
    2.760793544    2.094395102  -22.556383506  -46.118720994   -8.770317743
    2.951193099    2.094395102  -32.054166154  -52.508069924  -11.275486822

   -3.141592654    2.443460953  -46.350984033  -53.719602284   -8.235999320
   -2.951193099    2.443460953  -55.577165315  -41.911733163   -8.078277722
   -2.760793544    2.443460953  -61.938314580  -24.416269550   -6.853837004
   -2.570393989    2.443460953  -64.876276364   -6.970275833   -4.652724598
   -2.379994435    2.443460953  -64.954452734    4.877551777   -1.702209997
   -2.189594880    2.443460953  -63.548303012    8.539680406    1.745344023
   -1.999195325    2.443460953  -62.123393693    5.691159783    5.447885054
   -1.808795770    2.443460953  -61.483113037    1.258504925    9.117730090
   -1.618396215    2.443460953  -61.395825125    0.655263769   12.362558189
   -1.427996661    2.443460953  -60.793320280    6.857429411   14.724054034
   -1.237597106    2.443460953  -58.406243607   18.929212207   15.831485070
   -1.047197551    2.443460953  -53.474307754   32.694109087   15.576958661
   -0.856797996    2.443460953  -46.164629743   43.087869693   14.186675414
   -0.666398442    2.443460953  -37.497047139   46.509731408   12.132544514
   -0.475998887    2.443460953  -28.921054483   42.262354551    9.924107846
   -0.285599332    2.443460953  -21.761657797   32.107780985    7.907714290
   -0.095199777    2.443460953  -16.864049050   19.064136387    6.149595728
    0.095199777    2.443460953  -14.482168240    6.163682173    4.472994289
    0.285599332    2.443460953  -14.342512927   -4.133459416    2.602053610
    0.475998887    2.443460953  -15.764963136  -10.027960057    0.368350534
    0.666398442    2.443460953  -17.801631963  -10.498560201   -2.133737316
    0.856797996    2.443460953  -19.417124457   -5.813519946   -4.524780865
    1.047197551    2.443460953  -19.777766371    2.292529536   -6.299478594
    1.237597106    2.443460953  -18.505900602   10.809534094   -7.073981950
    1.427996661    2.443460953  -15.828993662   16.625344123   -6.795341085
    1.618396215    2.443460953  -12.482737884   17.643410505   -5.767501673
    1.808795770    2.443460953   -9.453158500   13.319779452   -4.507976517
    1.999195325    2.443460953   -7.711122682    4.285016729   -3.531969292
    2.189594880    2.443460953   -8.049956774   -8.334173790   -3.192883476
    2.379994435    2.443460953  -11.026293530  -23.147095586   -3.614900992
    2.570393989    2.443460953  -16.882095788  -38.173033186   -4.693849699
    2.760793544    2.443460953  -25.393845469  -50.471959821   -6.125393784
    2.951193099    2.443460953  -35.706075886  -56.535305918   -7.465408935

   -3.141592654    2.792526803  -48.239698821  -53.708505860    0.479446133
   -2.951193099    2.792526803  -57.331212003  -40.498319318    1.948411401
   -2.760793544    2.792526803  -63.288939962  -21.625143829    3.803029507
   -2.570393989    2.792526803  -65.583513174   -3.055118037    5.924931235
   -2.379994435    2.792526803  -64.833439067    9.615733863    8.254055811
   -2.189594880    2.792526803  -62.466986722   13.849399970   10.816118509
   -1.999195325    2.792526803  -59.997381343   11.298620728   13.630980106
   -1.808795770    2.792526803  -58.294963366    6.710648585   16.555636302
   -1.618396215    2.792526803  -57.237772830    5.259047193   19.195854520
   -1.427996661    2.792526803  -55.901833418    9.837166963   20.985837227
   -1.237597106    2.792526803  -53.149248123   19.734579339   21.421372031
   -1.047197551    2.792526803  -48.280001986   31.268346794   20.306694019
   -0.856797996    2.792526803  -41.418719996   39.914274810   17.865253345
   -0.666398442    2.792526803  -33.459034277   42.378627395   14.637299402
   -0.475998887    2.792526803  -25.700496020   37.903064032   11.233974563
   -0.285599332    2.792526803  -19.360144313   27.888209868    8.076231199
   -0.095199777    2.792526803  -15.254897350   14.924236644    5.262410359
    0.095199777    2.792526803  -13.677717532    1.795877674    2.613979659
    0.285599332    2.792526803  -14.410797136   -8.943014674   -0.132160752
    0.475998887    2.792526803  -16.780745324  -15.095912574   -3.085400557
    0.666398442    2.792526803  -19.757965450  -15.158758289   -6.048895670
    0.856797996    2.792526803  -22.150013245   -9.146998358   -8.548620851
    1.047197551    2.792526803  -22.958351501    1.018280923  -10.045233520
    1.237597106    2.792526803  -21.716715021   11.738983273  -10.221477455
    1.427996661    2.792526803  -18.691985259   19.214125182   -9.162234475
    1.618396215    2.792526803  -14.771760996   20.904712614   -7.318608948
    1.808795770    2.792526803  -11.139704133   16.238613414   -5.291069595
    1.999195325    2.792526803   -8.934269893    6.153675949   -3.573070992
    2.189594880    2.792526803   -9.042416975   -7.788088363   -2.402933781
    2.379994435    2.792526803  -12.033722991  -23.802463422   -1.752814555
    2.570393989    2.792526803  -18.097084931  -39.608864364   -1.412341376
    2.760793544    2.792526803  -26.908664012  -52.074533672   -1.092475823
    2.951193099    2.792526803  -37.486763963  -57.619171983   -0.522305942
