#! FIELDS phi psi file.free der_phi der_psi
#! SET min_phi -pi
#! SET max_phi pi
#! SET nbins_phi  33
#! SET periodic_phi true
#! SET min_psi -pi
#! SET max_psi pi
#! SET nbins_psi  18
#! SET periodic_psi true
   -3.141592654   -3.141592654  -74.363330602  -53.898506729   14.570437049
   -2.951193099   -3.141592654  -83.034178534  -36.363358753   17.399807733
   -2.760793544   -3.141592654  -88.006450462  -15.937625340   19.395819303
   -2.570393989   -3.141592654  -89.272329079    1.732553417   20.568494384
   -2.379994435   -3.141592654  -87.786625961   12.526978754   21.259449124
   -2.189594880   -3.141592654  -85.007286393   15.457671695   22.014669811
   -1.999195325   -3.141592654  -82.251077635   12.924294965   23.314892062
   -1.808795770   -3.141592654  -80.148913670    9.388757906   25.294289928
   -1.618396215   -3.141592654  -78.461047564    9.152925021   27.605445266
   -1.427996661   -3.141592654  -76.312457016   14.313492871   29.523662121
   -1.237597106   -3.141592654  -72.717226934   23.943943512   30.256084818
   -1.047197551   -3.141592654  -67.112603767   34.729124001   29.282248353
   -0.856797996   -3.141592654  -59.658815339   42.701829328   26.558251911
   -0.666398442   -3.141592654  -51.207729322   44.763236142   22.469895137
   -0.475998887   -3.141592654  -43.044285168   39.643852254   17.615317034
   -0.285599332   -3.141592654  -36.524388770   27.713702102   12.510527152
   -0.095199777   -3.141592654  -32.800608356   10.675729560    7.424292939
    0.095199777   -3.141592654  -32.590899682   -8.622923841    2.378633859
    0.285599332   -3.141592654  -35.958221699  -26.120987019   -2.665935841
    0.475998887   -3.141592654  -42.101845169  -36.983242811   -7.579764039
    0.666398442   -3.141592654  -49.331407004  -36.986391179  -11.931643661
    0.856797996   -3.141592654  -55.385841029  -24.793978041  -15.082548690
    1.047197551   -3.141592654  -58.162653776   -3.397939841  -16.463387336
    1.237597106   -3.141592654  -56.524850882   20.230057621  -15.900391824
    1.427996661   -3.141592654  -50.829640695   37.975198858  -13.731330390
    1.618396215   -3.141592654  -42.817887802   43.933014636  -10.647493742
    1.808795770   -3.141592654  -34.957772677   36.485860071   -7.357452143
    1.999195325   -3.141592654  -29.618015401   18.155077457   -4.282694572
    2.189594880   -3.141592654  -28.423162911   -6.130561932   -1.467146519
    2.379994435   -3.141592654  -31.978490283  -30.839462697    1.311689380
    2.570393989   -3.141592654  -39.874818773  -50.967216001    4.315019021
    2.760793544   -3.141592654  -50.847290715  -62.631011621    7.651423232
    2.951193099   -3.141592654  -63.035415923  -63.572773142   11.183522313

   -3.141592654   -2.792526803  -67.641928699  -48.113685890   21.938629303
   -2.951193099   -2.792526803  -75.391850940  -32.566814300   24.799336679
   -2.760793544   -2.792526803  -79.847527158  -14.279975272   26.396857658
   -2.570393989   -2.792526803  -80.962436797    1.806619817   26.894075779
   -2.379994435   -2.792526803  -79.528384585   12.120179034   26.795363638
   -2.189594880   -2.792526803  -76.774384086   15.777675138   26.742531649
   -1.999195325   -2.792526803  -73.822066809   14.724779689   27.219081705
   -1.808795770   -2.792526803  -71.237766640   12.551051780   28.299428444
   -1.618396215   -2.792526803  -68.894480199   12.640077023   29.576619140
   -1.427996661   -2.792526803  -66.174231317   16.562748430   30.317117713
   -1.237597106   -2.792526803  -62.388257949   23.510305914   29.782570388
   -1.047197551   -2.792526803  -57.188725475   30.877570772   27.547134309
   -0.856797996   -2.792526803  -50.785562076   35.635607906   23.662750091
   -0.666398442   -2.792526803  -43.915436257   35.436906769   18.588746682
   -0.475998887   -2.792526803  -37.647408889   29.264688697   12.974131771
   -0.285599332   -2.792526803  -33.122149012   17.283708147    7.372216056
   -0.095199777   -2.792526803  -31.341800926    0.755790191    2.095894507
    0.095199777   -2.792526803  -32.952992645  -17.797150673   -2.781329546
    0.285599332   -2.792526803  -37.981305878  -34.337557897   -7.253124425
    0.475998887   -2.792526803  -45.564851051  -43.779504816  -11.195459441
    0.666398442   -2.792526803  -53.897974883  -41.646062706  -14.276438401
    0.856797996   -2.792526803  -60.581363585  -26.634770253  -16.063756100
    1.047197551   -2.792526803  -63.420193308   -2.213711777  -16.242989426
    1.237597106   -2.792526803  -61.302652404   23.962767308  -14.843128895
    1.427996661   -2.792526803  -54.732485333   43.252126545  -12.252967590
    1.618396215   -2.792526803  -45.655187248   49.696853631   -9.040458060
    1.808795770   -2.792526803  -36.707758084   42.087638563   -5.676340167
    1.999195325   -2.792526803  -30.324809055   23.548560247   -2.339574287
    2.189594880   -2.792526803  -28.093691631   -0.555370681    1.079263558
    2.379994435   -2.792526803  -30.532517659  -24.632651667    4.815266735
    2.570393989   -2.792526803  -37.171174355  -43.981659922    9.004899632
    2.760793544   -2.792526803  -46.762007458  -55.211904142   13.535515380
    2.951193099   -2.792526803  -57.554815866  -56.500929513   18.023177333

   -3.141592654   -2.443460953  -59.862048043  -42.110298887   21.229771245
   -2.951193099   -2.443460953  -66.675185488  -28.789559871   23.401592077
   -2.760793544   -2.443460953  -70.626311521  -12.703676218   24.380754986
   -2.570393989   -2.443460953  -71.602150593    1.843546784   24.407896239
   -2.379994435   -2.443460953  -70.225650799   11.664637348   23.942359974
   -2.189594880   -2.443460953  -67.524222799   15.813020428   23.472963711
   -1.999195325   -2.443460953  -64.476938570   15.695752796   23.305242952
   -1.808795770   -2.443460953  -61.641239631   14.091373932   23.411437158
   -1.618396215   -2.443460953  -59.032735970   13.664586633   23.421623738
   -1.427996661   -2.443460953  -56.275027686   15.719761580   22.773863549
   -1.237597106   -2.443460953  -52.915439548   19.767935904   20.971955075
   -1.047197551   -2.443460953  -48.733583870   23.978874492   17.819906692
   -0.856797996   -2.443460953  -43.903504574   26.184951307   13.517840505
   -0.666398442   -2.443460953  -38.983715663   24.646098203    8.567425109
   -0.475998887   -2.443460953  -34.793145750   18.446278791    3.568584554
   -0.285599332   -2.443460953  -32.248739528    7.430056742   -1.026141795
   -0.095199777   -2.443460953  -32.212925700   -7.675042708   -5.016865033
    0.095199777   -2.443460953  -35.289154353  -24.760773849   -8.432147981
    0.285599332   -2.443460953  -41.511344033  -39.912576763  -11.360962091
    0.475998887   -2.443460953  -50.020496113  -47.879195942  -13.789695514
    0.666398442   -2.443460953  -58.971092811  -43.961008886  -15.525979808
    0.856797996   -2.443460953  -65.897805651  -26.812227352  -16.286021034
    1.047197551   -2.443460953  -68.559811989   -0.192942490  -15.856124285
    1.237597106   -2.443460953  -65.875466922   27.807259214  -14.264028815
    1.427996661   -2.443460953  -58.454847018   48.217121460  -11.781282373
    1.618396215   -2.443460953  -48.380951117   55.108094583   -8.793254121
    1.808795770   -2.443460953  -38.390073282   47.619640585   -5.598632912
    1.999195325   -2.443460953  -30.934626723   29.329885119   -2.283383261
    2.189594880   -2.443460953  -27.548572902    5.857786422    1.254964513
    2.379994435   -2.443460953  -28.680012648  -17.296865559    5.159015242
    2.570393989   -2.443460953  -33.837909365  -35.829025226    9.428862243
    2.760793544   -2.443460953  -41.841562638  -46.838344047   13.829223613
    2.951193099   -2.443460953  -51.091111492  -48.840825200   17.922845578

   -3.141592654   -2.094395102  -53.547618589  -37.799253377   14.742216944
   -2.951193099   -2.094395102  -59.712039383  -26.303933749   15.939276653
   -2.760793544   -2.094395102  -63.356557087  -11.926037356   16.373432111
   -2.570393989   -2.094395102  -64.313760821    1.350489809   16.256955754
   -2.379994435   -2.094395102  -63.107704210   10.460032118   15.833856089
   -2.189594880   -2.094395102  -60.665761493   14.346298822   15.275915730
   -1.999195325   -2.094395102  -57.908577303   14.103392178   14.617508118
   -1.808795770   -2.094395102  -55.405712870   12.114406719   13.738858950
   -1.618396215   -2.094395102  -53.252840691   10.753821524   12.412511812
   -1.427996661   -2.094395102  -51.184111288   11.322829629   10.405520526
   -1.237597106   -2.094395102  -48.826471347   13.653484594    7.609178152
   -1.047197551   -2.094395102  -45.954349383   16.444930846    4.132217275
   -0.856797996   -2.094395102  -42.635998679   18.006623611    0.294874260
   -0.666398442   -2.094395102  -39.256749085   16.818535434   -3.479971552
   -0.475998887   -2.094395102  -36.456109447   11.785524958   -6.812769496
   -0.285599332   -2.094395102  -35.036424039    2.304708248   -9.509917247
   -0.095199777   -2.094395102  -35.838552258  -11.401952368  -11.589565974
    0.095199777   -2.094395102  -39.524381776  -27.505809234  -13.222932943
    0.285599332   -2.094395102  -46.207710627  -42.045491692  -14.587054879
    0.475998887   -2.094395102  -55.073074547  -49.456192686  -15.738352539
    0.666398442   -2.094395102  -64.251080931  -44.702357489  -16.555171104
    0.856797996   -2.094395102  -71.206355092  -26.295751793  -16.803395359
    1.047197551   -2.094395102  -73.628781879    1.825174443  -16.251355438
    1.237597106   -2.094395102  -70.422532879   31.225574410  -14.823281920
    1.427996661   -2.094395102  -62.247885710   52.634820246  -12.627379819
    1.618396215   -2.094395102  -51.273535347   60.077874918   -9.902107989
    1.808795770   -2.094395102  -40.305370658   52.890174230   -6.881652891
    1.999195325   -2.094395102  -31.815768771   34.940570563   -3.698653902
    2.189594880   -2.094395102  -27.314138912   11.990306293   -0.376968107
    2.379994435   -2.094395102  -27.220164464  -10.574491243    3.080474769
    2.570393989   -2.094395102  -31.058254582  -28.764697073    6.577198494
    2.760793544   -2.094395102  -37.727274483  -40.007964115    9.882899042
    2.951193099   -2.094395102  -45.755506794  -42.966857220   12.688981428

   -3.141592654   -1.745329252  -50.088999556  -36.222826773    7.042148956
   -2.951193099   -1.745329252  -56.065923445  -25.868000938    7.061729989
   -2.760793544   -1.745329252  -59.708714402  -12.290339553    6.733719696
   -2.570393989   -1.745329252  -60.783340380    0.523541475    6.238921647
   -2.379994435   -1.745329252  -59.765077069    9.319531258    5.629169014
   -2.189594880   -1.745329252  -57.577084879   12.779412952    4.803848931
   -1.999195325   -1.745329252  -55.184244283   11.773170909    3.580980416
   -1.808795770   -1.745329252  -53.231147575    8.604863417    1.806292971
   -1.618396215   -1.745329252  -51.883514360    5.783299713   -0.552844566
   -1.427996661   -1.745329252  -50.898202287    4.965671119   -3.370315416
   -1.237597106   -1.745329252  -49.844788953    6.446147375   -6.384583594
   -1.047197551   -1.745329252  -48.356365679    9.298115346   -9.262595942
   -0.856797996   -1.745329252  -46.313363114   11.918692286  -11.691708290
   -0.666398442   -1.745329252  -43.929480857   12.546806221  -13.461531126
   -0.475998887   -1.745329252  -41.744976648    9.581447109  -14.507286357
   -0.285599332   -1.745329252  -40.567641788    1.883231382  -14.930861081
   -0.095199777   -1.745329252  -41.332258929  -10.713176718  -14.952673501
    0.095199777   -1.745329252  -44.842763743  -26.468450503  -14.847593229
    0.285599332   -1.745329252  -51.344014599  -41.233451446  -14.835361446
    0.475998887   -1.745329252  -60.096013843  -49.067871366  -14.998784651
    0.666398442   -1.745329252  -69.227222207  -44.538623284  -15.243189522
    0.856797996   -1.745329252  -76.136343473  -25.876935395  -15.335786191
    1.047197551   -1.745329252  -78.413963814    2.995806883  -14.989678000
    1.237597106   -1.745329252  -74.885565846   33.460440866  -14.000083087
    1.427996661   -1.745329252  -66.179827497   55.944868133  -12.314807860
    1.618396215   -1.745329252  -54.488298424   64.244813462  -10.049254571
    1.808795770   -1.745329252  -42.668127554   57.617846596   -7.409087421
    1.999195325   -1.745329252  -33.242918357   40.001092253   -4.602383148
    2.189594880   -1.745329252  -27.758412792   17.223050719   -1.789432177
    2.379994435   -1.745329252  -26.666329436   -5.371319707    0.893907143
    2.570393989   -1.745329252  -29.541574205  -23.925577347    3.285967999
    2.760793544   -1.745329252  -35.357343703  -35.963363412    5.194437896
    2.951193099   -1.745329252  -42.721881550  -40.087119058    6.458316036

   -3.141592654   -1.396263402  -50.485789123  -38.016527517    4.196524858
   -2.951193099   -1.396263402  -56.816713025  -27.688850347    3.530760725
   -2.760793544   -1.396263402  -60.763566779  -13.616996865    2.594300429
   -2.570393989   -1.396263402  -62.032157874   -0.223177767    1.540078684
   -2.379994435   -1.396263402  -61.131989482    8.716602006    0.352357993
   -2.189594880   -1.396263402  -59.104659692   11.560795113   -1.154244691
   -1.999195325   -1.396263402  -57.060922232    9.231452246   -3.213681266
   -1.808795770   -1.396263402  -55.745235801    4.451323117   -5.941553604
   -1.618396215   -1.396263402  -55.321988679    0.331451956   -9.209804317
   -1.427996661   -1.396263402  -55.434217286   -0.935733138  -12.638090894
   -1.237597106   -1.396263402  -55.460746285    1.194347582  -15.708282241
   -1.047197551   -1.396263402  -54.830986023    5.670294441  -17.939055592
   -0.856797996   -1.396263402  -53.276982304   10.453825979  -19.049872334
   -0.666398442   -1.396263402  -50.961989811   13.239332721  -19.032146511
   -0.475998887   -1.396263402  -48.475762971   11.936775847  -18.115931635
   -0.285599332   -1.396263402  -46.752718472    5.117351036  -16.677572158
   -0.095199777   -1.396263402  -46.887158004   -7.468010613  -15.109327752
    0.095199777   -1.396263402  -49.839397787  -23.953019473  -13.736600107
    0.285599332   -1.396263402  -55.970707963  -39.907368595  -12.736491328
    0.475998887   -1.396263402  -64.591932463  -48.992221554  -12.119209712
    0.666398442   -1.396263402  -73.800789033  -45.334530964  -11.742787226
    0.856797996   -1.396263402  -80.887626128  -26.811785573  -11.377680682
    1.047197551   -1.396263402  -83.287757197    2.766491869  -10.782360243
    1.237597106   -1.396263402  -79.680519494   34.583391280   -9.800150319
    1.427996661   -1.396263402  -70.611262908   58.618086988   -8.392803401
    1.618396215   -1.396263402  -58.281587200   68.185025784   -6.638802263
    1.808795770   -1.396263402  -45.637022378   62.214614822   -4.673340003
    1.999195325   -1.396263402  -35.328104212   44.571967069   -2.629863718
    2.189594880   -1.396263402  -29.023045453   21.181339964   -0.617108373
    2.379994435   -1.396263402  -27.271407438   -2.466189946    1.251721674
    2.570393989   -1.396263402  -29.717839694  -22.363243065    2.822328094
    2.760793544   -1.396263402  -35.372905050  -35.829681831    3.909193671
    2.951193099   -1.396263402  -42.834523633  -41.176368907    4.370516862

   -3.141592654   -1.047197551  -52.247168626  -41.258227351    3.592300082
   -2.951193099   -1.047197551  -59.195970644  -30.839118436    2.104528857
   -2.760793544   -1.047197551  -63.692855110  -16.204229521    0.324937685
   -2.570393989   -1.047197551  -65.394666677   -2.231645161   -1.549244675
   -2.379994435   -1.047197551  -64.858430342    6.785107025   -3.502970231
   -2.189594880   -1.047197551  -63.251937391    8.947965039   -5.716824278
   -1.999195325   -1.047197551  -61.818830522    5.377864696   -8.426678973
   -1.808795770   -1.047197551  -61.356881038   -0.591458483  -11.707168665
   -1.618396215   -1.047197551  -61.950127988   -5.118320084  -15.307631619
   -1.427996661   -1.047197551  -63.041038528   -5.542579685  -18.663848135
   -1.237597106   -1.047197551  -63.766025324   -1.362956966  -21.095942297
   -1.047197551   -1.047197551  -63.369786726    5.824493930  -22.086905348
   -0.856797996   -1.047197551  -61.531372004   13.204347665  -21.499411233
   -0.666398442   -1.047197551  -58.503035957   17.806532948  -19.613179735
   -0.475998887   -1.047197551  -55.060794112   17.208681845  -16.988201194
   -0.285599332   -1.047197551  -52.353428115   10.026910382  -14.245611594
   -0.095199777   -1.047197551  -51.652304017   -3.703295671  -11.849180036
    0.095199777   -1.047197551  -54.027822347  -21.683950000  -10.006355953
    0.285599332   -1.047197551  -59.866458540  -39.056133627   -8.654870155
    0.475998887   -1.047197551  -68.427880091  -49.119317092   -7.569959159
    0.666398442   -1.047197551  -77.701542267  -45.776690903   -6.506761708
    0.856797996   -1.047197551  -84.845576280  -26.874404717   -5.327715528
    1.047197551   -1.047197551  -87.176951230    3.596039920   -4.038620304
    1.237597106   -1.047197551  -83.308097283   36.490654263   -2.744609504
    1.427996661   -1.047197551  -73.783634425   61.427758772   -1.546651095
    1.618396215   -1.047197551  -60.864964680   71.472456498   -0.473815460
    1.808795770   -1.047197551  -47.589298786   65.470164806    0.525633923
    1.999195325   -1.047197551  -36.699424458   47.350956084    1.532417452
    2.189594880   -1.047197551  -29.937579277   23.149012165    2.582624348
    2.379994435   -1.047197551  -27.908985755   -1.561841818    3.608520244
    2.570393989   -1.047197551  -30.299721622  -22.704919004    4.429976554
    2.760793544   -1.047197551  -36.143331058  -37.454256815    4.805047517
    2.951193099   -1.047197551  -44.021558379  -43.864956015    4.540324550

   -3.141592654   -0.698131701  -52.472545090  -44.830452283    1.894065104
   -2.951193099   -0.698131701  -60.152486973  -34.862365819   -0.455948840
   -2.760793544   -0.698131701  -65.421979239  -20.237972193   -3.094729087
   -2.570393989   -0.698131701  -67.876830573   -6.113672736   -5.770955661
   -2.379994435   -0.698131701  -68.080735308    2.827240302   -8.412243079
   -2.189594880   -0.698131701  -67.270876677    4.465708286  -11.151890364
   -1.999195325   -0.698131701  -66.766646081    0.095065451  -14.174791663
   -1.808795770   -0.698131701  -67.369733959   -6.389130262  -17.470744927
   -1.618396215   -0.698131701  -69.045184089  -10.481624197  -20.665337443
   -1.427996661   -0.698131701  -71.012660938   -9.162113636  -23.079568533
   -1.237597106   -0.698131701  -72.169172024   -2.135498038  -24.012410269
   -1.047197551   -0.698131701  -71.611782406    8.277465055  -23.084924806
   -0.856797996   -0.698131701  -69.035357082   18.344307994  -20.448114063
   -0.666398442   -0.698131701  -64.867697278   24.389996358  -16.728743038
   -0.475998887   -0.698131701  -60.151724060   23.760991927  -12.769490918
   -0.285599332   -0.698131701  -56.298920418   15.349128025   -9.296652738
   -0.095199777   -0.698131701  -54.754215651   -0.211847518   -6.660008385
    0.095199777   -0.698131701  -56.635582076  -19.915422179   -4.768627015
    0.285599332   -0.698131701  -62.252498818  -38.358039860   -3.196695853
    0.475998887   -0.698131701  -70.713025929  -48.617050503   -1.456223846
    0.666398442   -0.698131701  -79.848939268  -44.753599415    0.715367558
    0.856797996   -0.698131701  -86.719509985  -25.030147965    3.187134724
    1.047197551   -0.698131701  -88.629454975    6.105601566    5.502514858
    1.237597106   -0.698131701  -84.251141283   39.242488833    7.142863588
    1.427996661   -0.698131701  -74.213870927   63.995985424    7.827266136
    1.618396215   -0.698131701  -60.844367920   73.614583566    7.648359228
    1.808795770   -0.698131701  -47.205714807   67.146815443    6.983250034
    1.999195325   -0.698131701  -36.036508331   48.617497130    6.267426288
    2.189594880   -0.698131701  -29.071082640   24.010466225    5.777302960
    2.379994435   -0.698131701  -26.926990351   -1.243946549    5.528673334
    2.570393989   -0.698131701  -29.329558464  -23.195253175    5.307667600
    2.760793544   -0.698131701  -35.364489971  -39.003970133    4.786179955
    2.951193099   -0.698131701  -43.645944240  -46.539920567    3.683522524

   -3.141592654   -0.349065850  -52.164820530  -49.227021504    0.417419807
   -2.951193099   -0.349065850  -60.762043610  -39.995358277   -2.150651165
   -2.760793544   -0.349065850  -67.034399277  -25.538545538   -4.934176661
   -2.570393989   -0.349065850  -70.480204506  -11.182047538   -7.716097216
   -2.379994435   -0.349065850  -71.622098668   -1.983914358  -10.415979465
   -2.189594880   -0.349065850  -71.723015916   -0.334018898  -13.104371178
   -1.999195325   -0.349065850  -72.145320173   -4.823978887  -15.859219586
   -1.808795770   -0.349065850  -73.670961057  -11.040528277  -18.551075195
   -1.618396215   -0.349065850  -76.132669577  -13.887084134  -20.727551712
   -1.427996661   -0.349065850  -78.534775151  -10.133087801  -21.730080288
   -1.237597106   -0.349065850  -79.577313149    0.098800984  -21.010107201
   -1.047197551   -0.349065850  -78.291592967   13.582622577  -18.455200871
   -0.856797996   -0.349065850  -74.493722326   25.623490963  -14.518597582
   -0.666398442   -0.349065850  -68.882111643   31.988466039  -10.057654563
   -0.475998887   -0.349065850  -62.816199383   30.118968491   -5.987441329
   -0.285599332   -0.349065850  -57.947615154   19.587057615   -2.905781855
   -0.095199777   -0.349065850  -55.798485762    1.984225794   -0.872550176
    0.095199777   -0.349065850  -57.386085078  -18.819771607    0.570981599
    0.285599332   -0.349065850  -62.793648432  -37.037003569    2.155657616
    0.475998887   -0.349065850  -70.891291239  -46.011354641    4.485596921
    0.666398442   -0.349065850  -79.380979734  -40.629668719    7.679306196
    0.856797996   -0.349065850  -85.371734305  -20.114827703   11.240755565
    1.047197551   -0.349065850  -86.370841367   10.513973654   14.273931146
    1.237597106   -0.349065850  -81.296625363   41.991704791   15.939979932
    1.427996661   -0.349065850  -70.934891434   64.656688863   15.886709795
    1.618396215   -0.349065850  -57.611671967   72.593055848   14.385126090
    1.808795770   -0.349065850  -44.258931364   65.329190708   12.121702569
    1.999195325   -0.349065850  -33.443273808   46.833092394    9.821183012
    2.189594880   -0.349065850  -26.778741365   22.654319909    7.934489925
    2.379994435   -0.349065850  -24.859335690   -2.305789087    6.533208419
    2.570393989   -0.349065850  -27.474855262  -24.470285000    5.393955519
    2.760793544   -0.349065850  -33.820240631  -41.079251167    4.166500543
    2.951193099   -0.349065850  -42.605280755  -49.791354931    2.551245501

   -3.141592654    0.000000000  -52.179416867  -53.356301923   -1.264909978
   -2.951193099    0.000000000  -61.620619256  -44.655771041   -3.566047902
   -2.760793544    0.000000000  -68.804408252  -30.379416353   -5.952398007
   -2.570393989    0.000000000  -73.166983442  -15.939546726   -8.289846198
   -2.379994435    0.000000000  -75.200818046   -6.601224201  -10.536455917
   -2.189594880    0.000000000  -76.171016578   -4.843912499  -12.729649979
   -1.999195325    0.000000000  -77.430503476   -9.038555023  -14.854761650
   -1.808795770    0.000000000  -79.681950821  -14.295312516  -16.684315126
   -1.618396215    0.000000000  -82.589907146  -15.129365924  -17.738557613
   -1.427996661    0.000000000  -84.957507576   -8.406089328  -17.456872553
   -1.237597106    0.000000000  -85.360589571    5.048395069  -15.512214534
   -1.047197551    0.000000000  -82.878358519   20.983671336  -12.065691693
   -0.856797996    0.000000000  -77.561007205   33.876258179   -7.782231106
   -0.666398442    0.000000000  -70.442266300   39.288101037   -3.568010267
   -0.475998887    0.000000000  -63.184822774   35.197387889   -0.191999137
   -0.285599332    0.000000000  -57.588282183   22.204533648    2.048927327
   -0.095199777    0.000000000  -55.113962821    2.994769434    3.436703931
    0.095199777    0.000000000  -56.540107993  -17.850762435    4.698618976
    0.285599332    0.000000000  -61.638666442  -34.546081312    6.656178499
    0.475998887    0.000000000  -69.044763914  -41.213634594    9.792865054
    0.666398442    0.000000000  -76.428385817  -34.013396330   13.932267264
    0.856797996    0.000000000  -81.108444122  -13.316017879   18.217346352
    1.047197551    0.000000000  -80.956833072   15.474778784   21.456971373
    1.237597106    0.000000000  -75.233579239   43.704546873   22.692696103
    1.427996661    0.000000000  -64.878993161   62.957996548   21.650525229
    1.618396215    0.000000000  -52.131485173   68.485259714   18.818845999
    1.808795770    0.000000000  -39.670213013   60.331156768   15.132947442
    1.999195325    0.000000000  -29.785945978   42.212553418   11.505750509
    2.189594880    0.000000000  -23.912881172   18.996209889    8.483365062
    2.379994435    0.000000000  -22.602482552   -5.104720022    6.162419535
    2.570393989    0.000000000  -25.709017566  -26.931428716    4.324279659
    2.760793544    0.000000000  -32.538987465  -43.800145147    2.634790123
    2.951193099    0.000000000  -41.901263433  -53.177556133    0.815394819

   -3.141592654    0.349065850  -51.575596433  -55.596263031   -1.499924449
   -2.951193099    0.349065850  -61.497087197  -47.446352231   -2.748844113
   -2.760793544    0.349065850  -69.265947374  -33.702817628   -3.975238097
   -2.570393989    0.349065850  -74.303873348  -19.679700273   -5.228780268
   -2.379994435    0.349065850  -77.077085202  -10.595315475   -6.565106159
   -2.189594880    0.349065850  -78.812716499   -8.830569238   -7.999640994
   -1.999195325    0.349065850  -80.794340306  -12.528056265   -9.424628767
   -1.808795770    0.349065850  -83.603536140  -16.516062415  -10.551953636
   -1.618396215    0.349065850  -86.744142972  -15.220092929  -10.959859093
   -1.427996661    0.349065850  -88.879312780   -5.836511002  -10.266772481
   -1.237597106    0.349065850  -88.549144868   10.070775478   -8.359268675
   -1.047197551    0.349065850  -84.952449713   27.433258881   -5.519325997
   -0.856797996    0.349065850  -78.388679298   40.264438239   -2.349791752
   -0.666398442    0.349065850  -70.170042434   44.278724202    0.492264778
   -0.475998887    0.349065850  -62.150194742   38.201031436    2.591813051
   -0.285599332    0.349065850  -56.145449143   23.634192574    3.989725953
   -0.095199777    0.349065850  -53.452583410    4.114585455    5.166487563
    0.095199777    0.349065850  -54.568581782  -15.461540670    6.847762877
    0.285599332    0.349065850  -58.991772666  -29.723461328    9.647516166
    0.475998887    0.349065850  -65.229643975  -33.870315454   13.712722040
    0.666398442    0.349065850  -71.064066646  -25.406473365   18.522444387
    0.856797996    0.349065850  -74.156777186   -5.669324018   22.991435140
    1.047197551    0.349065850  -72.823713048   19.911327316   25.883569270
    1.237597106    0.349065850  -66.672632499   43.675719488   26.363977396
    1.427996661    0.349065850  -56.740381561   58.727296551   24.362163338
    1.618396215    0.349065850  -45.085074673   61.569006124   20.553053121
    1.808795770    0.349065850  -34.039510519   52.696310355   15.981824450
    1.999195325    0.349065850  -25.546372896   35.438295214   11.592916879
    2.189594880    0.349065850  -20.813633159   13.848737360    7.931070636
    2.379994435    0.349065850  -20.324021337   -8.627223902    5.107606551
    2.570393989    0.349065850  -23.982141065  -29.301235564    2.964766578
    2.760793544    0.349065850  -31.202768897  -45.638188187    1.266627694
    2.951193099    0.349065850  -40.909415023  -55.032970385   -0.181261593

   -3.141592654    0.698131701  -50.827420972  -56.370084412   -1.711438842
   -2.951193099    0.698131701  -60.909305365  -48.369001081   -1.787217961
   -2.760793544    0.698131701  -68.883802654  -34.942023476   -1.708739746
   -2.570393989    0.698131701  -74.193835003  -21.291878267   -1.689626684
   -2.379994435    0.698131701  -77.305515779  -12.517043212   -1.888776028
   -2.189594880    0.698131701  -79.422133151  -10.863855073   -2.347405035
   -1.999195325    0.698131701  -81.774905716  -14.319299896   -2.960798832
   -1.808795770    0.698131701  -84.864691824  -17.586458594   -3.502134496
   -1.618396215    0.698131701  -88.103413593  -15.116974512   -3.704144123
   -1.427996661    0.698131701  -90.088833663   -4.368938280   -3.371589271
   -1.237597106    0.698131701  -89.364831112   12.653744062   -2.479532469
   -1.047197551    0.698131701  -85.218901489   30.480116000   -1.192356476
   -0.856797996    0.698131701  -78.093309715   43.000145920    0.220555347
   -0.666398442    0.698131701  -69.427993934   46.193837159    1.544483993
   -0.475998887    0.698131701  -61.120962649   39.379924584    2.754540923
   -0.285599332    0.698131701  -54.907308988   24.813165611    4.090865086
   -0.095199777    0.698131701  -51.898405158    6.462576608    5.972346501
    0.095199777    0.698131701  -52.366659675  -10.862629454    8.828041534
    0.285599332    0.698131701  -55.659309050  -22.465601423   12.829539506
    0.475998887    0.698131701  -60.308335399  -24.663993202   17.684431877
    0.666398442    0.698131701  -64.342668870  -16.086513573   22.588419981
    0.856797996    0.698131701  -65.838644306    1.380593429   26.432254594
    1.047197551    0.698131701  -63.542736419   22.734103409   28.202024021
    1.237597106    0.698131701  -57.323374509   41.589591932   27.416318041
    1.427996661    0.698131701  -48.199481130   52.581585745   24.318465386
    1.618396215    0.698131701  -37.955944221   53.245983505   19.741815605
    1.808795770    0.698131701  -28.537186909   44.235582742   14.718390190
    1.999195325    0.698131701  -21.547020187   28.279846283   10.077043968
    2.189594880    0.698131701  -18.001521000    8.562159933    6.248461235
    2.379994435    0.698131701  -18.345362229  -12.151718028    3.304702926
    2.570393989    0.698131701  -22.540332055  -31.496166666    1.142888507
    2.760793544    0.698131701  -30.090463118  -46.979951086   -0.356789672
    2.951193099    0.698131701  -40.004674159  -55.925657614   -1.279204998

   -3.141592654    1.047197551  -52.164336702  -56.584553929   -5.992496173
   -2.951193099    1.047197551  -62.210696464  -47.812999424   -5.475020355
   -2.760793544    1.047197551  -70.035679709  -33.985457796   -4.467037807
   -2.570393989    1.047197551  -75.158240817  -20.336571977   -3.297236678
   -2.379994435    1.047197551  -78.112748868  -11.854790195   -2.251390139
   -2.189594880    1.047197551  -80.140011644  -10.583866934   -1.484502895
   -1.999195325    1.047197551  -82.468188773  -14.305890121   -1.009638447
   -1.808795770    1.047197551  -85.562483446  -17.604421627   -0.751282256
   -1.618396215    1.047197551  -88.789006108  -14.942356111   -0.617334880
   -1.427996661    1.047197551  -90.713458370   -3.905573670   -0.537756141
   -1.237597106    1.047197551  -89.876755835   13.345155335   -0.460495466
   -1.047197551    1.047197551  -85.587749853   31.257488649   -0.321217311
   -0.856797996    1.047197551  -78.312140051   43.799244165   -0.012190596
   -0.666398442    1.047197551  -69.482113433   47.171741890    0.633007150
   -0.475998887    1.047197551  -60.938111288   40.995832457    1.822882307
   -0.285599332    1.047197551  -54.304441736   27.719423765    3.796088757
   -0.095199777    1.047197551  -50.568685089   11.272649401    6.741018426
    0.095199777    1.047197551  -49.919607952   -3.956411345   10.710300712
    0.285599332    1.047197551  -51.732870954  -13.992366695   15.469816849
    0.475998887    1.047197551  -54.719233504  -15.957205278   20.426270448
    0.666398442    1.047197551  -57.218842825   -8.993224528   24.685235173
    0.856797996    1.047197551  -57.660594739    5.112478243   27.303747857
    1.047197551    1.047197551  -55.057234720   22.172428387   27.621224700
    1.237597106    1.047197551  -49.342692719   36.992079638   25.549749518
    1.427996661    1.047197551  -41.380638713   45.254433859   21.592765369
    1.618396215    1.047197551  -32.654828463   44.917985939   16.622950100
    1.808795770    1.047197551  -24.795950777   36.365418456   11.520141457
    1.999195325    1.047197551  -19.193229053   21.642143329    6.881212150
    2.189594880    1.047197551  -16.780808082    3.278092988    2.949235960
    2.379994435    1.047197551  -18.017005070  -16.281373772   -0.273969717
    2.570393989    1.047197551  -22.904152277  -34.652437457   -2.831558936
    2.760793544    1.047197551  -30.966179774  -49.187682238   -4.692046895
    2.951193099    1.047197551  -41.206523440  -57.124962516   -5.761663763

   -3.141592654    1.396263402  -56.649589987  -56.831901869  -10.691022939
   -2.951193099    1.396263402  -66.544474821  -46.027933145   -9.957383353
   -2.760793544    1.396263402  -73.880269890  -30.751810035   -8.494601671
   -2.570393989    1.396263402  -78.315522481  -16.489021281   -6.663009104
   -2.379994435    1.396263402  -80.541780502   -8.162473270   -4.779278836
   -2.189594880    1.396263402  -81.923551893   -7.556923295   -3.028836267
   -1.999195325    1.396263402  -83.759553678  -12.185540912   -1.483647077
   -1.808795770    1.396263402  -86.543665580  -16.473974424   -0.180490276
   -1.618396215    1.396263402  -89.649701492  -14.803252229    0.822268997
   -1.427996661    1.396263402  -91.633725156   -4.643353719    1.467479816
   -1.237597106    1.396263402  -90.995239731   12.067097747    1.776264346
   -1.047197551    1.396263402  -86.954218079   30.036653095    1.905367527
   -0.856797996    1.396263402  -79.843662560   43.411248727    2.134649754
   -0.666398442    1.396263402  -70.946935697   48.361052841    2.789847131
   -0.475998887    1.396263402  -61.981726493   44.295249847    4.140002702
   -0.285599332    1.396263402  -54.502289202   33.292058598    6.342909553
   -0.095199777    1.396263402  -49.506311044   18.857552220    9.382856999
    0.095199777    1.396263402  -47.278223553    4.872673831   13.043673962
    0.285599332    1.396263402  -47.387015320   -5.162140507   16.856209260
    0.475998887    1.396263402  -48.813579926   -8.672722091   20.144621845
    0.666398442    1.396263402  -50.192037794   -4.701577586   22.177071527
    0.856797996    1.396263402  -50.177243545    5.541166959   22.425860380
    1.047197551    1.396263402  -47.862189220   18.812741878   20.768208658
    1.237597106    1.396263402  -43.077888019   30.791570997   17.564779863
    1.427996661    1.396263402  -36.455512094   37.619165362   13.481132379
    1.618396215    1.396263402  -29.215759659   37.115890261    9.211964665
    1.808795770    1.396263402  -22.794880432   29.121145365    5.224804437
    1.999195325    1.396263402  -18.504707125   15.080154957    1.669730903
    2.189594880    1.396263402  -17.292950444   -2.813069074   -1.522825602
    2.379994435    1.396263402  -19.657785630  -22.044077676   -4.450622808
    2.570393989    1.396263402  -25.598128275  -39.880817780   -7.071001301
    2.760793544    1.396263402  -34.563280158  -53.325343503   -9.164361126
    2.951193099    1.396263402  -45.435741707  -59.515357691  -10.435542629

   -3.141592654    1.745329252  -62.406315130  -57.245388185  -15.679160633
   -2.951193099    1.745329252  -72.169794882  -44.291019023  -15.135730883
   -2.760793544    1.745329252  -79.009409985  -27.395939706  -13.545205671
   -2.570393989    1.745329252  -82.712079022  -12.279906270  -11.225375716
   -2.379994435    1.745329252  -84.113091982   -3.805770861   -8.496597725
   -2.189594880    1.745329252  -84.692310707   -3.549690122   -5.587556282
   -1.999195325    1.745329252  -85.824343529   -8.840932461   -2.656676812
   -1.808795770    1.745329252  -88.052078396  -14.005875888    0.126568822
   -1.618396215    1.745329252  -90.781480111  -13.325927980    2.533507771
   -1.427996661    1.745329252  -92.572800226   -4.064982673    4.333887760
   -1.237597106    1.745329252  -91.878891720   12.153346779    5.424695182
   -1.047197551    1.745329252  -87.814613892   30.310210921    5.928807298
   -0.856797996    1.745329252  -80.572147701   44.631654721    6.182403697
   -0.666398442    1.745329252  -71.304511797   51.092789605    6.607211417
   -0.475998887    1.745329252  -61.656207378   48.733204894    7.535735352
   -0.285599332    1.745329252  -53.185437563   39.182084341    9.101376730
   -0.095199777    1.745329252  -46.980189212   25.525589964   11.175726946
    0.095199777    1.745329252  -43.489882380   11.257428895   13.396778527
    0.285599332    1.745329252  -42.510282000   -0.333919644   15.220125883
    0.475998887    1.745329252  -43.260848075   -6.566706757   16.069668743
    0.666398442    1.745329252  -44.552660183   -5.923185843   15.533591603
    0.856797996    1.745329252  -45.074244579    1.247778816   13.566904857
    1.047197551    1.745329252  -43.787161589   12.543307427   10.526104590
    1.237597106    1.745329252  -40.269448106   23.989046471    7.049646158
    1.427996661    1.745329252  -34.894815986   31.455001644    3.755297563
    1.618396215    1.745329252  -28.725710879   32.040931576    0.989074378
    1.808795770    1.745329252  -23.184845775   24.859367902   -1.275746857
    1.999195325    1.745329252  -19.680885111   10.969911737   -3.338246070
    2.189594880    1.745329252  -19.285359290   -7.337138349   -5.544432975
    2.379994435    1.745329252  -22.564229669  -27.085906740   -8.062631269
    2.570393989    1.745329252  -29.481345432  -44.974640846  -10.761044135
    2.760793544    1.745329252  -39.356067086  -57.616958064  -13.242849818
    2.951193099    1.745329252  -50.898999108  -62.127226927  -15.008972347

   -3.141592654    2.094395102  -68.648048861  -58.016260452  -16.773524860
   -2.951193099    2.094395102  -78.341764590  -42.828746775  -16.276172805
   -2.760793544    2.094395102  -84.717925905  -24.087035606  -14.665123207
   -2.570393989    2.094395102  -87.662361139   -7.731990432  -12.190987900
   -2.379994435    2.094395102  -88.125081745    1.417714765   -9.114094129
   -2.189594880    2.094395102  -87.680098702    1.921189749   -5.613851337
   -1.999195325    2.094395102  -87.775463648   -3.485000864   -1.823684886
   -1.808795770    2.094395102  -89.025570275   -9.166225890    2.064625788
   -1.618396215    2.094395102  -90.915613198   -9.414629611    5.731685019
   -1.427996661    2.094395102  -92.072154593   -1.332003865    8.786188834
   -1.237597106    2.094395102  -90.963664367   13.817950292   10.921924682
   -1.047197551    2.094395102  -86.646525509   31.398698121   12.069304555
   -0.856797996    2.094395102  -79.196304331   45.830666628   12.435443625
   -0.666398442    2.094395102  -69.642687007   52.951453441   12.397087048
   -0.475998887    2.094395102  -59.560266099   51.415256851   12.310667690
   -0.285599332    2.094395102  -50.522642056   42.352463562   12.352662033
   -0.095199777    2.094395102  -43.724589150   28.428265465   12.425532104
    0.095199777    2.094395102  -39.785380219   12.893709531   12.193836363
    0.285599332    2.094395102  -38.689812429   -0.883066513   11.202943233
    0.475998887    2.094395102  -39.794856336   -9.763437358    9.107057746
    0.666398442    2.094395102  -41.929768347  -11.447724809    5.889978784
    0.856797996    2.094395102  -43.642541674   -5.502421030    1.985636075
    1.047197551    2.094395102  -43.637241858    6.092542714   -1.853152135
    1.237597106    2.094395102  -41.213089900   19.110992380   -4.858837774
    1.427996661    2.094395102  -36.570971320   28.637144969   -6.618797981
    1.618396215    2.094395102  -30.772177085   30.826849190   -7.247493508
    1.808795770    2.094395102  -25.393935948   24.163775893   -7.294479255
    1.999195325    2.094395102  -22.068138470    9.628078500   -7.455168416
    2.189594880    2.094395102  -22.052840649  -10.049731943   -8.261664573
    2.379994435    2.094395102  -25.985797104  -31.177880576   -9.880844218
    2.570393989    2.094395102  -33.763643914  -49.759053613  -12.081056438
    2.760793544    2.094395102  -44.530767458  -62.002151346  -14.344039406
    2.951193099    2.094395102  -56.783675177  -65.040637982  -16.064779035

   -3.141592654    2.443460953  -74.227603927  -58.763555076  -10.966870101
   -2.951193099    2.443460953  -83.883737873  -41.710835306   -9.806450799
   -2.760793544    2.443460953  -89.879595532  -21.263912234   -7.855240106
   -2.570393989    2.443460953  -92.146300850   -3.486408125   -5.358590950
   -2.379994435    2.443460953  -91.683269259    6.865814977   -2.508147590
   -2.189594880    2.443460953  -90.099078701    8.406816983    0.645197333
   -1.999195325    2.443460953  -88.880372616    3.766714240    4.127872489
   -1.808795770    2.443460953  -88.717197379   -1.689737953    7.883860759
   -1.618396215    2.443460953  -89.223165750   -2.497182307   11.641742354
   -1.427996661    2.443460953  -89.179475710    4.238224762   14.932852383
   -1.237597106    2.443460953  -87.179198988   17.568550128   17.266728851
   -1.047197551    2.443460953  -82.323440406   33.345223500   18.353336547
   -0.856797996    2.443460953  -74.640949091   46.411131268   18.230143521
   -0.666398442    2.443460953  -65.059991737   52.737031456   17.204342484
   -0.475998887    2.443460953  -55.060160949   50.789338699   15.660180518
   -0.285599332    2.443460953  -46.179227929   41.285081765   13.845752579
   -0.095199777    2.443460953  -39.659695894   26.463045145   11.742687045
    0.095199777    2.443460953  -36.233814016    9.346629104    9.105136453
    0.285599332    2.443460953  -36.008504336   -6.528265190    5.636161237
    0.475998887    2.443460953  -38.387810838  -17.420662463    1.260042297
    0.666398442    2.443460953  -42.104370922  -20.166140914   -3.676939672
    0.856797996    2.443460953  -45.452849638  -13.658775408   -8.402983472
    1.047197551    2.443460953  -46.810428310    0.187949769  -11.993809719
    1.237597106    2.443460953  -45.210801096   16.433817128  -13.783011708
    1.427996661    2.443460953  -40.776787882   29.002924007  -13.692316188
    1.618396215    2.443460953  -34.709949292   33.019074781  -12.259080804
    1.808795770    2.443460953  -28.872482312   26.530526525  -10.369384816
    1.999195325    2.443460953  -25.195837229   10.770323542   -8.866129698
    2.189594880    2.443460953  -25.141054810  -10.815056029   -8.254191906
    2.379994435    2.443460953  -29.397209068  -33.719462738   -8.588927014
    2.570393989    2.443460953  -37.770606592  -53.306034931   -9.548189352
    2.760793544    2.443460953  -49.225276606  -65.487879130  -10.598724638
    2.951193099    2.443460953  -62.055168214  -67.473753810  -11.196469193

   -3.141592654    2.792526803  -76.912148109  -57.669327555    0.880323764
   -2.951193099    2.792526803  -86.242374727  -39.431152944    2.884998089
   -2.760793544    2.792526803  -91.709912944  -18.056287213    4.914600346
   -2.570393989    2.792526803  -93.301149419    0.360591593    6.840786601
   -2.379994435    2.792526803  -92.055236689   11.243134376    8.733417624
   -2.189594880    2.792526803  -89.580172201   13.411128860   10.849151707
   -1.999195325    2.792526803  -87.338620834    9.508990397   13.459477928
   -1.808795770    2.792526803  -86.021269798    4.628592365   16.614876323
   -1.618396215    2.792526803  -85.312426399    3.811330024   19.995634442
   -1.427996661    2.792526803  -84.138143272    9.646339197   22.969114618
   -1.237597106    2.792526803  -81.263572915   21.223718122   24.841517403
   -1.047197551    2.792526803  -75.920393853   34.777220339   25.156847977
   -0.856797996    2.792526803  -68.176478951   45.666767957   23.879069632
   -0.666398442    2.792526803  -58.913022949   50.221125612   21.342805911
   -0.475998887    2.792526803  -49.524726517   46.936603599   18.042435023
   -0.285599332    2.792526803  -41.488095791   36.270359868   14.365956242
   -0.095199777    2.792526803  -36.043340508   20.150443825   10.444474507
    0.095199777    2.792526803  -33.962020415    1.508853299    6.178451692
    0.285599332    2.792526803  -35.371457139  -15.799932903    1.430501450
    0.475998887    2.792526803  -39.599142655  -27.373880292   -3.716626973
    0.666398442    2.792526803  -45.165505344  -29.353655022   -8.801151075
    0.856797996    2.792526803  -50.054142739  -20.367179505  -13.047571464
    1.047197551    2.792526803  -52.347673352   -2.788725385  -15.664152137
    1.237597106    2.792526803  -50.936683474   17.364936471  -16.231474035
    1.427996661    2.792526803  -46.026285718   32.833703544  -14.924932554
    1.618396215    2.792526803  -39.088833047   38.030229495  -12.434275960
    1.808795770    2.792526803  -32.323496731   31.030731502   -9.632698260
    1.999195325    2.792526803  -27.931414785   13.678829682   -7.204265331
    2.189594880    2.792526803  -27.502100818   -9.764496516   -5.441688853
    2.379994435    2.792526803  -31.707591828  -34.127781096   -4.250658582
    2.570393989    2.792526803  -40.237771162  -54.400122053   -3.311665759
    2.760793544    2.792526803  -51.898272551  -66.422665147   -2.268861139
    2.951193099    2.792526803  -64.834128678  -67.570751327   -0.885690093
