#! FIELDS phi file.free der_phi
#! SET min_phi -pi
#! SET max_phi pi
#! SET nbins_phi  269
#! SET periodic_phi true
   -3.141592654  -67.496100838  -47.441854607
   -3.118235087  -68.670754586  -53.111756423
   -3.094877521  -69.952056362  -56.148269673
   -3.071519955  -71.263019381  -55.671149721
   -3.048162389  -72.521103407  -51.798330979
   -3.024804823  -73.654469370  -45.195358917
   -3.001447256  -74.618028963  -37.489821840
   -2.978089690  -75.412708748  -31.311054242
   -2.954732124  -76.101293995  -28.665168829
   -2.931374558  -76.769805555  -29.286579926
   -2.908016992  -77.469277728  -30.716231534
   -2.884659425  -78.184283079  -30.280989551
   -2.861301859  -78.853626273  -26.941374432
   -2.837944293  -79.417547159  -21.505980749
   -2.814586727  -79.845846519  -15.520230690
   -2.791229161  -80.149576398  -11.218050603
   -2.767871594  -80.387986963  -10.225619567
   -2.744514028  -80.649805328  -13.093700601
   -2.721156462  -81.006076695  -17.774702234
   -2.697798896  -81.453596379  -20.275081184
   -2.674441330  -81.897916954  -17.058554490
   -2.651083763  -82.203338443   -8.736605611
   -2.627726197  -82.295624717   -0.072828046
   -2.604368631  -82.232379789    3.917801938
   -2.581011065  -82.153336678    1.549169235
   -2.557653499  -82.178489057   -4.039471582
   -2.534295932  -82.320185148   -7.821661695
   -2.510938366  -82.497624932   -7.265581406
   -2.487580800  -82.623107320   -3.658521075
   -2.464223234  -82.664100862   -0.417117786
   -2.440865668  -82.648089264    1.219156372
   -2.417508101  -82.601588288    2.363702035
   -2.394150535  -82.519051122    4.354952977
   -2.370792969  -82.386040381    6.533809675
   -2.347435403  -82.215219202    7.443292912
   -2.324077837  -82.041572786    6.946657880
   -2.300720270  -81.879262965    6.810123456
   -2.277362704  -81.696166393    8.989303063
   -2.254005138  -81.434686791   13.059274708
   -2.230647572  -81.080655567   16.484170470
   -2.207290006  -80.684032550   16.222505986
   -2.183932439  -80.343259903   12.140961812
   -2.160574873  -80.118652677    6.816274090
   -2.137217307  -79.997216744    3.740326334
   -2.113859741  -79.905243752    4.217904802
   -2.090502175  -79.776362990    6.591030844
   -2.067144608  -79.594531537    8.187167518
   -2.043787042  -79.397751435    7.906504756
   -2.020429476  -79.228178000    6.025803583
   -1.997071910  -79.112748741    3.486515647
   -1.973714344  -79.056437621    0.930627958
   -1.950356778  -79.056120021   -1.269469045
   -1.926999211  -79.102604308   -2.922552287
   -1.903641645  -79.175761366   -3.481385208
   -1.880284079  -79.248117976   -3.091756276
   -1.856926513  -79.305326537   -2.274427757
   -1.833568947  -79.356910118   -2.863281275
   -1.810211380  -79.451116827   -6.051673860
   -1.786853814  -79.647827311  -11.342271033
   -1.763496248  -79.970296844  -16.404161582
   -1.740138682  -80.379068824  -18.291189426
   -1.716781116  -80.781609615  -15.939042308
   -1.693423549  -81.094614068  -11.003984134
   -1.670065983  -81.291810109   -6.693864257
   -1.646708417  -81.424248965   -5.758004723
   -1.623350851  -81.582837949   -8.672885665
   -1.599993285  -81.836382840  -13.540162087
   -1.576635718  -82.196344171  -17.234070630
   -1.553278152  -82.608678592  -18.070229908
   -1.529920586  -83.011671682  -16.633485760
   -1.506563020  -83.373753877  -14.780996072
   -1.483205454  -83.697456742  -13.276964259
   -1.459847887  -83.980478593  -11.220532481
   -1.436490321  -84.195609438   -7.253017549
   -1.413132755  -84.298117240   -1.658220011
   -1.389775189  -84.262646045    4.131802007
   -1.366417623  -84.098699587    9.381858306
   -1.343060056  -83.828003861   13.118123816
   -1.319702490  -83.496952151   14.358537082
   -1.296344924  -83.178602292   11.918335948
   -1.272987358  -82.952512816    6.778827879
   -1.249629792  -82.840928144    2.977287322
   -1.226272225  -82.758123940    4.859444587
   -1.202914659  -82.551848544   13.292628722
   -1.179557093  -82.109573001   24.065559793
   -1.156199527  -81.448880506   30.753949220
   -1.132841961  -80.719278456   30.120389709
   -1.109484394  -80.074959661   24.255691984
   -1.086126828  -79.567523023   19.490427678
   -1.062769262  -79.099885345   21.542334354
   -1.039411696  -78.493754909   30.723501783
   -1.016054130  -77.638544286   41.905643034
   -0.992696563  -76.563777217   48.573571657
   -0.969338997  -75.415780920   48.252224169
   -0.945981431  -74.335946309   43.381405589
   -0.922623865  -73.381026386   38.161009985
   -0.899266299  -72.526917984   34.945600808
   -0.875908732  -71.723350130   33.620842566
   -0.852551166  -70.931044863   34.045482741
   -0.829193600  -70.104480192   36.917127907
   -0.805836034  -69.180360891   42.061686529
   -0.782478468  -68.130062763   47.110145845
   -0.759120901  -67.003452891   47.834899161
   -0.735763335  -65.931617500   42.683917528
   -0.712405769  -65.026193508   34.560531659
   -0.689048203  -64.284108157   29.594468650
   -0.665690637  -63.579349124   31.424244765
   -0.642333070  -62.767265829   38.057294478
   -0.618975504  -61.798685180   43.968273952
   -0.595617938  -60.741929485   45.140030769
   -0.572260372  -59.711178520   42.426814096
   -0.548902806  -58.757139855   39.100116145
   -0.525545239  -57.858734950   37.707500824
   -0.502187673  -56.966554894   38.619545974
   -0.478830107  -56.038901158   40.451639085
   -0.455472541  -55.069892751   42.219522880
   -0.432114975  -54.070036870   42.871563310
   -0.408757408  -53.075308124   41.436110342
   -0.385399842  -52.148354456   36.832268746
   -0.362042276  -51.367973458   29.315201395
   -0.338684710  -50.779449289   21.094011423
   -0.315327144  -50.352503005   16.101071556
   -0.291969577  -49.974192494   16.991589450
   -0.268612011  -49.506833463   23.396595065
   -0.245254445  -48.863033737   31.326634977
   -0.221896879  -48.064251995   35.825069251
   -0.198539313  -47.233143614   33.880316211
   -0.175181746  -46.524571005   25.678032797
   -0.151824180  -46.051178911   14.565464619
   -0.128466614  -45.822873612    5.331852656
   -0.105109048  -45.747454349    1.897045120
   -0.081751482  -45.675251891    4.821259367
   -0.058393915  -45.495908012   10.439128602
   -0.035036349  -45.212780757   12.460964279
   -0.011678783  -44.966193870    7.076743077
    0.011678783  -44.927962557   -4.615881894
    0.035036349  -45.172126611  -15.771209356
    0.058393915  -45.598395948  -19.405403384
    0.081751482  -46.004618875  -14.574333077
    0.105109048  -46.263605907   -8.332795695
    0.128466614  -46.452659484   -9.865369416
    0.151824180  -46.806635398  -22.100424613
    0.175181746  -47.510263221  -37.973004226
    0.198539313  -48.514820790  -46.174347383
    0.221896879  -49.548397320  -40.202133862
    0.245254445  -50.308352066  -24.290494554
    0.268612011  -50.690223522   -9.844341888
    0.291969577  -50.855793819   -6.944789433
    0.315327144  -51.119078998  -17.589652228
    0.338684710  -51.728718806  -35.283733742
    0.362042276  -52.740830053  -50.505236263
    0.385399842  -54.015277527  -57.541380076
    0.408757408  -55.357614244  -56.328522123
    0.432114975  -56.618114612  -51.532922258
    0.455472541  -57.767883484  -47.384768472
    0.478830107  -58.844187681  -45.274289113
    0.502187673  -59.882103852  -43.940098541
    0.525545239  -60.886962343  -42.115112728
    0.548902806  -61.847736138  -40.710276077
    0.572260372  -62.798343194  -41.278704307
    0.595617938  -63.796739002  -44.691142269
    0.618975504  -64.883385156  -48.217244483
    0.642333070  -66.011377126  -47.669291595
    0.665690637  -67.059703421  -41.413096574
    0.689048203  -67.925295841  -33.267566023
    0.712405769  -68.637435657  -29.035884496
    0.735763335  -69.336261105  -32.207888403
    0.759120901  -70.168030089  -39.408837352
    0.782478468  -71.145927162  -43.662511604
    0.805836034  -72.138362537  -40.386103549
    0.829193600  -72.980221200  -31.322243713
    0.852551166  -73.599039228  -22.683803275
    0.875908732  -74.069060023  -18.773961080
    0.899266299  -74.507142877  -19.438511934
    0.922623865  -74.972348076  -20.219300852
    0.945981431  -75.416118707  -17.635071786
    0.969338997  -75.760054353  -11.954062489
    0.992696563  -75.974504774   -7.145579200
    1.016054130  -76.117170908   -6.060127486
    1.039411696  -76.266305942   -6.872983502
    1.062769262  -76.414482285   -5.575904509
    1.086126828  -76.477050328    0.514784128
    1.109484394  -76.362453044    9.026938872
    1.132841961  -76.062920074   15.670709848
    1.156199527  -75.650887725   18.716035695
    1.179557093  -75.193723823   20.159625015
    1.202914659  -74.691658962   22.836707682
    1.226272225  -74.102981109   27.256836679
    1.249629792  -73.406163887   31.749339230
    1.272987358  -72.620819042   34.880010827
    1.296344924  -71.777132508   37.031326049
    1.319702490  -70.879028556   39.651693422
    1.343060056  -69.906648490   43.466545058
    1.366417623  -68.835145170   47.681511282
    1.389775189  -67.669127122   51.626623811
    1.413132755  -66.421165146   54.769398414
    1.436490321  -65.102094831   57.916799917
    1.459847887  -63.702009156   61.600251463
    1.483205454  -62.206199846   66.146929203
    1.506563020  -60.601016435   70.864787542
    1.529920586  -58.892628512   75.006148341
    1.553278152  -57.098483366   77.994997800
    1.576635718  -55.251733982   79.412352320
    1.599993285  -53.399663130   78.317954250
    1.623350851  -51.605383061   74.659096745
    1.646708417  -49.912385847   69.941131907
    1.670065983  -48.312248655   67.205336868
    1.693423549  -46.731681664   68.583424033
    1.716781116  -45.072544384   73.598223454
    1.740138682  -43.278909653   79.321167843
    1.763496248  -41.377471587   82.356444292
    1.786853814  -39.462460817   80.466206241
    1.810211380  -37.648001152   74.055143099
    1.833568947  -36.009480527   65.952290929
    1.856926513  -34.540625162   60.071974243
    1.880284079  -33.152872439   59.424718059
    1.903641645  -31.714174668   64.250950517
    1.926999211  -30.121752602   72.053520058
    1.950356778  -28.350738295   78.719578521
    1.973714344  -26.474753904   80.760316114
    1.997071910  -24.626573421   76.152913699
    2.020429476  -22.956943880   65.752118747
    2.043787042  -21.574920296   52.077700729
    2.067144608  -20.520750271   38.147400579
    2.090502175  -19.774795791   25.793138072
    2.113859741  -19.298819354   14.960470724
    2.137217307  -19.069057593    4.590760121
    2.160574873  -19.077678685   -5.280015463
    2.183932439  -19.292528649  -12.860299097
    2.207290006  -19.636113276  -15.739216261
    2.230647572  -19.985237890  -13.610403053
    2.254005138  -20.242332351   -8.279623168
    2.277362704  -20.374810071   -3.582704371
    2.300720270  -20.442381828   -3.131911229
    2.324077837  -20.569726849   -8.802710098
    2.347435403  -20.888942568  -19.134945690
    2.370792969  -21.466574776  -30.236603270
    2.394150535  -22.271804615  -38.108114547
    2.417508101  -23.211681251  -41.884763093
    2.440865668  -24.224677404  -45.246455304
    2.464223234  -25.356578732  -52.671894600
    2.487580800  -26.723467922  -64.938211784
    2.510938366  -28.389960012  -77.176590719
    2.534295932  -30.271757877  -82.467964945
    2.557653499  -32.159556773  -77.722298358
    2.581011065  -33.851962102  -66.882494483
    2.604368631  -35.298892497  -58.120189528
    2.627726197  -36.629904024  -57.403481494
    2.651083763  -38.038970276  -63.995601362
    2.674441330  -39.626470114  -71.313108809
    2.697798896  -41.317619357  -72.284601383
    2.721156462  -42.933837809  -65.021156443
    2.744514028  -44.330182165  -54.729758966
    2.767871594  -45.523905840  -48.730398190
    2.791229161  -46.670084801  -50.780948170
    2.814586727  -47.939063770  -58.519464635
    2.837944293  -49.403016016  -66.477050362
    2.861301859  -51.010500122  -70.580240159
    2.884659425  -52.659733047  -70.335978233
    2.908016992  -54.276147118  -67.948245385
    2.931374558  -55.837360704  -66.164591535
    2.954732124  -57.375514612  -65.886656522
    2.978089690  -58.919054654  -66.582995474
    3.001447256  -60.469449128  -65.911328261
    3.024804823  -61.966746139  -61.920309712
    3.048162389  -63.327973216  -54.242106083
    3.071519955  -64.493253310  -45.932496988
    3.094877521  -65.496718449  -41.191061838
    3.118235087  -66.457393303  -42.172362634
